Data Quantity : 14  Accelerometer : 3  Gyroscope : 3  FSR : 5







-1633 1438 -113 -173 -89 52 0 0 0 0 1 211 42 150 
-1594 1404 -106 -198 -100 71 0 0 0 0 1 209 46 149 
-1544 1382 -104 -218 -84 101 0 0 0 0 1 197 47 150 
-1513 1361 -98 -218 -78 117 0 0 0 0 1 202 46 146 
-1470 1319 -89 -209 -98 123 0 0 0 0 1 212 49 151 
-1468 1315 -88 -197 -105 117 0 0 0 0 1 206 57 143 
-1430 1298 -64 -185 -114 112 0 0 0 0 1 208 55 145 
-1420 1287 -71 -172 -169 121 0 0 0 0 1 212 61 144 
-1448 1277 -104 -135 -258 133 0 0 0 0 1 201 52 154 
-1443 1274 -104 -113 -282 149 0 0 0 0 1 211 47 157 
-1459 1247 -121 -74 -289 170 0 0 0 0 1 208 62 152 
-1462 1244 -154 -42 -258 173 0 0 0 0 1 211 67 152 
-1496 1237 -158 -1 -150 147 0 0 0 0 1 213 62 159 
-1518 1244 -154 25 -98 106 0 0 0 0 1 212 56 144 
-1581 1252 -194 72 -62 33 0 0 0 0 1 204 57 152 
-1528 1273 -172 94 -27 -8 0 0 0 0 1 220 52 152 
-1579 1266 -189 114 -38 -27 0 0 0 0 1 221 63 160 
-1616 1271 -192 121 -68 -37 0 0 0 0 1 218 57 147 
-1652 1279 -193 119 -73 -57 0 0 0 0 1 215 57 147 
-1680 1272 -196 101 -13 -64 0 0 0 0 1 206 52 154 
-1680 1291 -193 77 85 -70 0 0 0 0 1 213 57 154 
-1677 1317 -180 59 83 -70 0 0 0 0 1 215 47 150 
-1676 1319 -132 23 -88 -54 0 0 0 0 1 226 58 153 
-1645 1307 -144 -2 -227 -23 0 0 0 0 1 208 60 161 
-1596 1296 -128 -33 -300 32 0 0 0 0 1 215 55 157 
-1529 1269 -123 -55 -273 71 0 0 0 0 1 209 63 158 
-1516 1244 -130 -71 -185 105 0 0 0 0 1 219 51 153 
-1489 1236 -110 -78 -119 104 0 0 0 0 1 219 61 172 
-1484 1229 -120 -83 -37 60 0 0 0 0 1 208 60 164 
-1395 1194 -110 -90 69 -5 0 0 0 0 1 218 60 161 
-1374 1175 -104 -93 142 -64 0 0 0 0 1 213 47 166 
-1325 1165 -122 -90 206 -160 0 0 0 0 1 215 52 157 
-1289 1139 -138 -81 209 -229 0 0 0 0 1 218 57 159 
-1252 1116 -153 -51 198 -334 0 0 0 0 1 215 57 157 
-1206 1075 -180 -24 230 -415 0 0 0 0 1 201 52 159 
-1181 1028 -240 45 300 -558 0 0 0 0 1 212 51 165 
-1165 1004 -289 149 432 -765 0 0 0 0 1 222 47 164 
-1173 998 -312 226 559 -947 0 0 0 0 1 217 34 146 
-1225 971 -369 378 708 -1285 0 0 0 0 1 208 35 152 
-1382 995 -422 488 838 -1555 0 0 0 0 1 221 26 139 
-1472 1031 -437 628 1195 -1935 0 0 0 0 1 213 20 145 
-1566 1042 -460 676 1484 -2123 0 0 0 0 1 209 12 142 
-1656 1021 -449 648 1822 -2278 0 0 0 0 1 207 9 125 
-1852 1079 -385 429 1981 -2259 0 0 0 0 1 201 13 124 
-2009 1073 -359 177 1973 -2123 0 0 0 0 1 205 2 125 
-2072 1068 -412 -312 1806 -1814 0 0 0 0 1 186 -9 109 
-2339 1120 -507 -704 1693 -1658 0 0 0 0 1 185 -11 110 
-2572 1138 -562 -1385 1730 -1613 0 0 0 0 1 179 -12 109 
-2655 1204 -704 -1870 1884 -1682 0 0 0 0 1 184 -12 100 
-2683 1292 -747 -2599 2208 -1885 0 0 0 0 1 176 -14 90 
-2642 1272 -687 -3310 2283 -2075 0 0 0 0 1 169 -14 81 
-2459 1262 -605 -3768 2087 -2173 0 0 0 0 1 165 -19 79 
-2400 1265 -554 -4563 1563 -2417 0 0 0 0 1 159 -1 77 
-2376 1281 -612 -4865 1372 -2557 0 0 0 0 1 152 11 57 
-2406 1329 -665 -5189 1365 -2743 0 0 0 0 1 158 2 65 
-2372 1332 -621 -5429 1565 -2816 0 0 0 0 1 153 19 60 
-2336 1294 -617 -5531 1667 -2815 0 0 0 0 1 142 35 59 
-2368 1310 -478 -5666 1920 -2863 0 0 0 0 1 129 41 55 
-2371 1350 -149 -5764 1995 -2910 0 0 0 0 1 133 52 59 
-2361 1318 -121 -5855 1722 -2928 0 0 0 0 1 132 49 58 
-2464 1347 -9 -5886 1287 -2934 0 0 0 0 1 128 67 71 
-2466 1291 111 -5858 952 -2910 0 0 0 0 1 142 69 68 
-2628 1294 158 -5719 671 -2983 0 0 0 0 1 138 77 61 
-2668 914 230 -5586 602 -2962 0 0 0 0 1 134 93 69 
-2635 652 421 -5418 750 -2828 0 0 0 0 1 141 93 81 
-2639 561 706 -5399 966 -2677 0 0 0 0 1 139 115 86 
-2633 347 1309 -5528 1044 -2359 0 0 0 0 1 139 125 100 
-2670 129 1539 -5586 799 -2143 0 0 0 0 1 140 123 105 
-2669 10 1555 -5517 297 -1811 0 0 0 0 1 139 125 114 
-2450 -296 1771 -5378 195 -1581 0 0 0 0 1 135 145 119 
-2337 -325 1958 -4987 562 -1288 0 0 0 0 1 153 152 125 
-2156 -566 2343 -4583 947 -1091 0 0 0 0 1 152 160 138 
-2059 -755 2472 -3625 1416 -712 0 0 0 0 1 149 168 138 
-2181 -1169 2603 -2749 1843 -450 0 0 0 0 1 155 171 144 
-2643 -1639 2988 -1382 3012 -249 0 0 0 0 1 135 170 147 
-3497 -2327 4984 -622 3536 -80 0 0 0 0 1 141 179 137 
-3692 -2156 5592 1190 1779 702 0 0 0 0 1 143 166 116 
-4331 -2683 5057 4191 -2303 2071 0 0 0 0 1 138 170 126 
-4375 -2364 5526 6773 -5301 3261 0 0 0 0 1 143 164 123 
-4708 -2797 3596 11721 -7594 4639 0 0 0 0 1 159 150 119 
-4331 -3717 1893 14535 -6590 5539 0 0 0 0 1 154 148 110 
-3726 -4785 897 16971 -4271 7922 0 0 0 0 1 147 133 101 
-3686 -5721 -2396 18121 -3388 10096 0 0 0 0 1 159 109 75 
-4823 -7181 -6466 20454 -566 12935 0 0 0 0 1 141 98 60 
-5994 -8858 -10775 21295 4341 14379 0 0 0 0 1 102 55 17 
-4265 -8729 -10983 17656 13446 16069 0 0 0 0 1 58 24 -23 
-743 -9029 -4935 9270 13407 12710 0 0 0 0 1 7 -4 -46 
872 -8848 -1382 4468 7251 7222 0 0 0 0 1 -15 -28 -45 
2280 -7377 -626 -383 -2550 -1569 0 0 0 0 1 -18 -34 -46 
625 -5406 -2903 -3162 -5900 -6073 0 0 0 0 1 -3 -40 -31 
-1175 -3165 -2639 -7529 -7448 -8805 0 0 0 0 1 43 -11 -22 
-1564 -1837 -3397 -9015 -5954 -7603 0 0 0 0 1 70 22 -11 
-1573 -1046 -2561 -6960 -1995 -5358 0 0 0 0 1 89 31 9 
-1523 -551 -591 -4659 691 -4021 0 0 0 0 1 101 41 6 
-1230 396 293 -1348 2089 -1912 0 0 0 0 1 82 46 9 
-976 1018 1115 151 1249 -385 0 0 0 0 1 81 55 8 
-1071 1029 876 1462 -418 1428 0 0 0 0 1 73 44 11 
-1603 416 -503 1989 -588 2023 0 0 0 0 1 76 50 12 
-1817 106 -1374 2269 775 2083 0 0 0 0 1 75 36 -2 
-1665 32 -1973 2067 1753 1867 0 0 0 0 1 67 33 -5 
-1361 74 -2199 1357 1790 1461 0 0 0 0 1 55 38 -1 
-1246 -17 -2124 721 1179 1108 0 0 0 0 1 69 23 -15 
-1126 -68 -2306 -172 381 426 0 0 0 0 1 54 22 -4 
-980 -44 -2467 -778 101 -278 0 0 0 0 1 63 31 -4 
-937 -13 -2509 -1028 -7 -681 0 0 0 0 1 61 31 -6 
-858 59 -2405 -1279 -198 -1124 0 0 0 0 1 50 35 -10 
-763 76 -2345 -1411 -342 -1374 0 0 0 0 1 56 34 -4 
-582 24 -2332 -1418 -444 -1460 0 0 0 0 1 51 29 -6 
-572 -24 -2364 -1321 -689 -1592 0 0 0 0 1 70 41 6 
-777 -85 -2312 -1267 -944 -1770 0 0 0 0 1 62 45 3 
-1096 -83 -2225 -1300 -1404 -2197 0 0 0 0 1 68 44 6 
-1311 -151 -2172 -1403 -1684 -2477 0 0 0 0 1 75 36 13 
-1425 -131 -2095 -1667 -1799 -2832 0 0 0 0 1 93 45 10 
-1383 -54 -1785 -2054 -1643 -3012 0 0 0 0 1 103 41 25 
-1256 99 -1539 -2327 -1669 -2997 0 0 0 0 1 103 53 25 
-1226 253 -1432 -2681 -1842 -2824 0 0 0 0 1 106 44 27 
-1324 515 -1365 -2847 -1892 -2688 0 0 0 0 1 109 47 38 
-1452 591 -1315 -2971 -1764 -2499 0 0 0 0 1 119 47 45 
-1504 617 -1213 -2994 -1547 -2379 0 0 0 0 1 120 63 41 
-1767 694 -1016 -3025 -1246 -2311 0 0 0 0 1 126 67 40 
-1980 873 -498 -3088 -1191 -2262 0 0 0 0 1 135 57 54 
-2067 871 -381 -3209 -1345 -2079 0 0 0 0 1 151 61 65 
-2159 890 -233 -3330 -1540 -1874 0 0 0 0 1 148 71 69 
-2411 963 162 -3443 -1545 -1797 0 0 0 0 1 141 85 74 
-2603 1016 295 -3608 -1375 -1809 0 0 0 0 1 158 88 81 
-2820 1025 565 -3730 -1071 -1881 0 0 0 0 1 163 79 96 
-2878 1065 1053 -3995 -442 -1959 0 0 0 0 1 166 84 96 
-2782 978 1233 -4258 -224 -1828 0 0 0 0 1 167 88 109 
-2706 976 1265 -4368 -371 -1630 0 0 0 0 1 167 98 107 
-2980 837 1230 -4364 -584 -1378 0 0 0 0 1 173 96 117 
-3206 731 1293 -4287 -444 -1299 0 0 0 0 1 182 106 133 
-3250 558 1493 -4178 266 -1211 0 0 0 0 1 172 120 132 
-3265 328 1896 -4139 840 -1170 0 0 0 0 1 171 126 138 
-3296 237 2078 -4122 1345 -1134 0 0 0 0 1 176 120 135 
-3294 84 2144 -4115 1380 -1101 0 0 0 0 1 175 118 143 
-3352 -67 2217 -4160 1278 -1042 0 0 0 0 1 173 138 140 
-3509 -662 2545 -4257 1237 -1019 0 0 0 0 1 180 141 161 
-3589 -842 2773 -4490 1233 -1030 0 0 0 0 1 176 134 153 
-3574 -982 2830 -4650 962 -1025 0 0 0 0 1 174 152 162 
-3332 -1162 2580 -4601 753 -964 0 0 0 0 1 174 152 169 
-3140 -1161 2455 -4327 858 -802 0 0 0 0 1 172 159 172 
-2818 -1363 2391 -4050 1212 -631 0 0 0 0 1 181 159 183 
-2521 -1511 2393 -3578 2062 -263 0 0 0 0 1 176 174 172 
-1993 -1726 2699 -3121 3046 200 0 0 0 0 1 180 170 178 
-1912 -1882 2882 -2842 3606 525 0 0 0 0 1 169 179 174 
-1637 -2118 3308 -2549 4423 1172 0 0 0 0 1 166 172 173 
-1821 -2574 3878 -2376 4876 1639 0 0 0 0 1 136 196 169 
-2286 -3090 4414 -2026 5085 2335 0 0 0 0 1 135 202 161 
-3620 -3324 5381 -1140 4060 3144 0 0 0 0 1 116 217 140 
-4628 -3180 6059 -29 2601 3723 0 0 0 0 1 106 215 155 
-4822 -3408 6092 3296 -1219 5191 0 0 0 0 1 94 220 142 
-5332 -3251 4777 6780 -3820 6264 0 0 0 0 1 86 231 136 
-5744 -2770 4538 12135 -4272 7218 0 0 0 0 1 82 218 128 
-4146 -3532 1777 16170 -3509 8830 0 0 0 0 1 67 185 59 
-2735 -3478 902 17328 -4430 10762 0 0 0 0 1 55 165 36 
-1398 -4185 -2902 18132 -7159 14375 0 0 0 0 1 50 116 10 
-2904 -6939 -7939 19246 -3180 16038 0 0 0 0 1 48 82 -3 
-5891 -10512 -11183 16885 4363 15190 0 0 0 0 1 42 39 -13 
-5212 -12030 -12021 8566 8347 11722 0 0 0 0 1 4 26 -46 
2540 -11453 -8949 1155 6573 7035 0 0 0 0 1 -36 -8 -50 
5390 -8341 -9266 -521 4947 3919 0 0 0 0 1 -60 -6 -47 
5526 -5459 -7369 -1248 1996 -698 0 0 0 0 1 -64 -13 -40 
1192 -4641 -859 -3255 -2272 -4844 0 0 0 0 1 -61 -2 -46 
-948 -4083 231 -4802 -4634 -7013 0 0 0 0 1 -48 18 -45 
-1528 -3078 -226 -5500 -5262 -8029 0 0 0 0 1 -22 33 -38 
-1893 -1300 -937 -3848 -3380 -6812 0 0 0 0 1 14 44 -13 
-1663 -24 -1077 -2138 -1524 -5374 0 0 0 0 1 31 50 -5 
-1422 533 -741 -68 136 -2749 0 0 0 0 1 46 57 -10 
-1332 947 -904 938 -408 -156 0 0 0 0 1 35 44 -11 
-1498 769 -1376 1195 -750 1133 0 0 0 0 1 41 47 -12 
-1562 318 -2099 1252 -187 2304 0 0 0 0 1 43 42 -15 
-1595 -16 -2548 1032 602 2638 0 0 0 0 1 28 36 -16 
-1427 -259 -2621 458 1136 2772 0 0 0 0 1 20 40 -19 
-1132 -337 -2474 -113 693 2546 0 0 0 0 1 20 33 -19 
-1025 -661 -2565 -312 186 2183 0 0 0 0 1 22 47 -19 
-1046 -636 -2547 -435 -260 1353 0 0 0 0 1 10 42 -26 
-804 -559 -2528 -465 -368 401 0 0 0 0 1 14 44 -20 
-488 -386 -2293 -568 -582 -451 0 0 0 0 1 24 50 -12 
-274 -273 -2139 -692 -915 -884 0 0 0 0 1 23 51 -4 
-207 -146 -2052 -888 -1522 -1395 0 0 0 0 1 30 46 -13 
-436 -97 -2074 -1011 -2082 -1854 0 0 0 0 1 41 52 -8 
-841 -48 -2085 -1059 -2435 -2143 0 0 0 0 1 60 45 -3 
-1049 19 -2049 -1151 -3086 -2459 0 0 0 0 1 35 51 0 
-1320 82 -1883 -1260 -3550 -2565 0 0 0 0 1 89 49 11 
-1629 162 -1756 -1478 -4128 -2632 0 0 0 0 1 87 51 11 
-1661 278 -1545 -1804 -4191 -2588 0 0 0 0 1 106 46 34 
-1667 479 -1204 -2057 -4033 -2508 0 0 0 0 1 121 65 43 
-1662 576 -1118 -2350 -3726 -2333 0 0 0 0 1 138 50 57 
-1653 646 -1078 -2508 -3322 -2151 0 0 0 0 1 138 57 61 
-1965 801 -740 -2610 -3053 -2089 0 0 0 0 1 146 53 65 
-2038 844 -419 -2837 -2780 -2020 0 0 0 0 1 171 57 84 
-2304 1004 88 -3038 -2758 -2037 0 0 0 0 1 171 55 94 
-2262 1203 344 -3388 -2704 -2074 0 0 0 0 1 176 53 100 
-2101 1467 617 -3589 -2458 -2074 0 0 0 0 1 193 63 100 
-2049 1531 566 -3736 -1699 -2063 0 0 0 0 1 186 68 109 
-2102 1564 634 -3773 -526 -2052 0 0 0 0 1 202 61 116 
-2451 1373 1010 -3856 1370 -1345 0 0 0 0 1 188 83 146 
-3617 -534 2437 -3666 2084 -975 0 0 0 0 1 195 83 139 
-3581 -676 2564 -3460 2996 -438 0 0 0 0 1 197 101 136 
-3656 -796 2700 -3316 3142 -31 0 0 0 0 1 173 96 133 
-3711 -760 2698 -3200 2724 190 0 0 0 0 1 165 115 132 
-3612 -752 2579 -2929 1807 505 0 0 0 0 1 158 125 128 
-3410 -575 2453 -2709 1337 673 0 0 0 0 1 162 132 135 
-3137 -400 2186 -2307 882 864 0 0 0 0 1 166 133 133 
-2787 -203 1962 -1884 616 1012 0 0 0 0 1 171 143 119 
-2491 -52 1892 -1648 540 1113 0 0 0 0 1 158 149 139 
-2204 32 1862 -1416 498 1284 0 0 0 0 1 159 160 133 
-1803 29 1916 -1357 550 1416 0 0 0 0 1 147 155 143 
-1598 -63 2064 -1405 930 1556 0 0 0 0 1 155 157 135 
-1398 -3 2278 -1639 1753 1578 0 0 0 0 1 141 174 132 
-1153 143 2727 -1907 2502 1555 0 0 0 0 1 130 165 143 
-1219 -205 2977 -2337 3609 1520 0 0 0 0 1 123 199 140 
-1377 -1215 3388 -2577 4330 1568 0 0 0 0 1 128 195 133 
-1789 -1867 4070 -2850 4986 1782 0 0 0 0 1 115 198 137 
-2758 -1742 6242 -2862 4286 2161 0 0 0 0 1 84 215 132 
-2547 -1061 6407 -609 -304 4049 0 0 0 0 1 74 229 129 
-3217 -1878 3557 5655 -5143 6185 0 0 0 0 1 71 236 122 
-4774 -884 3806 10246 -4946 6314 0 0 0 0 1 60 224 115 
-5015 -1941 2240 16234 -3030 6138 0 0 0 0 1 70 203 86 
-3957 -3608 163 18869 -3436 6698 0 0 0 0 1 66 169 51 
-2555 -6066 -3215 20903 -7589 8524 0 0 0 0 1 55 121 33 
-3001 -8931 -4565 20314 -8722 9823 0 0 0 0 1 86 13 1 
-4274 -13368 -8583 18287 -4453 10440 0 0 0 0 1 102 -18 3 
-2096 -12732 -12178 12649 7081 11285 0 0 0 0 1 81 -35 -22 
441 -9179 -13997 7267 15130 9685 0 0 0 0 1 48 -42 -31 
1658 -3063 -10930 2636 11719 4669 0 0 0 0 1 7 -56 -46 
-572 -4056 -85 -1717 4368 362 0 0 0 0 1 -46 -57 -50 
-1037 -4256 1463 -7296 -5808 -4782 0 0 0 0 1 -20 -40 -47 
-79 -2882 -1073 -8925 -8196 -6587 0 0 0 0 1 9 -7 -30 
-86 -3075 -2680 -7932 -5637 -6686 0 0 0 0 1 41 3 -26 
-902 -2532 -1862 -5128 -371 -6117 0 0 0 0 1 54 26 -6 
-1354 -1156 14 -2764 1007 -4473 0 0 0 0 1 49 36 -9 
-1467 -533 163 -1605 651 -2521 0 0 0 0 1 44 39 -9 
-1430 161 -237 -1228 519 -1336 0 0 0 0 1 46 40 -5 
-1275 279 -914 -714 566 180 0 0 0 0 1 37 49 -6 
-1180 220 -1635 -390 893 891 0 0 0 0 1 42 41 -13 
-1177 -59 -2092 -57 1271 1505 0 0 0 0 1 41 52 -5 
-1373 -199 -2165 -39 1252 1507 0 0 0 0 1 37 46 -13 
-1555 -512 -2237 -171 1080 1228 0 0 0 0 1 29 50 -12 
-1495 -382 -2157 -539 586 629 0 0 0 0 1 30 51 -13 
-1144 -320 -2139 -950 -102 130 0 0 0 0 1 23 56 -13 
-702 111 -2046 -1185 -558 -111 0 0 0 0 1 21 61 -23 
-571 146 -2254 -1295 -1339 -339 0 0 0 0 1 37 46 -6 
-383 177 -2393 -1261 -1643 -427 0 0 0 0 1 38 67 -10 
-449 306 -2419 -1154 -1708 -590 0 0 0 0 1 41 67 -5 
-663 265 -2405 -1063 -1707 -837 0 0 0 0 1 50 62 3 
-872 315 -2262 -1078 -1882 -978 0 0 0 0 1 54 71 2 
-905 236 -2227 -1235 -2312 -1115 0 0 0 0 1 63 76 9 
-1105 277 -1978 -1423 -2562 -1216 0 0 0 0 1 80 80 18 
-1198 195 -1796 -1810 -3017 -1423 0 0 0 0 1 86 79 19 
-1349 502 -1356 -2306 -3378 -1737 0 0 0 0 1 97 72 29 
-1447 485 -1169 -2618 -3474 -1978 0 0 0 0 1 103 88 39 
-1578 555 -1040 -3058 -3359 -2377 0 0 0 0 1 132 85 58 
-1447 642 -837 -3406 -3038 -2580 0 0 0 0 1 136 95 65 
-1496 740 -837 -3535 -2824 -2647 0 0 0 0 1 140 91 82 
-1613 806 -641 -3676 -2380 -2708 0 0 0 0 1 156 99 89 
-1812 752 -420 -3759 -1990 -2698 0 0 0 0 1 158 93 116 
-2108 814 -3 -3856 -1785 -2714 0 0 0 0 1 169 103 102 
-2168 905 219 -4046 -1452 -2695 0 0 0 0 1 175 99 117 
-2129 862 491 -4182 -1162 -2628 0 0 0 0 1 191 103 132 
-2135 779 576 -4330 -539 -2521 0 0 0 0 1 188 103 137 
-2510 618 841 -4402 -6 -2503 0 0 0 0 1 194 96 138 
-2847 350 1067 -4544 956 -2545 0 0 0 0 1 192 101 150 
-3212 192 1399 -4797 1887 -2627 0 0 0 0 1 185 104 152 
-3235 285 2189 -5060 2130 -2513 0 0 0 0 1 197 109 147 
-3120 202 2205 -5222 1577 -2020 0 0 0 0 1 192 96 147 
-3291 256 1952 -5080 1164 -1629 0 0 0 0 1 194 101 154 
-3658 56 2114 -4614 1223 -1134 0 0 0 0 1 181 115 162 
-4054 -366 2291 -3961 1874 -765 0 0 0 0 1 184 130 153 
-4241 -608 2496 -3529 2424 -565 0 0 0 0 1 191 117 155 
-4431 -768 2657 -3003 2951 -285 0 0 0 0 1 181 132 158 
-4519 -997 2783 -2771 2923 -35 0 0 0 0 1 173 133 145 
-4384 -1108 3035 -2657 2535 421 0 0 0 0 1 167 142 149 
-4435 -1239 3081 -2644 1931 806 0 0 0 0 1 166 138 152 
-4345 -1284 3014 -2573 1499 1019 0 0 0 0 1 161 158 150 
-4179 -1293 2926 -2308 1018 1284 0 0 0 0 1 158 164 144 
-3751 -1087 2459 -1818 778 1471 0 0 0 0 1 159 165 152 
-3463 -934 2263 -1427 798 1584 0 0 0 0 1 146 174 149 
-3147 -882 2254 -948 990 1771 0 0 0 0 1 142 175 152 
-2752 -726 2213 -715 1069 1892 0 0 0 0 1 138 182 145 
-2542 -782 2328 -571 1172 2075 0 0 0 0 1 135 199 152 
-2424 -1444 2859 -626 1397 2175 0 0 0 0 1 123 197 171 
-2483 -1648 2968 -814 1993 2173 0 0 0 0 1 112 209 145 
-2789 -1907 3576 -991 2389 2068 0 0 0 0 1 108 218 149 
-3120 -1776 3870 -901 1971 2051 0 0 0 0 1 96 215 146 
-2979 -1441 4965 -381 98 2574 0 0 0 0 1 104 219 140 
-2607 -1269 4521 1588 -2517 3950 0 0 0 0 1 83 219 140 
-2889 -795 3802 3653 -3139 4810 0 0 0 0 1 84 233 142 
-2580 -1080 4028 7038 -2422 6315 0 0 0 0 1 82 240 132 
-1887 -1064 3268 9447 -2344 7683 0 0 0 0 1 56 242 116 
-1810 -933 3112 12686 -3143 9879 0 0 0 0 1 40 215 81 
-1329 -2115 1821 15637 -4191 11923 0 0 0 0 1 33 193 46 
-1684 -3552 -1074 17535 -4069 12760 0 0 0 0 1 15 160 26 
-2349 -4926 -3135 19801 -2829 13201 0 0 0 0 1 12 94 -5 
-3876 -9721 -5988 19331 1056 11950 0 0 0 0 1 1 47 -24 
-3190 -11944 -6976 16201 2876 10047 0 0 0 0 1 -15 -72 -33 
-1715 -12196 -5747 7544 2007 5181 0 0 0 0 1 -20 -96 -29 
452 -11249 -5245 1981 -656 1259 0 0 0 0 1 -23 -105 -39 
1292 -6831 -9422 -2382 -5012 -3259 0 0 0 0 1 -7 -112 -34 
1509 -4895 -9760 -4967 -4268 -4633 0 0 0 0 1 16 -93 -27 
666 -3768 -6048 74 -1127 -329 0 0 0 0 1 30 4 -11 
-1518 204 -1607 482 -949 38 0 0 0 0 1 27 3 -26 
-1303 -117 -2285 550 -568 234 0 0 0 0 1 31 13 -12 
-1189 -179 -2332 215 -364 246 0 0 0 0 1 30 9 -23 
-1175 -514 -2421 -124 -414 141 0 0 0 0 1 37 7 -25 
-1183 -575 -2408 -667 -407 -193 0 0 0 0 1 29 11 -26 
-1192 -496 -2398 -999 -416 -480 0 0 0 0 1 41 -1 -12 
-1099 -397 -2424 -1392 -691 -893 0 0 0 0 1 38 13 -3 
-882 -243 -2334 -1697 -1237 -1226 0 0 0 0 1 43 15 -15 
-861 -22 -2281 -1869 -1623 -1434 0 0 0 0 1 38 33 -3 
-867 159 -2223 -2079 -2043 -1709 0 0 0 0 1 53 25 -5 
-996 227 -2162 -2266 -2154 -1958 0 0 0 0 1 53 33 -5 
-1300 311 -1954 -2396 -2150 -2099 0 0 0 0 1 63 31 4 
-1454 374 -1821 -2609 -2129 -2255 0 0 0 0 1 75 44 11 
-1644 515 -1494 -2790 -2075 -2333 0 0 0 0 1 89 56 20 
-1681 624 -1300 -3056 -2153 -2409 0 0 0 0 1 102 40 19 
-1523 963 -1319 -3185 -2484 -2377 0 0 0 0 1 109 52 19 
-1478 1069 -1339 -3178 -2663 -2276 0 0 0 0 1 109 62 33 
-1760 1111 -1183 -3155 -2661 -2172 0 0 0 0 1 128 60 52 
-2228 1099 -798 -3187 -2524 -2153 0 0 0 0 1 125 66 53 
-2365 999 -593 -3287 -2179 -2102 0 0 0 0 1 140 65 71 
-2356 871 -184 -3385 -1852 -2039 0 0 0 0 1 162 78 74 
-2303 892 -14 -3508 -1301 -1920 0 0 0 0 1 155 73 86 
-2267 963 246 -3641 -803 -1753 0 0 0 0 1 156 77 91 
-2364 1048 657 -3747 -619 -1651 0 0 0 0 1 160 95 97 
-2551 946 854 -3896 -621 -1585 0 0 0 0 1 158 95 93 
-2916 867 1152 -4040 -821 -1610 0 0 0 0 1 160 98 100 
-2910 732 920 -3981 -785 -1511 0 0 0 0 1 167 90 125 
-2525 620 980 -3799 13 -1207 0 0 0 0 1 167 98 128 
-2427 644 1035 -3657 870 -952 0 0 0 0 1 168 116 136 
-2507 703 1265 -3487 2055 -703 0 0 0 0 1 176 112 137 
-2856 517 1597 -3456 2502 -663 0 0 0 0 1 173 126 129 
-3089 284 1762 -3508 2558 -757 0 0 0 0 1 168 131 138 
-3502 -95 2048 -3613 2381 -936 0 0 0 0 1 168 133 133 
-3625 -278 2173 -3830 2049 -1251 0 0 0 0 1 156 141 133 
-3468 -348 2327 -4065 1670 -1426 0 0 0 0 1 169 147 135 
-3273 -366 2278 -4180 1344 -1395 0 0 0 0 1 166 153 133 
-3117 -408 2275 -4263 821 -1166 0 0 0 0 1 155 144 144 
-3029 -709 2318 -4247 553 -965 0 0 0 0 1 162 144 144 
-3047 -915 2368 -4109 402 -690 0 0 0 0 1 154 158 147 
-2944 -1123 2361 -3913 494 -553 0 0 0 0 1 155 166 153 
-2864 -1118 2325 -3447 879 -438 0 0 0 0 1 158 166 162 
-2732 -1059 2220 -3041 1336 -417 0 0 0 0 1 153 183 169 
-2491 -1067 2380 -2398 2228 -233 0 0 0 0 1 159 180 173 
-2024 -1549 2950 -1754 2953 266 0 0 0 0 1 152 182 168 
-2057 -1664 3095 -1341 3171 613 0 0 0 0 1 148 183 169 
-2991 -2436 3622 -768 3083 915 0 0 0 0 1 152 195 166 
-3468 -3601 4521 -389 3043 1241 0 0 0 0 1 149 197 159 
-3535 -3750 5408 427 2818 2006 0 0 0 0 1 141 196 153 
-4161 -2840 6171 1666 1494 2740 0 0 0 0 1 117 206 135 
-4411 -2374 5065 5483 -1843 4065 0 0 0 0 1 119 204 131 
-5568 -1496 5353 9782 -3123 4600 0 0 0 0 1 104 202 112 
-5581 -2090 4498 12095 -3946 4924 0 0 0 0 1 106 176 97 
-5331 -2477 3668 14139 -6848 5720 0 0 0 0 1 110 157 79 
-4547 -3639 1615 14639 -8313 6375 0 0 0 0 1 119 143 61 
-4458 -4969 -504 14549 -6248 7147 0 0 0 0 1 129 110 60 
-5797 -8474 -5355 13840 -4242 7571 0 0 0 0 1 126 96 50 
-6032 -10147 -8355 13764 -4197 7607 0 0 0 0 1 121 65 36 
-4415 -10781 -12233 14353 1359 8260 0 0 0 0 1 129 31 23 
-25 -9077 -15294 13701 8012 9298 0 0 0 0 1 113 19 13 
741 -6439 -9835 8705 11841 8590 0 0 0 0 1 68 19 -20 
2100 -4805 -4500 1989 3396 3893 0 0 0 0 1 47 -2 -37 
2106 -4463 -4547 -1372 -991 -25 0 0 0 0 1 43 1 -22 
821 -4183 -5196 -4675 -3233 -5056 0 0 0 0 1 40 -14 -23 
-15 -3980 -2407 -6372 -3773 -6556 0 0 0 0 1 60 8 -15 
391 -3677 -1092 -6868 -3277 -6073 0 0 0 0 1 101 36 -2 
-472 -3000 -1071 -5354 -1223 -5351 0 0 0 0 1 97 33 19 
-912 -2462 -1013 -1978 3335 -4352 0 0 0 0 1 100 40 12 
-911 -1191 252 154 4559 -2680 0 0 0 0 1 82 36 -2 
-1094 -148 540 667 3013 -1335 0 0 0 0 1 71 28 3 
-1298 274 -10 960 1410 208 0 0 0 0 1 62 33 1 
-1428 310 -1760 1231 1567 908 0 0 0 0 1 58 22 -2 
-1411 23 -2775 1575 2720 1759 0 0 0 0 1 50 8 -10 
-1387 -104 -2667 1336 3883 2391 0 0 0 0 1 34 11 -5 
-1308 -277 -2495 844 4185 2576 0 0 0 0 1 30 12 -20 
-1129 -513 -2336 5 4177 2511 0 0 0 0 1 0 26 -23 
-646 -585 -2462 -475 3717 1982 0 0 0 0 1 -21 17 -23 
-485 -480 -2432 -579 3172 1406 0 0 0 0 1 -14 7 -23 
-526 -442 -2285 -639 2157 277 0 0 0 0 1 -40 7 -18 
-829 -535 -1964 -718 1248 -557 0 0 0 0 1 -55 18 -26 
-966 -409 -1619 -1054 -247 -1710 0 0 0 0 1 -48 20 -24 
-998 -276 -1591 -1581 -1598 -2503 0 0 0 0 1 -23 22 -20 
-720 -72 -1770 -2056 -2430 -2746 0 0 0 0 1 -30 22 -27 
-315 118 -2172 -2225 -2503 -2693 0 0 0 0 1 -20 38 -17 
-249 317 -2391 -2191 -2066 -2595 0 0 0 0 1 -11 44 -11 
-547 460 -2427 -1977 -1655 -2676 0 0 0 0 1 2 49 -9 
-1018 568 -2147 -1868 -1676 -2827 0 0 0 0 1 3 55 -12 
-1355 616 -1973 -1871 -2182 -3108 0 0 0 0 1 18 66 -4 
-1913 638 -1528 -2038 -2488 -3298 0 0 0 0 1 31 60 -1 
-2009 697 -1140 -2458 -2647 -3408 0 0 0 0 1 31 74 -5 
-1881 877 -954 -2871 -2554 -3207 0 0 0 0 1 49 76 -6 
-1710 1119 -634 -3069 -2487 -2931 0 0 0 0 1 51 76 23 
-1832 1211 -563 -3169 -2488 -2490 0 0 0 0 1 69 96 24 
-2077 1057 -395 -3122 -2368 -2197 0 0 0 0 1 89 88 32 
-2528 978 -109 -3080 -2092 -2155 0 0 0 0 1 95 109 43 
-2684 940 -7 -2978 -1485 -2195 0 0 0 0 1 102 94 36 
-2515 927 144 -2825 -901 -2145 0 0 0 0 1 103 105 58 
-2538 1074 296 -2703 -658 -2088 0 0 0 0 1 110 105 62 
-2541 1370 651 -2617 -679 -1976 0 0 0 0 1 117 120 72 
-2569 1346 697 -2591 -1358 -1832 0 0 0 0 1 125 117 79 
-2890 1132 752 -2617 -1859 -1800 0 0 0 0 1 121 121 71 
-3097 999 758 -2742 -1928 -1850 0 0 0 0 1 134 134 88 
-3410 616 790 -2887 -1398 -1901 0 0 0 0 1 140 118 98 
-3351 272 1235 -3241 -49 -1881 0 0 0 0 1 141 115 104 
-3349 289 1589 -3710 1039 -1790 0 0 0 0 1 154 138 115 
-3408 446 1702 -3950 1102 -1742 0 0 0 0 1 147 128 108 
-3470 577 1694 -4134 225 -1695 0 0 0 0 1 145 145 117 
-3490 565 1573 -4135 -496 -1681 0 0 0 0 1 142 136 126 
-3716 430 1639 -4109 -1064 -1778 0 0 0 0 1 160 142 130 
-4174 -171 1860 -4148 -976 -1904 0 0 0 0 1 158 157 149 
-4285 -505 1985 -4232 -707 -1921 0 0 0 0 1 163 158 159 
-4244 -770 2028 -4370 -144 -1845 0 0 0 0 1 160 159 174 
-4094 -645 1962 -4404 268 -1825 0 0 0 0 1 175 160 175 
-3813 -446 1677 -4178 424 -1907 0 0 0 0 1 173 150 196 
-3748 -385 1551 -3642 36 -2075 0 0 0 0 1 194 158 196 
-3029 -703 1727 -3247 -224 -2005 0 0 0 0 1 180 153 201 
-2390 -1039 1889 -2711 -61 -1519 0 0 0 0 1 188 159 202 
-1534 -1493 2145 -2397 462 -988 0 0 0 0 1 194 155 215 
-613 -1889 2380 -2023 1876 378 0 0 0 0 1 189 160 213 
496 -2209 3624 -2069 3892 2283 0 0 0 0 1 181 166 204 
-129 -1886 5557 -2146 4010 3472 0 0 0 0 1 187 182 206 
-1202 -1271 5975 -1094 814 5081 0 0 0 0 1 165 191 193 
-3023 -1655 4983 1890 -1367 5978 0 0 0 0 1 155 203 193 
-3842 -2039 4206 4317 -728 5858 0 0 0 0 1 153 225 188 
-4073 -2645 4132 7179 490 5606 0 0 0 0 1 136 225 179 
-3862 -3075 4556 8498 -829 6107 0 0 0 0 1 106 225 144 
-3512 -3471 5138 8908 -2651 6784 0 0 0 0 1 104 224 119 
-3177 -3834 3664 10322 -4264 7403 0 0 0 0 1 96 203 104 
-3022 -3997 2533 11543 -4629 7240 0 0 0 0 1 86 199 94 
-2472 -4943 -522 13666 -7532 6684 0 0 0 0 1 75 181 62 
-2835 -5740 -4682 15869 -10027 5721 0 0 0 0 1 80 169 48 
-2455 -7870 -12359 16512 -6755 5720 0 0 0 0 1 112 89 38 
-3035 -8980 -14431 13565 7087 6539 0 0 0 0 1 84 68 11 
-3765 -7944 -14775 7553 8837 5170 0 0 0 0 1 49 41 -13 
-626 -6269 -8588 2942 4931 3229 0 0 0 0 1 29 20 -22 
1756 -4613 -7690 -1869 -230 125 0 0 0 0 1 23 34 -30 
1601 -2738 -7787 -4029 -1224 -2652 0 0 0 0 1 36 45 -24 
914 -2839 -4160 -5121 -865 -3599 0 0 0 0 1 28 56 -25 
150 -2955 -1548 -5872 -1094 -3983 0 0 0 0 1 54 76 2 
-1534 -2512 1 -5167 -1422 -3953 0 0 0 0 1 58 90 11 
-1839 -1666 63 -2802 -503 -3537 0 0 0 0 1 77 98 9 
-1604 -531 -401 -490 1543 -2674 0 0 0 0 1 66 93 20 
-1559 -187 -225 343 2181 -1885 0 0 0 0 1 66 98 25 
-1514 170 -60 616 1428 -572 0 0 0 0 1 54 90 -6 
-1391 535 -619 573 771 240 0 0 0 0 1 63 78 6 
-1364 656 -1351 673 781 1132 0 0 0 0 1 54 83 0 
-1169 539 -2464 871 1296 1629 0 0 0 0 1 47 73 0 
-1125 490 -2605 890 1427 1760 0 0 0 0 1 43 77 -5 
-997 322 -2825 627 1186 1682 0 0 0 0 1 36 89 8 
-993 113 -2689 256 957 1478 0 0 0 0 1 24 77 -5 
-1104 -32 -2630 -360 630 957 0 0 0 0 1 23 80 0 
-1258 -114 -2594 -690 470 568 0 0 0 0 1 21 88 -4 
-703 364 -2187 -1198 639 188 0 0 0 0 1 18 88 -4 
-504 505 -1927 -1659 652 -34 0 0 0 0 1 16 95 -4 
-418 531 -1750 -1836 248 -154 0 0 0 0 1 16 85 -6 
-451 524 -1686 -1898 -532 -402 0 0 0 0 1 9 105 -2 
-720 529 -1774 -1825 -938 -651 0 0 0 0 1 29 101 5 
-917 564 -1922 -1560 -1263 -1081 0 0 0 0 1 24 109 8 
-1058 550 -1995 -1199 -1235 -1425 0 0 0 0 1 31 106 12 
-1030 590 -1779 -1011 -1037 -1580 0 0 0 0 1 44 112 9 
-914 702 -1575 -859 -775 -1725 0 0 0 0 1 46 111 15 
-927 686 -1381 -840 -656 -1815 0 0 0 0 1 50 111 24 
-1064 716 -1086 -1013 -424 -1983 0 0 0 0 1 47 122 16 
-1342 834 -885 -1395 -459 -2227 0 0 0 0 1 54 110 20 
-1671 825 -694 -1681 -640 -2396 0 0 0 0 1 55 128 33 
-1851 899 -493 -2066 -844 -2672 0 0 0 0 1 63 125 37 
-2022 1281 -606 -2210 -1032 -2970 0 0 0 0 1 64 109 29 
-1913 1478 -520 -2211 -1021 -3132 0 0 0 0 1 75 132 39 
-1813 1637 -448 -2110 -682 -3336 0 0 0 0 1 88 118 40 
-1802 1726 -555 -1973 -211 -3476 0 0 0 0 1 87 134 51 
-2148 1611 -407 -1864 708 -3775 0 0 0 0 1 102 116 52 
-3094 1105 93 -2055 1356 -4204 0 0 0 0 1 90 116 47 
-3477 1017 698 -2357 1160 -4393 0 0 0 0 1 102 104 52 
-3490 895 778 -2877 -113 -4374 0 0 0 0 1 100 116 66 
-3453 927 929 -3240 -907 -4237 0 0 0 0 1 113 107 55 
-3520 1087 867 -3619 -1186 -4011 0 0 0 0 1 120 105 74 
-3491 880 417 -3645 -490 -3669 0 0 0 0 1 121 116 82 
-3673 300 678 -3607 375 -3431 0 0 0 0 1 127 105 86 
-3950 32 1085 -3572 1570 -3140 0 0 0 0 1 134 117 93 
-4385 -385 1437 -3528 1838 -2951 0 0 0 0 1 136 125 93 
-4365 -502 1888 -3500 1336 -2500 0 0 0 0 1 127 115 93 
-4347 -494 1927 -3347 331 -1914 0 0 0 0 1 138 131 94 
-4235 -510 1998 -3175 -104 -1515 0 0 0 0 1 143 125 100 
-4168 -593 2008 -2813 -263 -992 0 0 0 0 1 141 130 111 
-4015 -774 1962 -2521 -196 -687 0 0 0 0 1 138 141 110 
-3839 -897 1952 -2062 -64 -299 0 0 0 0 1 143 144 111 
-3703 -952 1971 -1655 -48 51 0 0 0 0 1 149 138 122 
-3405 -945 2008 -1432 -91 269 0 0 0 0 1 153 152 118 
-3154 -847 2002 -1158 -101 613 0 0 0 0 1 148 154 132 
-2506 -809 2248 -990 173 1059 0 0 0 0 1 142 150 122 
-2406 -827 2379 -910 399 1320 0 0 0 0 1 139 169 132 
-2548 -944 2477 -771 642 1493 0 0 0 0 1 142 168 119 
-2783 -1440 2836 -672 874 1516 0 0 0 0 1 138 172 126 
-2730 -1587 3211 -469 1424 1644 0 0 0 0 1 139 191 139 
-2998 -1650 3925 -251 1608 1796 0 0 0 0 1 129 186 121 
-3099 -1476 4329 590 744 2346 0 0 0 0 1 123 197 136 
-3455 -1416 4116 1750 -356 2976 0 0 0 0 1 112 202 110 
-3673 -1151 4562 4186 -2057 4358 0 0 0 0 1 108 179 109 
-3452 -475 4404 8042 -4764 6415 0 0 0 0 1 109 185 98 
-3682 -186 2774 11067 -5599 7573 0 0 0 0 1 120 179 90 
-3369 -956 2273 14599 -5083 9293 0 0 0 0 1 106 166 72 
-3761 -4140 -610 16129 -4412 10411 0 0 0 0 1 96 157 55 
-4823 -5621 -2293 16289 -1641 11299 0 0 0 0 1 86 126 26 
-5670 -8248 -5005 14811 972 10975 0 0 0 0 1 63 100 6 
-4952 -11599 -7718 12591 2860 10163 0 0 0 0 1 40 36 -30 
-784 -11723 -9559 8540 5164 9800 0 0 0 0 1 17 8 -36 
4818 -8464 -11356 5763 8352 8268 0 0 0 0 1 -3 6 -45 
2730 -4554 -8393 3990 6732 5247 0 0 0 0 1 -30 -19 -41 
1901 -4279 -4577 -495 201 122 0 0 0 0 1 -46 -30 -40 
32 -4206 -2465 -3719 -3209 -3032 0 0 0 0 1 -36 -11 -45 
-1210 -3434 -2590 -6711 -5067 -6445 0 0 0 0 1 1 18 -36 
-737 -2870 -1982 -7164 -3907 -7116 0 0 0 0 1 22 30 -36 
-914 -1656 -1134 -6099 -2507 -6580 0 0 0 0 1 30 58 -18 
-974 -530 -424 -3505 -240 -5035 0 0 0 0 1 44 56 -6 
-792 51 -163 -1221 332 -2787 0 0 0 0 1 49 61 -4 
-918 501 -242 -228 124 -1352 0 0 0 0 1 44 58 6 
-1128 313 -717 634 182 153 0 0 0 0 1 49 61 0 
-1440 -351 -1847 853 904 718 0 0 0 0 1 44 58 -11 
-1477 -573 -2143 632 1288 700 0 0 0 0 1 40 58 -11 
-1432 -634 -2160 -100 1282 335 0 0 0 0 1 23 56 -13 
-1140 -589 -2230 -629 959 55 0 0 0 0 1 30 49 -13 
-925 -343 -2395 -1168 586 -354 0 0 0 0 1 23 61 -18 
-768 -280 -2669 -1281 392 -677 0 0 0 0 1 17 55 -8 
-480 -244 -2700 -1247 391 -848 0 0 0 0 1 22 65 -10 
-324 -178 -2633 -1189 328 -1136 0 0 0 0 1 22 62 -1 
-354 -96 -2411 -1194 128 -1413 0 0 0 0 1 28 66 -13 
-516 -131 -2281 -1304 -360 -1960 0 0 0 0 1 27 69 -5 
-944 -308 -2339 -1522 -694 -2678 0 0 0 0 1 33 80 -16 
-1340 -234 -2163 -1764 -834 -3169 0 0 0 0 1 35 76 0 
-1341 -48 -2029 -2201 -1428 -3625 0 0 0 0 1 48 84 -5 
-1247 148 -1803 -2658 -2206 -3652 0 0 0 0 1 61 85 20 
-906 470 -1784 -2856 -2613 -3486 0 0 0 0 1 66 85 13 
-905 698 -1891 -2899 -2661 -3245 0 0 0 0 1 69 84 22 
-1246 715 -1773 -2847 -2382 -3230 0 0 0 0 1 83 96 29 
-1865 611 -1474 -2780 -1833 -3452 0 0 0 0 1 100 89 33 
-2307 517 -1099 -2868 -1468 -3840 0 0 0 0 1 113 98 53 
-2789 336 -689 -3004 -1445 -4047 0 0 0 0 1 115 103 58 
-2695 497 -49 -3346 -1577 -4007 0 0 0 0 1 132 103 74 
-2408 717 401 -3748 -2084 -3429 0 0 0 0 1 149 91 68 
-2071 971 297 -3831 -2613 -2670 0 0 0 0 1 149 99 77 
-2229 976 210 -3636 -2243 -2163 0 0 0 0 1 155 105 93 
-2526 607 511 -3465 -1549 -1984 0 0 0 0 1 154 104 101 
-2796 307 613 -3171 -292 -1844 0 0 0 0 1 165 130 109 
-3070 -225 1110 -3028 501 -1767 0 0 0 0 1 175 116 122 
-3171 -247 1414 -2888 1291 -1639 0 0 0 0 1 156 118 124 
-3048 -11 1607 -2713 1513 -1418 0 0 0 0 1 159 109 112 
-2951 198 1642 -2561 1487 -1186 0 0 0 0 1 168 118 119 
-2922 208 1616 -2262 1361 -736 0 0 0 0 1 159 131 119 
-3925 -894 1885 -2511 944 -953 0 0 0 0 1 156 150 115 
-3727 -972 1755 -2438 1327 -956 0 0 0 0 1 148 152 125 
-3474 -944 1705 -2370 1522 -945 0 0 0 0 1 142 163 133 
-3251 -774 1627 -2243 1433 -925 0 0 0 0 1 145 155 124 
-3126 -722 1651 -2107 1056 -903 0 0 0 0 1 146 157 139 
-3133 -908 1797 -2017 754 -887 0 0 0 0 1 139 164 128 
-3260 -1303 2018 -1886 247 -820 0 0 0 0 1 151 169 137 
-3283 -1624 2565 -1785 -110 -676 0 0 0 0 1 146 166 132 
-3052 -1552 2786 -1447 -653 -157 0 0 0 0 1 152 170 147 
-2831 -1301 3128 -835 -806 640 0 0 0 0 1 158 176 149 
-2472 -1329 3584 -286 -539 1347 0 0 0 0 1 152 180 145 
-2498 -1312 3864 881 -248 2635 0 0 0 0 1 153 171 151 
-2754 -1225 4510 1992 -792 3645 0 0 0 0 1 145 192 150 
-2947 -913 4673 4705 -3228 5224 0 0 0 0 1 140 192 150 
-3086 -636 3751 7322 -4755 6030 0 0 0 0 1 136 193 137 
-3050 -722 3144 11447 -4952 6756 0 0 0 0 1 135 202 133 
-2475 -1650 1440 14923 -3573 7743 0 0 0 0 1 122 174 109 
-1593 -3369 -120 16243 -1716 8813 0 0 0 0 1 110 161 72 
-1960 -4003 -1600 17011 -782 10578 0 0 0 0 1 97 126 45 
-3058 -8086 -6635 16538 675 11478 0 0 0 0 1 88 104 15 
-3627 -8993 -7465 14441 3254 10881 0 0 0 0 1 61 78 -4 
-2460 -9929 -9372 9256 4707 8855 0 0 0 0 1 41 40 -12 
1011 -7997 -10123 5675 5191 6901 0 0 0 0 1 31 18 -36 
1665 -5420 -8444 1435 4666 2793 0 0 0 0 1 -12 13 -36 
951 -4096 -6128 -1940 898 -1516 0 0 0 0 1 -15 6 -29 
880 -3473 -4081 -3891 -1418 -3316 0 0 0 0 1 -4 17 -23 
502 -3205 -3449 -5795 -2690 -4567 0 0 0 0 1 10 33 -36 
-265 -3186 -1852 -6241 -2415 -4743 0 0 0 0 1 16 46 -20 
-705 -2856 -1032 -5580 -1458 -4421 0 0 0 0 1 27 67 -5 
-921 -1782 -565 -3847 -216 -3572 0 0 0 0 1 27 91 1 
-867 -708 -183 -2620 367 -2780 0 0 0 0 1 47 98 2 
-909 -302 -97 -1180 698 -1533 0 0 0 0 1 56 85 2 
-1108 -60 -299 -277 780 -603 0 0 0 0 1 46 84 1 
-1239 -114 -954 127 773 -211 0 0 0 0 1 35 103 16 
-1259 -200 -1219 392 791 63 0 0 0 0 1 41 96 5 
-1258 -362 -1706 388 699 79 0 0 0 0 1 28 98 4 
-1253 -440 -1956 174 547 -123 0 0 0 0 1 38 91 1 
-1319 -495 -2219 -73 447 -369 0 0 0 0 1 23 98 -4 
-1346 -476 -2373 -492 87 -768 0 0 0 0 1 25 98 0 
-1390 -380 -2395 -882 -390 -1120 0 0 0 0 1 23 93 2 
-1351 -236 -2398 -1061 -601 -1308 0 0 0 0 1 30 95 6 
-1269 -83 -2399 -1172 -728 -1528 0 0 0 0 1 38 99 3 
-1158 108 -2263 -1180 -765 -1632 0 0 0 0 1 35 93 6 
-1133 265 -2057 -1217 -1058 -1671 0 0 0 0 1 40 103 13 
-1006 380 -1987 -1231 -1724 -1586 0 0 0 0 1 47 112 6 
-984 486 -2093 -1210 -2062 -1539 0 0 0 0 1 69 101 19 
-1132 492 -2098 -1218 -1991 -1611 0 0 0 0 1 69 104 24 
-1405 488 -1851 -1281 -1663 -1752 0 0 0 0 1 76 99 31 
-1508 717 -1562 -1486 -1127 -2046 0 0 0 0 1 74 104 31 
-1652 832 -1108 -1763 -1144 -2276 0 0 0 0 1 88 111 43 
-1723 964 -875 -1926 -1497 -2342 0 0 0 0 1 96 107 44 
-1799 1039 -781 -2085 -2048 -2337 0 0 0 0 1 110 110 53 
-2056 1049 -551 -2135 -2260 -2337 0 0 0 0 1 114 106 59 
-2454 1090 -304 -2120 -2156 -2407 0 0 0 0 1 133 101 57 
-2547 1058 -125 -2047 -1740 -2552 0 0 0 0 1 132 107 69 
-2663 1150 122 -1970 -1224 -2688 0 0 0 0 1 136 107 69 
-2679 1228 281 -1923 -895 -2691 0 0 0 0 1 143 98 81 
-2750 1170 386 -1932 -355 -2557 0 0 0 0 1 156 111 84 
-3214 1012 1222 -2085 17 -2432 0 0 0 0 1 151 98 90 
-3311 937 1374 -2405 269 -2203 0 0 0 0 1 154 101 94 
-3629 856 1554 -2640 113 -1937 0 0 0 0 1 156 99 91 
-3709 798 1422 -2633 131 -1589 0 0 0 0 1 153 103 107 
-3680 751 1530 -2570 441 -1314 0 0 0 0 1 149 101 101 
-3734 734 1640 -2447 965 -935 0 0 0 0 1 156 106 98 
-3907 635 1623 -2336 1135 -768 0 0 0 0 1 153 112 95 
-4034 574 1778 -2246 1146 -620 0 0 0 0 1 156 114 98 
-4065 257 2097 -2280 1093 -511 0 0 0 0 1 145 121 101 
-4076 140 2103 -2333 1052 -462 0 0 0 0 1 149 121 110 
-4004 28 2034 -2411 1020 -408 0 0 0 0 1 146 125 100 
-3777 -100 1995 -2484 1031 -373 0 0 0 0 1 153 139 111 
-3577 -111 1958 -2618 950 -310 0 0 0 0 1 146 139 114 
-3340 -99 1913 -2702 808 -242 0 0 0 0 1 147 138 110 
-3063 -78 1876 -2723 761 -219 0 0 0 0 1 142 153 124 
-2969 -16 1846 -2721 791 -274 0 0 0 0 1 145 160 122 
-2794 -49 1875 -2711 916 -437 0 0 0 0 1 142 160 133 
-2803 -19 2045 -2724 938 -636 0 0 0 0 1 146 171 125 
-2837 -44 2127 -2718 555 -996 0 0 0 0 1 134 161 132 
-2430 -282 2275 -2667 161 -1126 0 0 0 0 1 149 165 138 
-2150 -378 2291 -2479 -252 -1034 0 0 0 0 1 145 158 143 
-1632 -681 2568 -2320 -187 -735 0 0 0 0 1 153 179 160 
-1267 -881 2911 -2073 507 74 0 0 0 0 1 149 180 159 
-1025 -1283 3423 -1699 1388 1155 0 0 0 0 1 145 182 147 
-1668 -1652 4326 -1367 1589 1858 0 0 0 0 1 142 195 150 
-2102 -1414 5325 -443 31 3169 0 0 0 0 1 132 196 155 
-1993 -1705 4187 2407 -3349 5055 0 0 0 0 1 121 217 159 
-2493 -1474 3953 6853 -4516 6299 0 0 0 0 1 115 218 151 
-3010 -1340 2317 10278 -3993 6764 0 0 0 0 1 101 215 139 
-3149 -1244 1498 15035 -3057 7490 0 0 0 0 1 104 207 105 
-3005 -2077 -471 18839 -2608 8828 0 0 0 0 1 101 196 97 
-2557 -3984 -2745 20298 -1656 10079 0 0 0 0 1 95 155 52 
-3112 -5424 -3930 19853 -1338 11863 0 0 0 0 1 69 106 24 
-4523 -8818 -5408 17354 23 12201 0 0 0 0 1 64 62 3 
-4491 -10027 -6705 11151 4039 10891 0 0 0 0 1 41 -11 -33 
-2059 -9045 -9851 7450 6245 8558 0 0 0 0 1 7 -22 -32 
127 -6494 -9758 3538 6762 3340 0 0 0 0 1 -1 -38 -31 
241 -5130 -6781 -769 2221 -2003 0 0 0 0 1 -15 -47 -38 
642 -3861 -3289 -4055 -1756 -4124 0 0 0 0 1 -20 -40 -33 
364 -2905 -3604 -7203 -5202 -5214 0 0 0 0 1 -10 -15 -43 
-89 -2333 -4353 -7333 -4392 -4984 0 0 0 0 1 21 29 -23 
-509 -2181 -2872 -6412 -2591 -4548 0 0 0 0 1 35 44 -11 
-678 -1430 -1698 -4539 -544 -3674 0 0 0 0 1 44 58 -11 
-662 -999 -1195 -2974 346 -2673 0 0 0 0 1 50 60 1 
-671 -674 -555 -2345 625 -2096 0 0 0 0 1 38 69 3 
-686 -529 -463 -1765 534 -1457 0 0 0 0 1 47 78 -2 
-717 -349 -734 -1447 459 -1227 0 0 0 0 1 44 68 0 
-751 -278 -1158 -971 473 -1114 0 0 0 0 1 49 83 6 
-916 -119 -1362 -635 343 -1218 0 0 0 0 1 47 73 -4 
-1108 -175 -1486 -554 95 -1394 0 0 0 0 1 50 82 1 
-1258 -184 -1516 -630 -505 -1739 0 0 0 0 1 51 85 4 
-1370 -101 -1578 -770 -954 -1960 0 0 0 0 1 55 79 1 
-1353 -65 -1655 -1053 -1432 -2164 0 0 0 0 1 53 79 19 
-1193 58 -1783 -1406 -1344 -2143 0 0 0 0 1 55 82 15 
-1080 164 -1763 -1660 -1003 -2066 0 0 0 0 1 76 94 19 
-1023 286 -1639 -1991 -442 -1930 0 0 0 0 1 82 93 13 
-1041 480 -1509 -2110 -300 -1839 0 0 0 0 1 79 87 19 
-1202 450 -1461 -2107 -520 -1681 0 0 0 0 1 83 99 26 
-1265 669 -1361 -1948 -986 -1554 0 0 0 0 1 81 91 26 
-1606 678 -1375 -1789 -1237 -1550 0 0 0 0 1 92 95 37 
-1716 730 -1334 -1552 -1256 -1585 0 0 0 0 1 94 98 41 
-1570 772 -1238 -1373 -961 -1555 0 0 0 0 1 92 110 44 
-1524 887 -994 -1325 -667 -1533 0 0 0 0 1 115 112 44 
-1614 877 -829 -1410 -268 -1558 0 0 0 0 1 115 98 48 
-2090 790 -362 -1578 -212 -1620 0 0 0 0 1 112 101 59 
-2272 673 -48 -1991 -590 -1691 0 0 0 0 1 122 100 58 
-2556 588 127 -2447 -1339 -1789 0 0 0 0 1 114 99 57 
-2821 651 208 -2688 -1755 -1858 0 0 0 0 1 125 107 76 
-2738 728 325 -2933 -2026 -1885 0 0 0 0 1 140 114 73 
-2562 1068 369 -2998 -2062 -1850 0 0 0 0 1 142 109 82 
-2486 1182 409 -2957 -2035 -1789 0 0 0 0 1 154 131 108 
-2490 1173 457 -2839 -1993 -1683 0 0 0 0 1 160 120 104 
-2816 784 633 -2788 -1927 -1658 0 0 0 0 1 162 127 118 
-3066 565 998 -2876 -1661 -1677 0 0 0 0 1 166 133 129 
-3297 213 1535 -3039 -1460 -1668 0 0 0 0 1 174 125 135 
-3228 3 1675 -3293 -1246 -1552 0 0 0 0 1 171 121 147 
-3101 25 1925 -3446 -1191 -1421 0 0 0 0 1 186 120 151 
-3012 18 1952 -3555 -1434 -1147 0 0 0 0 1 187 128 161 
-2871 -33 1856 -3507 -1813 -942 0 0 0 0 1 191 132 172 
-2925 15 1892 -3344 -2466 -742 0 0 0 0 1 201 128 185 
-2884 123 1880 -3119 -2874 -657 0 0 0 0 1 189 136 199 
-2962 91 1952 -2978 -2873 -680 0 0 0 0 1 208 133 215 
-2851 -185 2088 -2761 -2483 -691 0 0 0 0 1 214 134 228 
-2220 -693 2167 -2567 -1856 -574 0 0 0 0 1 204 141 233 
-1991 -790 2189 -2191 -478 -314 0 0 0 0 1 218 145 245 
-1664 -803 2166 -1886 603 -115 0 0 0 0 1 201 136 252 
-1447 -658 2312 -1424 2125 286 0 0 0 0 1 207 139 253 
-1264 -561 2689 -1055 3039 800 0 0 0 0 1 209 144 249 
-1303 -508 2947 -913 3175 1179 0 0 0 0 1 209 149 225 
-1321 -490 3055 -730 2669 1794 0 0 0 0 1 195 157 216 
-1472 -665 3057 -574 2120 2160 0 0 0 0 1 194 163 222 
-1690 -759 3135 -350 1514 2477 0 0 0 0 1 191 169 216 
-1939 -1052 3118 -123 1478 2577 0 0 0 0 1 181 183 216 
-1884 -1425 3221 -16 1916 2617 0 0 0 0 1 173 192 208 
-1800 -1621 3579 -22 2938 2703 0 0 0 0 1 161 192 199 
-1995 -1412 4208 -31 3208 2748 0 0 0 0 1 152 204 196 
-2143 -1188 4609 238 2286 2886 0 0 0 0 1 149 202 194 
-2194 -913 4794 1128 719 3112 0 0 0 0 1 139 210 179 
-2250 -567 5231 2016 97 3259 0 0 0 0 1 133 222 166 
-2252 -470 5161 3991 -691 3706 0 0 0 0 1 128 236 164 
-2327 -340 5241 5636 -1519 4226 0 0 0 0 1 109 226 154 
-2429 -368 4837 8701 -3667 5471 0 0 0 0 1 101 220 137 
-2845 -1112 1650 12386 -3707 6908 0 0 0 0 1 96 220 114 
-3715 -1984 228 14337 -864 7710 0 0 0 0 1 89 196 88 
-4501 -1894 -1770 15708 3666 9143 0 0 0 0 1 66 203 62 
-4719 -3492 -5174 15243 4619 10066 0 0 0 0 1 50 155 22 
-4618 -5695 -5572 11622 1976 9635 0 0 0 0 1 8 121 -17 
-1548 -9023 -8044 6287 -1911 6822 0 0 0 0 1 -22 60 -43 
1666 -8689 -10350 3347 -1376 4880 0 0 0 0 1 -21 56 -39 
4039 -6640 -11586 992 1141 2510 0 0 0 0 1 -9 44 -39 
3046 -3453 -9602 28 1220 624 0 0 0 0 1 -15 50 -50 
1712 -2531 -7438 -1855 -1174 -2013 0 0 0 0 1 -14 49 -44 
394 -2880 -4372 -4122 -3009 -3620 0 0 0 0 1 -3 45 -33 
-1327 -2967 -2903 -4997 -3112 -4213 0 0 0 0 1 25 76 -18 
-1442 -2705 -1766 -4866 -1833 -4051 0 0 0 0 1 34 91 -19 
-945 -1754 -224 -3149 -369 -3102 0 0 0 0 1 41 94 5 
-915 -810 379 -863 967 -2226 0 0 0 0 1 51 98 11 
-949 -222 317 433 1070 -1630 0 0 0 0 1 43 104 1 
-1004 -23 -178 1669 440 -830 0 0 0 0 1 42 100 -2 
-1098 -33 -1049 1997 216 -470 0 0 0 0 1 43 96 3 
-1138 -21 -1584 1929 217 -185 0 0 0 0 1 40 78 -2 
-1037 59 -2138 1657 262 -86 0 0 0 0 1 41 74 1 
-888 132 -2446 1127 226 -19 0 0 0 0 1 43 60 -5 
-934 127 -2488 556 109 -107 0 0 0 0 1 38 69 -10 
-996 47 -2577 223 -70 -235 0 0 0 0 1 41 69 -3 
-892 48 -2553 -176 -337 -421 0 0 0 0 1 34 55 -15 
-684 46 -2436 -413 -432 -639 0 0 0 0 1 37 56 -6 
-707 130 -2423 -469 -394 -846 0 0 0 0 1 43 60 1 
-823 139 -2396 -479 -292 -1235 0 0 0 0 1 48 60 -3 
-1018 118 -2288 -464 -291 -1504 0 0 0 0 1 46 62 3 
-1133 108 -2193 -439 -487 -1829 0 0 0 0 1 48 62 -8 
-1228 311 -1877 -447 -678 -1958 0 0 0 0 1 55 45 -8 
-1064 204 -1929 -382 -1192 -1932 0 0 0 0 1 57 50 1 
-792 431 -1572 -364 -1440 -1761 0 0 0 0 1 57 45 -3 
-995 379 -1494 -362 -1420 -1718 0 0 0 0 1 62 42 10 
-1267 251 -1497 -330 -1167 -1815 0 0 0 0 1 77 46 4 
-1598 260 -1366 -293 -748 -2029 0 0 0 0 1 79 38 17 
-1419 300 -1387 -225 -517 -2122 0 0 0 0 1 77 41 11 
-1596 476 -1207 -167 -321 -2283 0 0 0 0 1 86 30 12 
-1776 538 -664 -232 -492 -2410 0 0 0 0 1 90 18 5 
-1671 577 -596 -276 -813 -2441 0 0 0 0 1 95 18 12 
-1581 680 -452 -386 -1336 -2432 0 0 0 0 1 96 17 9 
-1573 722 -304 -483 -1738 -2396 0 0 0 0 1 99 24 23 
-1496 655 -345 -494 -1902 -2345 0 0 0 0 1 106 12 27 
-1405 619 -411 -414 -1936 -2225 0 0 0 0 1 99 17 27 
-1470 582 -471 -306 -1828 -2171 0 0 0 0 1 119 11 31 
-1689 532 -419 -137 -1544 -2229 0 0 0 0 1 115 4 37 
-2040 353 -203 -16 -1203 -2463 0 0 0 0 1 129 -9 41 
-2282 314 -156 50 -985 -2675 0 0 0 0 1 135 -13 50 
-2301 323 -239 179 -663 -2945 0 0 0 0 1 121 -23 43 
-2145 348 -329 280 -468 -3028 0 0 0 0 1 128 -18 45 
-2053 280 -359 450 -224 -3018 0 0 0 0 1 122 -31 48 
