Data Quantity : 14  Accelerometer : 3  Gyroscope : 3  FSR : 5







-1898 737 -797 146 -90 13 0 0 0 0 1 100 18 31 
-1906 712 -804 111 -199 19 0 0 0 0 1 96 14 30 
-1897 698 -819 74 -319 28 0 0 0 0 1 102 18 31 
-1843 675 -862 63 -336 31 0 0 0 0 1 104 11 31 
-1844 675 -871 57 -279 24 0 0 0 0 1 102 20 36 
-1849 662 -929 64 -223 16 0 0 0 0 1 101 12 25 
-1828 681 -941 91 -139 5 0 0 0 0 1 107 6 26 
-1810 685 -955 109 -103 8 0 0 0 0 1 102 18 31 
-1792 665 -987 134 -41 39 0 0 0 0 1 93 6 40 
-1791 661 -958 127 30 70 0 0 0 0 1 104 13 19 
-1805 642 -908 111 122 99 0 0 0 0 1 99 12 27 
-1842 654 -894 96 149 101 0 0 0 0 1 100 1 38 
-1857 666 -890 97 132 76 0 0 0 0 1 102 13 29 
-1864 665 -882 101 85 51 0 0 0 0 1 102 6 36 
-1851 654 -850 96 38 34 0 0 0 0 1 108 12 30 
-1801 686 -796 66 40 33 0 0 0 0 1 99 17 32 
-1787 701 -794 12 27 48 0 0 0 0 1 106 14 30 
-1753 713 -797 -24 -24 76 0 0 0 0 1 112 6 31 
-1832 773 -611 174 137 -188 0 0 0 0 1 110 -4 34 
-1816 576 -581 175 187 -206 0 0 0 0 1 113 7 34 
-1772 515 -582 161 167 -182 0 0 0 0 1 106 12 27 
-1748 567 -584 111 64 -95 0 0 0 0 1 104 15 40 
-1640 663 -578 50 -18 8 0 0 0 0 1 106 12 32 
-1565 615 -587 -60 -142 203 0 0 0 0 1 101 14 34 
-1487 575 -659 -120 -210 343 0 0 0 0 1 110 9 27 
-1482 568 -754 -170 -236 518 0 0 0 0 1 104 8 33 
-1541 527 -832 -174 -159 603 0 0 0 0 1 114 13 33 
-1549 381 -928 -145 113 685 0 0 0 0 1 100 13 29 
-1564 345 -939 -101 377 689 0 0 0 0 1 113 7 37 
-1634 413 -923 -43 628 646 0 0 0 0 1 113 12 27 
-1739 520 -960 82 827 514 0 0 0 0 1 107 18 26 
-1774 541 -1083 280 698 354 0 0 0 0 1 97 18 33 
-1802 659 -1237 431 485 250 0 0 0 0 1 93 13 26 
-1840 697 -1313 625 222 90 0 0 0 0 1 97 15 22 
-1896 708 -1288 699 221 -12 0 0 0 0 1 97 1 26 
-1845 677 -1241 691 435 -108 0 0 0 0 1 90 6 26 
-1760 635 -1210 623 614 -133 0 0 0 0 1 96 14 18 
-1672 612 -1175 462 782 -137 0 0 0 0 1 92 9 23 
-1611 591 -1097 271 797 -148 0 0 0 0 1 86 1 10 
-1593 573 -1048 130 728 -182 0 0 0 0 1 88 8 22 
-1546 527 -915 -84 483 -284 0 0 0 0 1 82 -2 20 
-1525 498 -855 -194 279 -391 0 0 0 0 1 82 7 23 
-1527 474 -910 -276 65 -593 0 0 0 0 1 83 -3 17 
-1480 514 -984 -289 28 -742 0 0 0 0 1 82 0 16 
-1442 534 -1020 -257 78 -950 0 0 0 0 1 84 2 13 
-1430 500 -1072 -211 124 -1083 0 0 0 0 1 83 11 24 
-1466 515 -1048 -156 198 -1277 0 0 0 0 1 73 -9 16 
-1517 496 -985 -137 237 -1386 0 0 0 0 1 77 -7 16 
-1606 515 -903 -163 141 -1455 0 0 0 0 1 73 -14 18 
-1601 568 -950 -179 -187 -1456 0 0 0 0 1 81 -11 10 
-1741 626 -1171 -136 -758 -1457 0 0 0 0 1 79 -1 19 
-1941 668 -1309 -69 -894 -1449 0 0 0 0 1 86 -8 15 
-1974 681 -1401 60 -714 -1381 0 0 0 0 1 76 -11 26 
-2098 569 -1533 165 -440 -1296 0 0 0 0 1 80 -7 23 
-2176 552 -1626 297 -46 -1139 0 0 0 0 1 90 -23 24 
-2398 573 -1533 277 174 -1006 0 0 0 0 1 79 -28 15 
-2610 566 -1290 135 272 -959 0 0 0 0 1 92 -29 25 
-2621 537 -1197 -227 90 -870 0 0 0 0 1 79 -28 17 
-2547 363 -1148 -530 -264 -765 0 0 0 0 1 81 -33 17 
-2487 332 -1133 -1023 -624 -617 0 0 0 0 1 92 -24 18 
-2484 251 -1397 -1283 -700 -582 0 0 0 0 1 82 -19 18 
-2456 253 -1557 -1578 -489 -658 0 0 0 0 1 84 -34 20 
-2401 278 -1719 -1793 -26 -840 0 0 0 0 1 101 -12 9 
-2225 162 -1708 -1949 251 -949 0 0 0 0 1 93 -15 24 
-2050 140 -1617 -2255 372 -1074 0 0 0 0 1 94 -2 27 
-1768 99 -1586 -2582 99 -1189 0 0 0 0 1 97 -3 22 
-1755 67 -1579 -2799 -150 -1327 0 0 0 0 1 84 12 11 
-1796 14 -1571 -3131 -298 -1630 0 0 0 0 1 94 24 23 
-1754 -87 -1682 -3321 -278 -1840 0 0 0 0 1 86 33 29 
-1731 -120 -1742 -3551 -46 -2145 0 0 0 0 1 89 41 23 
-1763 -55 -1678 -3729 288 -2406 0 0 0 0 1 96 46 34 
-1780 -71 -1658 -3803 452 -2543 0 0 0 0 1 95 57 26 
-3383 -405 986 -4256 1195 -2761 0 0 0 0 1 102 126 57 
-3377 -418 951 -4017 563 -2542 0 0 0 0 1 102 150 75 
-3427 -667 1086 -3567 -190 -2081 0 0 0 0 1 99 154 76 
-3548 -930 1522 -3248 -370 -1734 0 0 0 0 1 113 166 95 
-3429 -1157 1496 -2575 -131 -1148 0 0 0 0 1 95 155 84 
-3530 -1626 1775 -1756 672 -567 0 0 0 0 1 114 172 87 
-3779 -2053 2033 -1229 1216 -152 0 0 0 0 1 121 160 91 
-4154 -2585 2569 -538 1737 576 0 0 0 0 1 110 176 88 
-4746 -3047 3707 -94 1681 1252 0 0 0 0 1 99 169 102 
-5222 -2794 5294 790 111 2728 0 0 0 0 1 94 169 86 
-5559 -1662 5612 2573 -2758 4350 0 0 0 0 1 87 174 90 
-5770 -2147 3791 7645 -6259 7025 0 0 0 0 1 99 179 83 
-6335 -1706 3685 10942 -5788 8160 0 0 0 0 1 101 161 83 
-5721 -2822 2420 14288 -5102 10531 0 0 0 0 1 88 145 61 
-4625 -4134 286 14991 -4879 12755 0 0 0 0 1 100 121 52 
-4800 -4832 -2854 15511 -3405 15975 0 0 0 0 1 77 98 32 
-5700 -5841 -5989 15950 -269 17712 0 0 0 0 1 70 88 6 
-5488 -8390 -9628 15540 575 18116 0 0 0 0 1 43 40 -24 
-3093 -10594 -10599 11715 4537 17143 0 0 0 0 1 22 8 -22 
487 -11396 -10449 5545 9386 11823 0 0 0 0 1 -14 2 -48 
2619 -10664 -7957 1976 7730 6085 0 0 0 0 1 -35 -9 -46 
3648 -9339 -1984 -2499 231 -3143 0 0 0 0 1 -36 -3 -43 
1045 -6592 401 -5422 -5402 -7837 0 0 0 0 1 -34 -3 -33 
-777 -4010 238 -9103 -9058 -10798 0 0 0 0 1 -9 24 -41 
-1259 -1619 -3878 -9177 -7770 -10307 0 0 0 0 1 29 28 -31 
-1498 -849 -3267 -6626 -3697 -7615 0 0 0 0 1 50 47 -1 
-1495 30 -1111 -4191 -1179 -5289 0 0 0 0 1 100 77 19 
-1781 715 -735 -765 1532 -2204 0 0 0 0 1 88 77 24 
-1556 947 381 597 2182 -318 0 0 0 0 1 88 82 5 
-1884 687 612 1406 1488 1764 0 0 0 0 1 82 63 9 
-2075 348 -221 1570 614 2621 0 0 0 0 1 75 78 11 
-2070 290 -520 1564 645 2651 0 0 0 0 1 69 65 8 
-1786 268 -1307 1357 849 2292 0 0 0 0 1 62 67 12 
-1352 272 -1740 1066 705 1988 0 0 0 0 1 58 68 -2 
-1154 242 -2043 481 520 1459 0 0 0 0 1 54 53 -9 
-916 228 -2324 116 507 1091 0 0 0 0 1 61 73 2 
-769 123 -2348 -355 461 573 0 0 0 0 1 43 62 -8 
-646 19 -2282 -715 447 89 0 0 0 0 1 40 68 -2 
-487 -117 -2081 -880 470 -234 0 0 0 0 1 46 72 3 
-486 -150 -1980 -1021 441 -760 0 0 0 0 1 37 66 -2 
-392 -209 -1740 -1081 352 -1090 0 0 0 0 1 37 68 0 
-404 -241 -1594 -1155 31 -1576 0 0 0 0 1 51 76 -2 
-540 -214 -1578 -1248 -398 -2051 0 0 0 0 1 50 79 5 
-614 -216 -1657 -1305 -664 -2321 0 0 0 0 1 53 82 5 
-704 -238 -1785 -1350 -922 -2623 0 0 0 0 1 57 79 10 
-756 -107 -1950 -1354 -954 -2740 0 0 0 0 1 68 80 13 
-773 -113 -2006 -1350 -728 -2780 0 0 0 0 1 62 72 24 
-771 -145 -2004 -1351 -377 -2726 0 0 0 0 1 70 71 11 
-600 -56 -1992 -1338 252 -2575 0 0 0 0 1 77 78 18 
-632 -48 -1955 -1295 553 -2489 0 0 0 0 1 75 78 16 
-710 -85 -1877 -1237 795 -2455 0 0 0 0 1 74 87 17 
-1041 -76 -1628 -1231 836 -2549 0 0 0 0 1 69 72 24 
-1342 -24 -1465 -1290 745 -2858 0 0 0 0 1 60 72 24 
-1525 100 -1253 -1382 611 -3054 0 0 0 0 1 71 69 10 
-1455 232 -1036 -1637 364 -3140 0 0 0 0 1 77 85 18 
-1161 405 -885 -1814 223 -3028 0 0 0 0 1 77 73 25 
-1179 609 -930 -1973 155 -2774 0 0 0 0 1 75 83 23 
-1422 674 -858 -2014 246 -2626 0 0 0 0 1 71 72 17 
-1732 643 -764 -2007 354 -2627 0 0 0 0 1 86 74 24 
-2396 573 -443 -1990 460 -2690 0 0 0 0 1 73 78 25 
-2499 522 -299 -1979 447 -2761 0 0 0 0 1 77 90 32 
-2623 557 -313 -1916 210 -2770 0 0 0 0 1 93 84 36 
-3170 876 -364 -1825 321 -2803 0 0 0 0 1 75 95 27 
-3389 930 -149 -1824 751 -2783 0 0 0 0 1 84 83 30 
-3683 930 55 -1933 1445 -2704 0 0 0 0 1 92 93 41 
-3890 1036 258 -2047 1627 -2591 0 0 0 0 1 82 95 34 
-4195 927 309 -2224 1424 -2404 0 0 0 0 1 73 100 41 
-4514 969 477 -2336 1148 -2312 0 0 0 0 1 77 90 37 
-4722 894 419 -2441 917 -2284 0 0 0 0 1 68 93 34 
-5259 699 767 -2653 896 -2417 0 0 0 0 1 82 100 39 
-5506 377 850 -2784 741 -2501 0 0 0 0 1 73 103 44 
-5484 241 899 -2929 535 -2540 0 0 0 0 1 73 115 46 
-5242 71 967 -2984 187 -2402 0 0 0 0 1 77 127 58 
-4817 -6 863 -2915 -100 -2122 0 0 0 0 1 84 144 67 
-4451 -101 819 -2829 -198 -1899 0 0 0 0 1 86 133 64 
-4256 -167 637 -2618 -185 -1625 0 0 0 0 1 87 127 65 
-3857 -138 505 -2484 1 -1480 0 0 0 0 1 94 139 74 
-3368 -244 521 -2395 378 -1263 0 0 0 0 1 104 148 73 
-3144 -265 639 -2487 595 -1106 0 0 0 0 1 93 155 84 
-2899 -374 835 -2620 587 -1052 0 0 0 0 1 101 147 79 
-2611 -448 871 -2778 507 -1039 0 0 0 0 1 96 161 86 
-2461 -665 878 -2829 698 -1124 0 0 0 0 1 106 171 93 
-2482 -930 934 -2796 1095 -1257 0 0 0 0 1 100 168 108 
-2616 -1031 1384 -2800 2038 -1507 0 0 0 0 1 92 179 102 
-2388 -1222 2118 -2792 2501 -1510 0 0 0 0 1 104 180 105 
-2537 -1545 2458 -2563 2547 -1265 0 0 0 0 1 107 185 105 
-3045 -2256 3301 -1835 2205 -593 0 0 0 0 1 93 192 105 
-3748 -2775 3406 -746 2076 143 0 0 0 0 1 99 196 95 
-4472 -2971 3634 1712 1726 1660 0 0 0 0 1 89 201 109 
-5172 -2491 4771 3846 143 3186 0 0 0 0 1 77 179 107 
-5247 -2790 3236 6774 -2858 5271 0 0 0 0 1 82 183 83 
-5371 -2626 2996 11560 -5652 8227 0 0 0 0 1 84 171 74 
-4766 -3292 2057 14958 -6035 11053 0 0 0 0 1 81 128 36 
-3797 -4382 -768 16689 -7236 14199 0 0 0 0 1 92 105 23 
-3946 -5461 -3940 17753 -7925 16262 0 0 0 0 1 76 82 15 
-4991 -8041 -7571 18983 -4306 17999 0 0 0 0 1 86 60 5 
-6435 -10281 -10294 17673 883 17939 0 0 0 0 1 93 25 3 
-5491 -11281 -9933 11616 9041 15821 0 0 0 0 1 69 3 -3 
-540 -11098 -8401 7176 10960 12569 0 0 0 0 1 41 -3 -22 
3752 -9830 -3905 2636 4499 5305 0 0 0 0 1 0 -24 -32 
3800 -8047 -2030 -1094 -3175 -2619 0 0 0 0 1 1 -30 -38 
1365 -5857 -2317 -5680 -7375 -7803 0 0 0 0 1 22 -20 -29 
-1168 -3054 -2704 -8318 -7378 -8944 0 0 0 0 1 47 -24 -16 
-1319 -1709 -3717 -8827 -3999 -7906 0 0 0 0 1 69 -1 -8 
-1073 -863 -2712 -7168 -1784 -6354 0 0 0 0 1 92 22 4 
-1241 -236 -1238 -3783 758 -3949 0 0 0 0 1 93 38 19 
-1243 688 -134 -1804 1299 -2335 0 0 0 0 1 93 47 5 
-1135 774 459 -101 916 -81 0 0 0 0 1 94 44 11 
-1312 516 322 320 680 945 0 0 0 0 1 94 41 18 
-1724 69 -479 548 662 1527 0 0 0 0 1 93 52 19 
-1794 -6 -984 649 810 1266 0 0 0 0 1 69 45 5 
-1537 109 -1460 621 687 951 0 0 0 0 1 81 45 8 
-1363 110 -1642 349 229 491 0 0 0 0 1 71 42 8 
-1117 89 -2060 68 23 213 0 0 0 0 1 71 55 12 
-932 -52 -2456 -235 -39 -59 0 0 0 0 1 76 40 8 
-864 -153 -2523 -721 149 -479 0 0 0 0 1 69 40 10 
-658 -341 -2551 -1179 397 -929 0 0 0 0 1 74 62 5 
-550 -485 -2520 -1416 418 -1247 0 0 0 0 1 69 52 5 
-505 -598 -2585 -1628 294 -1700 0 0 0 0 1 64 45 8 
-769 -714 -2623 -1772 127 -2216 0 0 0 0 1 71 55 12 
-883 -707 -2589 -1907 -127 -2588 0 0 0 0 1 77 51 11 
-1020 -733 -2415 -2213 -692 -3071 0 0 0 0 1 69 57 17 
-1038 -690 -2272 -2471 -1041 -3345 0 0 0 0 1 82 78 16 
-1086 -571 -2134 -2835 -1466 -3690 0 0 0 0 1 83 67 26 
-1191 -461 -2084 -3024 -1632 -3884 0 0 0 0 1 104 65 29 
-1428 -350 -1945 -3267 -1708 -4145 0 0 0 0 1 104 60 24 
-1547 -247 -1613 -3405 -1744 -4213 0 0 0 0 1 119 72 47 
-1616 -121 -1284 -3579 -1780 -4162 0 0 0 0 1 127 58 46 
-1650 5 -1132 -3667 -1737 -3933 0 0 0 0 1 130 67 47 
-1584 158 -1011 -3655 -1589 -3694 0 0 0 0 1 141 73 58 
-1668 229 -828 -3609 -1203 -3327 0 0 0 0 1 141 78 67 
-1975 305 -361 -3626 -921 -3147 0 0 0 0 1 151 83 81 
-2188 270 33 -3777 -588 -2943 0 0 0 0 1 155 76 74 
-2432 217 568 -3937 -563 -2797 0 0 0 0 1 158 80 90 
-2476 58 562 -4072 -701 -2526 0 0 0 0 1 159 94 98 
-2740 81 648 -4092 -645 -2378 0 0 0 0 1 159 79 103 
-2953 68 858 -4075 -279 -2180 0 0 0 0 1 179 93 116 
-2958 -87 1103 -4007 5 -1966 0 0 0 0 1 166 91 108 
-3140 -200 1379 -3830 321 -1611 0 0 0 0 1 162 95 116 
-3160 -394 1521 -3552 630 -1236 0 0 0 0 1 171 101 122 
-3317 -542 1551 -3275 927 -1034 0 0 0 0 1 171 111 122 
-3607 -614 1741 -2831 1305 -873 0 0 0 0 1 160 117 130 
-4070 -864 1956 -2538 1322 -843 0 0 0 0 1 160 107 114 
-4114 -898 2005 -2163 1081 -833 0 0 0 0 1 154 123 117 
-4184 -1085 2224 -1962 768 -766 0 0 0 0 1 156 114 124 
-4262 -1197 2222 -1889 544 -706 0 0 0 0 1 155 117 118 
-4334 -1261 2024 -1866 331 -610 0 0 0 0 1 163 126 124 
-4378 -1516 2088 -1950 318 -538 0 0 0 0 1 167 132 130 
-4314 -1717 2210 -2189 390 -410 0 0 0 0 1 155 127 139 
-4342 -1928 2139 -2367 432 -330 0 0 0 0 1 156 138 136 
-4178 -1879 2056 -2400 478 -295 0 0 0 0 1 163 150 133 
-3939 -1744 2043 -2347 594 -219 0 0 0 0 1 162 132 144 
-3495 -1332 2080 -2236 561 -116 0 0 0 0 1 160 147 144 
-3177 -1110 1894 -1899 369 111 0 0 0 0 1 149 138 143 
-2957 -730 1904 -1638 275 246 0 0 0 0 1 161 153 145 
-2900 -646 1817 -1210 159 404 0 0 0 0 1 166 153 143 
-2817 -734 1696 -931 163 483 0 0 0 0 1 162 161 155 
-2704 -1037 1923 -734 340 526 0 0 0 0 1 154 165 157 
-2678 -1110 1977 -558 871 561 0 0 0 0 1 154 172 145 
-2558 -1559 2451 -552 1677 665 0 0 0 0 1 160 169 155 
-2603 -1664 2659 -666 2270 816 0 0 0 0 1 154 172 145 
-2886 -2086 3746 -908 2573 1400 0 0 0 0 1 151 171 149 
-2760 -2201 4944 -747 1831 2350 0 0 0 0 1 138 180 138 
-2783 -2349 4230 1221 -28 4467 0 0 0 0 1 145 195 131 
-3841 -2071 4880 3506 -731 5962 0 0 0 0 1 121 195 119 
-4364 -1668 3996 8586 -2476 8381 0 0 0 0 1 116 207 119 
-4754 -1640 3019 12034 -3171 9919 0 0 0 0 1 88 190 84 
-4502 -2476 2479 15608 -4301 12448 0 0 0 0 1 73 174 65 
-3322 -4072 -717 17639 -6776 15301 0 0 0 0 1 56 149 39 
-3422 -6876 -5272 19165 -7129 16998 0 0 0 0 1 55 116 26 
-4475 -9631 -9052 19405 -219 17378 0 0 0 0 1 55 84 1 
-4584 -11143 -9516 15906 3846 16131 0 0 0 0 1 35 46 -4 
-3619 -12316 -7028 7234 7144 10791 0 0 0 0 1 18 12 -37 
1982 -13365 -7363 3143 4512 5910 0 0 0 0 1 -17 -11 -33 
5206 -9368 -6050 -445 -1638 -1449 0 0 0 0 1 -11 -7 -41 
3893 -7612 -4915 -4250 -5583 -7197 0 0 0 0 1 -1 3 -40 
232 -5299 -3321 -6849 -6251 -9292 0 0 0 0 1 16 7 -32 
-1192 -3481 -3104 -8259 -4201 -9589 0 0 0 0 1 51 19 -13 
-1722 -1700 -1727 -7408 -2895 -8231 0 0 0 0 1 60 45 -1 
-1603 -198 -1177 -4691 -600 -5349 0 0 0 0 1 84 49 6 
-1342 576 -1227 -1892 1681 -2637 0 0 0 0 1 79 55 15 
-1306 594 -903 -946 2373 -1140 0 0 0 0 1 83 55 19 
-1587 388 47 -714 2138 -5 0 0 0 0 1 63 58 0 
-1511 212 -650 -721 1298 974 0 0 0 0 1 56 63 -4 
-1579 77 -1775 -601 1224 1130 0 0 0 0 1 56 66 -2 
-1746 -38 -2255 -347 1317 724 0 0 0 0 1 42 61 2 
-1925 19 -2531 -360 728 -91 0 0 0 0 1 42 68 -2 
-1837 111 -2549 -679 152 -579 0 0 0 0 1 36 77 -5 
-1430 94 -2229 -1476 -354 -1123 0 0 0 0 1 43 72 -5 
-1288 132 -2271 -1935 -355 -1343 0 0 0 0 1 48 74 8 
-993 200 -2510 -2259 -137 -1555 0 0 0 0 1 58 85 0 
-830 222 -2448 -2291 -74 -1625 0 0 0 0 1 57 91 10 
-688 194 -2279 -2230 -36 -1653 0 0 0 0 1 50 91 10 
-626 120 -2087 -2137 47 -1675 0 0 0 0 1 54 98 23 
-718 126 -1961 -1972 54 -1804 0 0 0 0 1 55 104 17 
-998 249 -1688 -1865 -262 -2072 0 0 0 0 1 64 104 17 
-1265 315 -1501 -1843 -476 -2331 0 0 0 0 1 53 101 26 
-1491 412 -1225 -1912 -541 -2720 0 0 0 0 1 64 111 31 
-1364 625 -950 -1993 -658 -2883 0 0 0 0 1 62 118 26 
-1222 615 -850 -2137 -865 -2958 0 0 0 0 1 80 115 41 
-1093 657 -756 -2208 -796 -2916 0 0 0 0 1 88 104 57 
-1217 720 -706 -2242 -728 -2769 0 0 0 0 1 88 118 50 
-1664 643 -484 -2256 -699 -2757 0 0 0 0 1 88 114 54 
-2130 655 -143 -2394 -514 -2960 0 0 0 0 1 96 117 46 
-2448 587 189 -2517 -386 -3141 0 0 0 0 1 113 130 48 
-2446 613 270 -2649 -168 -3377 0 0 0 0 1 103 127 65 
-2343 731 181 -2687 155 -3461 0 0 0 0 1 121 114 66 
-2303 797 239 -2719 829 -3369 0 0 0 0 1 120 107 67 
-2572 589 410 -2822 1205 -3263 0 0 0 0 1 113 120 76 
-3406 217 1238 -3283 1388 -3174 0 0 0 0 1 121 111 80 
-3891 43 1676 -3680 1202 -3126 0 0 0 0 1 122 125 76 
-4237 -40 1948 -4136 724 -2926 0 0 0 0 1 120 117 83 
-4171 -127 1504 -4160 591 -2670 0 0 0 0 1 119 136 89 
-4090 -71 1292 -3800 1133 -2171 0 0 0 0 1 123 150 91 
-4014 -33 1221 -3416 1809 -1813 0 0 0 0 1 121 141 94 
-4203 -198 1304 -2880 2417 -1418 0 0 0 0 1 120 149 90 
-4834 -667 1721 -2679 2235 -1318 0 0 0 0 1 123 143 98 
-5084 -1011 1891 -2558 1393 -1273 0 0 0 0 1 133 155 103 
-5032 -1133 2018 -2582 597 -1214 0 0 0 0 1 113 152 107 
-4704 -1231 1875 -2552 333 -1137 0 0 0 0 1 119 170 112 
-4442 -1221 1633 -2325 536 -1009 0 0 0 0 1 116 170 98 
-4142 -1033 1597 -2117 838 -927 0 0 0 0 1 126 160 117 
-3863 -942 1469 -1738 973 -696 0 0 0 0 1 122 161 109 
-3508 -1011 1570 -1534 936 -485 0 0 0 0 1 121 170 115 
-3498 -1388 1773 -1335 1079 -214 0 0 0 0 1 113 176 128 
-3563 -1938 2020 -1221 1515 -118 0 0 0 0 1 104 170 115 
-3966 -2078 2407 -1062 2070 -173 0 0 0 0 1 125 179 111 
-4860 -2289 3548 -918 1718 -220 0 0 0 0 1 99 181 102 
-4749 -2018 3721 79 -153 363 0 0 0 0 1 113 188 111 
-4642 -1971 3108 1479 -835 1062 0 0 0 0 1 107 187 117 
-4925 -1983 3224 4050 -67 2150 0 0 0 0 1 108 176 111 
-5181 -2057 3563 5797 -479 3177 0 0 0 0 1 108 176 86 
-5071 -2308 3996 8380 -3520 5244 0 0 0 0 1 107 163 84 
-5311 -2478 3519 10115 -5527 6585 0 0 0 0 1 120 159 69 
-5380 -2871 2879 12453 -7238 8436 0 0 0 0 1 103 134 55 
-5160 -3813 1278 13707 -7211 9568 0 0 0 0 1 116 128 52 
-5080 -5875 -2952 15114 -5157 10885 0 0 0 0 1 120 107 58 
-5334 -7593 -7056 15871 -2513 11199 0 0 0 0 1 116 87 29 
-5101 -9457 -9967 14088 -1095 10540 0 0 0 0 1 113 68 23 
-2713 -11201 -9284 10078 -124 9548 0 0 0 0 1 100 45 5 
1803 -10620 -11897 6037 2156 7808 0 0 0 0 1 104 42 8 
4104 -8053 -12178 3148 3803 4931 0 0 0 0 1 86 30 -10 
3944 -4502 -8052 1980 2864 3138 0 0 0 0 1 67 30 -10 
3345 -4179 -6252 -1050 -710 157 0 0 0 0 1 83 25 -10 
716 -4214 -3160 -4244 -1749 -2757 0 0 0 0 1 90 35 -1 
-88 -3350 -1685 -5141 -1441 -3728 0 0 0 0 1 94 53 0 
105 -2623 -1306 -4206 -610 -3401 0 0 0 0 1 97 57 12 
-514 -1698 137 -2800 351 -2748 0 0 0 0 1 108 66 25 
-816 -641 223 -1241 827 -2004 0 0 0 0 1 100 65 26 
-751 -397 60 562 427 -543 0 0 0 0 1 106 56 23 
-1117 108 -1591 1199 153 382 0 0 0 0 1 110 61 20 
-1373 110 -2606 1521 485 1294 0 0 0 0 1 101 66 16 
-1508 130 -3294 1290 858 1644 0 0 0 0 1 89 56 11 
-1503 96 -3028 360 1047 1900 0 0 0 0 1 89 49 9 
-1451 101 -3136 -327 1298 1864 0 0 0 0 1 88 60 10 
-1277 122 -3388 -955 1401 1647 0 0 0 0 1 77 56 6 
-1207 -81 -3301 -1184 1216 1413 0 0 0 0 1 77 63 9 
-1222 -331 -3214 -1376 883 871 0 0 0 0 1 67 72 5 
-1301 -385 -3046 -1582 762 48 0 0 0 0 1 62 74 17 
-1268 -433 -2973 -1827 846 -533 0 0 0 0 1 63 76 13 
-1217 -392 -2754 -2318 1011 -1381 0 0 0 0 1 63 80 16 
-1303 -142 -2432 -2682 812 -1863 0 0 0 0 1 62 94 15 
-1249 -40 -2142 -3223 126 -2317 0 0 0 0 1 61 105 13 
-1223 144 -1783 -3509 -341 -2503 0 0 0 0 1 75 115 30 
-1232 304 -1626 -3749 -974 -2675 0 0 0 0 1 76 114 26 
-1273 483 -1567 -3753 -1347 -2678 0 0 0 0 1 70 125 41 
-1234 655 -1484 -3550 -1641 -2561 0 0 0 0 1 84 107 41 
-1371 690 -1335 -3316 -1501 -2461 0 0 0 0 1 90 138 57 
-1302 643 -1127 -2921 -781 -2272 0 0 0 0 1 96 134 51 
-1416 630 -639 -2701 -203 -2204 0 0 0 0 1 110 137 60 
-1525 653 -242 -2511 450 -2193 0 0 0 0 1 112 153 71 
-1513 694 391 -2512 651 -2222 0 0 0 0 1 114 143 87 
-1686 794 878 -2701 323 -2366 0 0 0 0 1 114 141 77 
-2009 921 1324 -2893 -273 -2502 0 0 0 0 1 115 144 95 
-2060 894 1279 -3027 -1205 -2618 0 0 0 0 1 129 142 90 
-2087 742 963 -2975 -1535 -2607 0 0 0 0 1 139 144 88 
-2061 593 1026 -2835 -1230 -2503 0 0 0 0 1 127 154 100 
-1993 479 1226 -2722 -613 -2411 0 0 0 0 1 151 144 118 
-2224 527 1580 -2561 344 -2325 0 0 0 0 1 147 150 110 
-2269 456 1783 -2399 917 -2222 0 0 0 0 1 142 148 126 
-2414 676 1948 -2321 1043 -2151 0 0 0 0 1 147 150 131 
-2699 730 2113 -2221 696 -2036 0 0 0 0 1 156 145 126 
-2842 365 1738 -2064 284 -1911 0 0 0 0 1 163 141 133 
-2984 298 1572 -1815 106 -1717 0 0 0 0 1 146 142 132 
-3257 265 1499 -1702 527 -1613 0 0 0 0 1 165 139 130 
-3625 111 1762 -1736 1649 -1594 0 0 0 0 1 149 136 129 
-4313 -132 1634 -1900 2338 -1674 0 0 0 0 1 163 133 131 
-4532 -219 2232 -2369 2299 -1809 0 0 0 0 1 152 155 129 
-4641 -281 2068 -2804 1065 -1883 0 0 0 0 1 159 145 122 
-4323 -261 1914 -3278 220 -1781 0 0 0 0 1 160 139 132 
-3894 -292 1894 -3452 467 -1666 0 0 0 0 1 163 148 143 
-3580 -295 1622 -3449 999 -1450 0 0 0 0 1 171 153 150 
-3270 -377 1390 -3323 1382 -1358 0 0 0 0 1 151 154 146 
-3123 -566 1404 -3092 1959 -1366 0 0 0 0 1 159 153 159 
-2948 -664 1458 -2918 2387 -1501 0 0 0 0 1 162 159 160 
-2948 -480 2069 -2964 2437 -1609 0 0 0 0 1 163 150 147 
-2611 -502 2252 -3027 1665 -1343 0 0 0 0 1 165 159 151 
-1916 -991 2307 -2939 1124 -839 0 0 0 0 1 162 157 149 
-1916 -1196 2782 -2753 1426 1 0 0 0 0 1 161 163 159 
-1988 -1614 3653 -2531 1937 627 0 0 0 0 1 166 163 164 
-2310 -1894 4023 -1761 1617 1771 0 0 0 0 1 156 177 159 
-3325 -2593 5229 -207 333 3137 0 0 0 0 1 152 195 154 
-3923 -2785 5625 1573 -679 4098 0 0 0 0 1 142 197 152 
-4646 -2922 5902 5440 -1862 5155 0 0 0 0 1 130 209 152 
-5614 -2858 6203 8331 -2632 5452 0 0 0 0 1 134 198 135 
-5881 -3148 5876 12096 -4715 5713 0 0 0 0 1 116 207 119 
-4976 -3654 4747 14177 -6557 6638 0 0 0 0 1 125 186 114 
-3447 -4197 953 15087 -6789 8079 0 0 0 0 1 128 145 66 
-2758 -4063 -2125 15919 -3558 11111 0 0 0 0 1 109 131 52 
-4265 -6212 -6894 15928 -571 12663 0 0 0 0 1 109 123 33 
-6191 -8263 -9118 13990 1942 11956 0 0 0 0 1 76 91 8 
-2586 -10348 -10760 11005 1286 10161 0 0 0 0 1 68 71 -6 
1239 -10440 -10863 5781 2485 7652 0 0 0 0 1 49 61 -6 
3545 -7824 -11477 3076 3566 4403 0 0 0 0 1 42 63 -18 
3295 -4033 -8664 1518 2006 1721 0 0 0 0 1 24 40 -22 
1589 -3874 -4356 -2219 -423 -2032 0 0 0 0 1 34 42 -22 
-522 -3726 -2514 -5897 -2733 -4879 0 0 0 0 1 41 65 -12 
-1473 -3095 -1188 -6857 -3810 -5611 0 0 0 0 1 60 74 -3 
-1180 -2221 88 -5596 -3604 -4961 0 0 0 0 1 69 84 12 
-1128 -1459 164 -2081 -595 -3627 0 0 0 0 1 90 91 19 
-1501 -391 77 270 1830 -2699 0 0 0 0 1 99 100 23 
-1482 103 206 2155 2470 -818 0 0 0 0 1 82 73 23 
-1565 288 -41 2304 1396 400 0 0 0 0 1 79 74 8 
-1974 384 -1726 1769 399 1412 0 0 0 0 1 80 80 6 
-1849 396 -2718 1430 855 1584 0 0 0 0 1 68 49 9 
-1575 588 -3008 1043 2089 1486 0 0 0 0 1 74 60 8 
-1067 636 -3059 827 2380 1393 0 0 0 0 1 62 57 -5 
-827 499 -3024 532 2469 1176 0 0 0 0 1 54 66 -2 
-495 184 -2932 360 2551 894 0 0 0 0 1 44 66 0 
-349 -141 -2946 233 2069 202 0 0 0 0 1 25 58 -4 
-311 -540 -3017 173 1129 -395 0 0 0 0 1 24 55 -10 
-556 -102 -2566 -260 420 -1577 0 0 0 0 1 33 56 -11 
-846 -348 -2547 -734 487 -2347 0 0 0 0 1 17 60 -5 
-915 -263 -2412 -1631 309 -3145 0 0 0 0 1 22 55 -12 
-895 -151 -2365 -2442 -29 -3524 0 0 0 0 1 24 62 -8 
-747 153 -2565 -2734 -98 -3627 0 0 0 0 1 34 67 -3 
-577 267 -2632 -2778 -264 -3584 0 0 0 0 1 29 72 -3 
-364 221 -2636 -2622 -617 -3491 0 0 0 0 1 34 67 1 
-429 317 -2615 -2290 -1196 -3543 0 0 0 0 1 41 74 3 
-1271 350 -2459 -2142 -1456 -3811 0 0 0 0 1 56 83 18 
-1638 234 -2180 -2217 -1688 -4272 0 0 0 0 1 57 74 10 
-1904 272 -1162 -2759 -1876 -4529 0 0 0 0 1 73 88 23 
-1912 396 -886 -3293 -2217 -4507 0 0 0 0 1 89 85 25 
-1778 606 -597 -3957 -2691 -4221 0 0 0 0 1 88 94 43 
-1816 696 -873 -4129 -2661 -4000 0 0 0 0 1 113 85 30 
-1966 695 -913 -4076 -2181 -3778 0 0 0 0 1 110 98 62 
-2404 383 -371 -3950 -1417 -3691 0 0 0 0 1 133 96 73 
-2552 270 -173 -3951 -908 -3731 0 0 0 0 1 138 101 71 
-2998 299 498 -4117 -574 -3828 0 0 0 0 1 148 107 69 
-3061 154 800 -4268 -683 -3743 0 0 0 0 1 151 103 86 
-3020 61 989 -4476 -1050 -3327 0 0 0 0 1 159 109 94 
-3080 -95 884 -4491 -1237 -2937 0 0 0 0 1 162 107 111 
-3287 -285 1129 -4418 -994 -2416 0 0 0 0 1 163 106 119 
-3303 -428 1230 -4248 -161 -1950 0 0 0 0 1 173 116 140 
-3221 -761 1461 -4005 776 -1466 0 0 0 0 1 184 127 130 
-3284 -937 1572 -3860 1269 -1173 0 0 0 0 1 176 125 144 
-3470 -1348 1864 -3660 1722 -795 0 0 0 0 1 178 138 129 
-3820 -1553 2162 -3541 1750 -611 0 0 0 0 1 172 127 137 
-3853 -1618 2284 -3325 1420 -292 0 0 0 0 1 171 150 143 
-3814 -1763 2282 -3124 1145 -35 0 0 0 0 1 161 143 140 
-3871 -1756 2322 -2812 867 258 0 0 0 0 1 159 158 140 
-3929 -1827 2331 -2468 600 435 0 0 0 0 1 159 153 159 
-3842 -1895 2159 -2217 517 491 0 0 0 0 1 159 163 161 
-3789 -1833 2147 -1883 651 475 0 0 0 0 1 151 169 155 
-3493 -1851 2025 -1610 872 458 0 0 0 0 1 143 171 165 
-3367 -1871 2162 -1501 1064 467 0 0 0 0 1 161 172 166 
-3122 -1988 2315 -1446 1494 693 0 0 0 0 1 152 185 164 
-2791 -1977 3033 -1484 1797 984 0 0 0 0 1 146 186 158 
-2893 -2061 3329 -1420 2010 1449 0 0 0 0 1 149 192 164 
-3241 -2262 3697 -1139 2103 1745 0 0 0 0 1 126 199 154 
-3608 -2474 3862 -205 2277 2267 0 0 0 0 1 121 204 152 
-4270 -2384 5071 1207 1672 3384 0 0 0 0 1 114 192 140 
-4510 -1716 5224 2934 -131 4673 0 0 0 0 1 96 210 135 
-5078 -1497 5020 6456 -2099 6441 0 0 0 0 1 90 222 124 
-5457 -2055 4962 8803 -2772 7360 0 0 0 0 1 84 220 114 
-5688 -2618 4644 11423 -4354 8298 0 0 0 0 1 64 209 91 
-4878 -4255 1004 12514 -5570 8862 0 0 0 0 1 67 175 59 
-4430 -5014 -1905 13278 -5411 9405 0 0 0 0 1 51 154 39 
-4394 -6437 -4670 12880 -4376 9471 0 0 0 0 1 48 136 24 
-2953 -9341 -11225 12625 -2622 9470 0 0 0 0 1 50 114 3 
1144 -9608 -14886 10450 2011 9726 0 0 0 0 1 55 82 -10 
2699 -8917 -12765 5209 5060 8263 0 0 0 0 1 25 71 -25 
3254 -6748 -9991 2445 4015 5513 0 0 0 0 1 7 56 -25 
3782 -4234 -8437 184 630 826 0 0 0 0 1 -1 42 -36 
3289 -2875 -5690 -1172 -1035 -1798 0 0 0 0 1 1 40 -29 
1012 -3380 -3509 -3380 -2720 -4931 0 0 0 0 1 2 41 -20 
-589 -3307 -671 -4253 -3100 -5797 0 0 0 0 1 27 62 -10 
-693 -3023 -224 -3600 -2555 -5250 0 0 0 0 1 36 79 -5 
-1078 -2049 363 -1355 -758 -3786 0 0 0 0 1 48 74 -1 
-787 -714 202 245 193 -2524 0 0 0 0 1 53 60 8 
-542 -116 -193 1771 438 -569 0 0 0 0 1 62 57 -5 
-685 -20 -1596 2082 208 798 0 0 0 0 1 61 51 4 
-751 -142 -2084 1802 301 1195 0 0 0 0 1 57 45 -10 
-940 -413 -2933 732 323 1115 0 0 0 0 1 61 53 0 
-914 -517 -2974 -156 266 848 0 0 0 0 1 47 44 -4 
-759 -483 -3385 -992 756 297 0 0 0 0 1 51 49 2 
-718 -295 -3345 -1242 922 -87 0 0 0 0 1 40 61 -11 
-615 -132 -2849 -1447 442 -533 0 0 0 0 1 40 56 4 
-622 -124 -2720 -1533 -172 -889 0 0 0 0 1 43 50 -3 
-642 -192 -2602 -1573 -407 -1068 0 0 0 0 1 47 66 2 
-587 -208 -2493 -1623 -923 -1192 0 0 0 0 1 51 61 9 
-865 -55 -2447 -1642 -1305 -1324 0 0 0 0 1 48 77 1 
-1145 54 -2418 -1708 -1575 -1638 0 0 0 0 1 51 85 0 
-1399 100 -2297 -1837 -1845 -1882 0 0 0 0 1 66 90 11 
-1623 228 -2037 -1953 -2105 -1965 0 0 0 0 1 69 74 10 
-1705 298 -1849 -2105 -2362 -1947 0 0 0 0 1 90 74 17 
-1842 361 -1778 -2122 -2291 -1863 0 0 0 0 1 87 76 34 
-1802 446 -1659 -2064 -1774 -1582 0 0 0 0 1 106 83 30 
-1312 711 -1241 -2010 -1297 -1252 0 0 0 0 1 104 91 40 
-1139 859 -1019 -1882 -807 -743 0 0 0 0 1 108 98 41 
-1227 880 -872 -1737 -621 -467 0 0 0 0 1 114 101 45 
-1740 751 -498 -1697 -581 -505 0 0 0 0 1 119 104 61 
-2243 541 -214 -1767 -564 -903 0 0 0 0 1 114 87 59 
-2671 398 225 -1897 -578 -1276 0 0 0 0 1 127 103 81 
-2777 394 392 -2112 -792 -1787 0 0 0 0 1 110 110 69 
-2659 533 238 -2173 -981 -1997 0 0 0 0 1 143 115 72 
-2390 687 229 -2182 -1083 -2021 0 0 0 0 1 138 116 75 
-1901 882 279 -2132 -1036 -1862 0 0 0 0 1 140 116 82 
-1729 973 236 -1961 -896 -1523 0 0 0 0 1 142 123 80 
-2048 767 391 -1826 -706 -1358 0 0 0 0 1 139 127 88 
-2296 600 563 -1696 -88 -1340 0 0 0 0 1 143 115 93 
-2665 560 761 -1694 679 -1583 0 0 0 0 1 148 122 102 
-2914 497 731 -1680 1002 -1790 0 0 0 0 1 152 114 124 
-3741 -77 1390 -3707 1121 -1777 0 0 0 0 1 165 120 125 
-3670 62 1415 -4139 692 -1547 0 0 0 0 1 161 118 119 
-3539 149 1588 -4349 32 -1340 0 0 0 0 1 154 136 136 
-3366 280 1898 -4575 -1345 -981 0 0 0 0 1 171 133 136 
-3111 126 1694 -4508 -2259 -726 0 0 0 0 1 162 147 144 
-3028 -208 1467 -4108 -2686 -399 0 0 0 0 1 186 154 174 
-2806 -792 1427 -3593 -1435 -124 0 0 0 0 1 188 149 188 
-2493 -1349 1810 -3324 -49 56 0 0 0 0 1 184 152 197 
-2299 -1629 2006 -3029 1603 342 0 0 0 0 1 172 171 195 
-2085 -1903 2712 -2952 2058 597 0 0 0 0 1 187 168 196 
-1663 -2065 3400 -2905 2237 1402 0 0 0 0 1 178 177 203 
-1399 -3113 4148 -2541 3106 2414 0 0 0 0 1 169 183 200 
-2449 -3943 4815 -2020 4107 2814 0 0 0 0 1 166 190 199 
-3262 -4176 6156 -476 4167 3395 0 0 0 0 1 142 217 189 
-4820 -3567 6432 1660 2226 3852 0 0 0 0 1 120 228 181 
-5728 -3214 6929 5919 -1074 4387 0 0 0 0 1 113 210 151 
-6177 -3391 6980 8931 -2796 4525 0 0 0 0 1 117 213 142 
-6381 -3226 6805 12432 -5472 4321 0 0 0 0 1 114 199 136 
-5060 -4150 5753 13718 -7613 4466 0 0 0 0 1 117 191 109 
-4482 -4263 4927 14514 -10369 5242 0 0 0 0 1 122 161 107 
-3572 -4932 533 15657 -11652 6484 0 0 0 0 1 135 141 101 
-4144 -6461 -4717 19950 -9217 8469 0 0 0 0 1 154 138 101 
-7561 -8910 -12138 22153 -1127 8781 0 0 0 0 1 166 118 96 
-7399 -8221 -13259 18074 10676 10174 0 0 0 0 1 112 57 17 
-5286 -7321 -8934 11401 9079 9821 0 0 0 0 1 88 40 -3 
-3758 -10014 -5936 2377 2508 6029 0 0 0 0 1 73 26 -16 
2020 -9045 -8497 -724 297 1970 0 0 0 0 1 61 41 -9 
3227 -6644 -8296 -1172 635 -617 0 0 0 0 1 58 44 -6 
292 -5367 -2023 -3254 -120 -4109 0 0 0 0 1 60 35 -12 
-1125 -4159 519 -5873 -2349 -6184 0 0 0 0 1 80 56 6 
-1583 -2894 -381 -6268 -2852 -6527 0 0 0 0 1 95 50 24 
-1495 -1901 -668 -5106 -1609 -5669 0 0 0 0 1 112 67 33 
-758 -212 -558 -2796 -532 -3350 0 0 0 0 1 110 78 32 
-767 746 -1227 -1076 -19 -1623 0 0 0 0 1 119 72 43 
-1126 893 -1388 836 1403 472 0 0 0 0 1 123 79 36 
-1531 467 -1766 1481 2289 1426 0 0 0 0 1 114 72 31 
-1846 277 -1716 1513 3008 2030 0 0 0 0 1 112 79 26 
-1907 51 -1680 897 2804 1937 0 0 0 0 1 80 63 20 
-1820 45 -1692 432 2428 1683 0 0 0 0 1 73 71 6 
-1560 -81 -1989 25 2046 1119 0 0 0 0 1 67 69 5 
-1308 -279 -2312 -65 2003 632 0 0 0 0 1 64 69 3 
-1150 -361 -2397 -93 1895 -129 0 0 0 0 1 48 65 -1 
-773 -367 -2342 -158 1708 -564 0 0 0 0 1 40 78 2 
-462 -433 -2294 -343 1392 -1066 0 0 0 0 1 37 58 -4 
-438 -448 -2383 -490 1055 -1574 0 0 0 0 1 34 72 -5 
-581 -339 -2571 -568 751 -1930 0 0 0 0 1 36 67 -12 
-626 -296 -2608 -773 218 -2411 0 0 0 0 1 36 67 -10 
-993 -196 -2709 -1116 -467 -2845 0 0 0 0 1 41 67 3 
-1043 -300 -2608 -1456 -784 -3079 0 0 0 0 1 29 57 -1 
-1283 -260 -2341 -1999 -971 -3430 0 0 0 0 1 41 62 1 
-1305 -244 -2297 -2322 -878 -3623 0 0 0 0 1 48 67 8 
-1357 -35 -2210 -2680 -478 -3820 0 0 0 0 1 49 71 4 
-1152 198 -2084 -2833 -344 -3815 0 0 0 0 1 60 82 5 
-1243 317 -1870 -3007 -364 -3750 0 0 0 0 1 69 84 17 
-1609 479 -1484 -3120 -452 -3724 0 0 0 0 1 75 78 30 
-1861 480 -1332 -3156 -438 -3763 0 0 0 0 1 73 93 23 
-1967 540 -1115 -3228 -184 -3843 0 0 0 0 1 84 88 34 
-2047 617 -803 -3295 -11 -3876 0 0 0 0 1 88 94 26 
-2259 659 -587 -3461 53 -3908 0 0 0 0 1 94 93 32 
-2400 848 -136 -3645 -33 -3810 0 0 0 0 1 84 93 37 
-2607 726 49 -3923 -446 -3507 0 0 0 0 1 102 106 54 
-3088 544 227 -4073 -746 -3308 0 0 0 0 1 101 115 58 
-3574 470 475 -4253 -796 -3138 0 0 0 0 1 100 121 57 
-3700 281 604 -4315 -249 -3067 0 0 0 0 1 110 132 79 
-3678 57 485 -4238 415 -3023 0 0 0 0 1 115 125 90 
-3997 -26 741 -4133 1618 -3033 0 0 0 0 1 114 136 75 
-4139 -254 1199 -4067 2230 -2865 0 0 0 0 1 120 134 83 
-4388 -448 1246 -4022 2033 -2699 0 0 0 0 1 116 138 101 
-5039 -783 1844 -4069 1107 -2455 0 0 0 0 1 128 150 94 
-5084 -912 1819 -4088 279 -2259 0 0 0 0 1 129 159 102 
-5009 -1007 1739 -3985 -527 -1897 0 0 0 0 1 116 163 112 
-4851 -1364 1827 -3849 -553 -1621 0 0 0 0 1 127 152 118 
-4591 -1543 1797 -3497 -56 -1123 0 0 0 0 1 138 168 126 
-4310 -1698 1803 -3183 363 -775 0 0 0 0 1 139 169 142 
-4140 -1691 1836 -2634 640 -290 0 0 0 0 1 133 175 131 
-3784 -1494 1776 -2240 530 15 0 0 0 0 1 139 164 149 
-3566 -1369 1793 -1674 144 376 0 0 0 0 1 143 186 139 
-3168 -1318 1520 -1110 -107 584 0 0 0 0 1 136 186 158 
-2998 -1414 1488 -785 27 644 0 0 0 0 1 129 186 160 
-2789 -1636 1696 -524 688 703 0 0 0 0 1 130 190 159 
-2577 -1958 1984 -518 1322 796 0 0 0 0 1 122 191 151 
-2242 -2580 2938 -688 2301 1081 0 0 0 0 1 122 201 149 
-2885 -2650 3472 -673 2476 1186 0 0 0 0 1 127 198 153 
-3392 -2874 3965 -174 1824 1425 0 0 0 0 1 122 198 144 
-3775 -3004 4341 1188 457 2028 0 0 0 0 1 107 219 136 
-4345 -2702 5155 2789 -1193 2720 0 0 0 0 1 96 218 130 
-4641 -2662 4817 6701 -4609 3926 0 0 0 0 1 90 207 129 
-4766 -2982 3917 9840 -6156 4536 0 0 0 0 1 107 199 119 
-4529 -3335 3676 13833 -6769 5347 0 0 0 0 1 109 192 101 
-3105 -4421 2277 16140 -6579 6837 0 0 0 0 1 102 158 73 
-2590 -5848 293 16925 -5811 8072 0 0 0 0 1 103 139 76 
-3013 -7371 -2320 17659 -2813 9519 0 0 0 0 1 116 82 38 
-5186 -10962 -7573 17570 -536 9729 0 0 0 0 1 116 47 29 
-5791 -12930 -11548 14799 513 8869 0 0 0 0 1 102 6 8 
-1367 -12298 -11189 10504 1874 8147 0 0 0 0 1 101 9 6 
1905 -10140 -13842 5296 4649 6197 0 0 0 0 1 86 -3 -5 
3039 -4734 -13004 2862 5286 3657 0 0 0 0 1 74 -18 -19 
1870 -3205 -9030 -1609 987 -819 0 0 0 0 1 56 -4 -18 
1211 -3304 -4822 -6338 -1877 -3911 0 0 0 0 1 70 -7 -13 
300 -3670 -3326 -7939 -1552 -5048 0 0 0 0 1 79 13 -8 
-446 -3134 -1603 -7490 -799 -5380 0 0 0 0 1 95 33 1 
-872 -2130 -497 -5157 226 -4598 0 0 0 0 1 87 46 11 
-1124 -718 -121 -3330 719 -3696 0 0 0 0 1 88 57 17 
-1167 -159 -87 -1224 859 -1983 0 0 0 0 1 101 56 16 
-1305 1 -412 -174 722 -374 0 0 0 0 1 94 51 13 
-1417 -174 -733 113 896 370 0 0 0 0 1 83 67 10 
-1525 -270 -1064 204 1408 932 0 0 0 0 1 87 61 9 
-1552 -297 -1709 180 1555 1051 0 0 0 0 1 63 66 16 
-1668 -211 -1955 37 1423 966 0 0 0 0 1 63 66 4 
-1489 -20 -2206 -116 1194 894 0 0 0 0 1 64 55 5 
-1352 34 -2331 -393 906 817 0 0 0 0 1 56 63 0 
-1298 105 -2357 -570 775 753 0 0 0 0 1 63 71 11 
-1255 39 -2423 -751 635 621 0 0 0 0 1 53 74 5 
-1123 2 -2300 -843 629 501 0 0 0 0 1 54 76 9 
-995 -58 -2227 -884 555 268 0 0 0 0 1 37 83 2 
-678 -64 -2227 -830 394 103 0 0 0 0 1 47 80 6 
-628 57 -2257 -676 154 -257 0 0 0 0 1 48 82 1 
-692 60 -2284 -596 -60 -590 0 0 0 0 1 42 71 -2 
-822 189 -2174 -655 -639 -1154 0 0 0 0 1 43 79 8 
-1132 165 -1921 -871 -1119 -1572 0 0 0 0 1 54 78 16 
-1505 15 -1261 -1380 -1686 -2135 0 0 0 0 1 46 65 8 
-1528 51 -1066 -1738 -1959 -2408 0 0 0 0 1 62 94 15 
-1478 168 -937 -2166 -2236 -2620 0 0 0 0 1 74 84 19 
-1187 506 -898 -2315 -2373 -2624 0 0 0 0 1 84 85 30 
-867 659 -973 -2289 -2482 -2436 0 0 0 0 1 93 96 45 
-831 759 -1088 -2133 -2464 -2319 0 0 0 0 1 94 93 41 
-1044 783 -1140 -1789 -2318 -2297 0 0 0 0 1 114 104 50 
-1461 747 -1042 -1483 -2016 -2438 0 0 0 0 1 119 89 64 
-1686 655 -741 -1387 -1791 -2505 0 0 0 0 1 132 83 60 
-1763 484 -486 -1426 -1554 -2527 0 0 0 0 1 136 83 72 
-2018 446 -96 -1576 -1416 -2552 0 0 0 0 1 143 98 69 
-2226 568 208 -1953 -1108 -2649 0 0 0 0 1 147 94 87 
-2521 716 505 -2394 -970 -2729 0 0 0 0 1 148 78 81 
-2733 754 591 -2682 -1095 -2711 0 0 0 0 1 165 83 90 
-2806 684 533 -3044 -1282 -2591 0 0 0 0 1 169 80 95 
-2999 602 601 -3246 -1133 -2524 0 0 0 0 1 179 73 100 
-3434 480 959 -3566 -487 -2520 0 0 0 0 1 178 79 105 
-3658 291 1218 -3882 333 -2537 0 0 0 0 1 163 77 112 
-3956 155 1490 -4041 723 -2502 0 0 0 0 1 172 95 118 
-3992 64 1514 -4142 979 -2255 0 0 0 0 1 178 77 112 
-4013 158 1883 -4172 896 -1957 0 0 0 0 1 167 85 125 
-4076 145 2114 -4146 209 -1386 0 0 0 0 1 171 96 133 
-4473 -373 2236 -4017 -437 -1021 0 0 0 0 1 191 105 132 
-4668 -610 2335 -3665 -1022 -597 0 0 0 0 1 182 111 131 
-5045 -866 2349 -3373 -1018 -441 0 0 0 0 1 181 110 153 
-5089 -1076 2304 -2933 -624 -252 0 0 0 0 1 188 125 151 
-4625 -1216 2366 -2695 -282 -43 0 0 0 0 1 189 111 161 
-4280 -1240 2455 -2465 30 418 0 0 0 0 1 185 126 161 
-3506 -1102 2444 -2333 41 802 0 0 0 0 1 188 125 176 
-3187 -1001 2274 -2072 -139 1370 0 0 0 0 1 184 134 172 
-2703 -795 1983 -1835 -192 1704 0 0 0 0 1 182 145 171 
-2545 -730 1921 -1469 97 2087 0 0 0 0 1 175 160 175 
-2112 -520 1741 -1175 638 2288 0 0 0 0 1 186 154 188 
-1844 -361 1627 -1055 986 2321 0 0 0 0 1 160 171 181 
-1247 -193 1731 -1038 1327 2307 0 0 0 0 1 175 182 178 
-1057 -288 1971 -1225 1857 2235 0 0 0 0 1 166 182 178 
-785 -460 2458 -1666 2257 2079 0 0 0 0 1 159 187 171 
-820 -785 3182 -1947 2179 1825 0 0 0 0 1 156 209 175 
-1208 -926 3291 -2035 1543 1151 0 0 0 0 1 135 207 168 
-1430 -1454 3619 -1873 1413 744 0 0 0 0 1 136 225 174 
-1387 -1898 4351 -1311 1927 705 0 0 0 0 1 122 223 181 
-1236 -2186 5500 -51 1189 1718 0 0 0 0 1 121 226 173 
-2131 -2568 5183 1784 -465 2702 0 0 0 0 1 112 229 164 
-2977 -2894 5140 5782 -2641 4268 0 0 0 0 1 113 225 165 
-3171 -3331 3369 13284 -2989 6371 0 0 0 0 1 99 235 137 
-1862 -3942 2268 15214 -3039 7636 0 0 0 0 1 88 202 115 
-1307 -4743 41 17378 -3361 9730 0 0 0 0 1 81 185 75 
-2229 -6793 -6088 18407 -2060 10390 0 0 0 0 1 63 115 18 
-3343 -8932 -9319 16815 464 9441 0 0 0 0 1 47 85 2 
-2652 -10569 -9149 12469 151 7513 0 0 0 0 1 47 29 -11 
-1049 -10949 -9525 5509 2440 3979 0 0 0 0 1 35 22 -18 
2731 -3999 -13356 3533 3673 1744 0 0 0 0 1 30 17 -16 
2223 -2718 -11472 605 1055 -1517 0 0 0 0 1 21 -4 -25 
540 -1402 -5438 -3802 -4619 -3722 0 0 0 0 1 21 -4 -23 
297 -2118 -5303 -5560 -4411 -4324 0 0 0 0 1 36 6 -15 
158 -2590 -4526 -5793 -1636 -4077 0 0 0 0 1 58 51 -4 
-930 -2449 -586 -4532 -805 -3053 0 0 0 0 1 66 58 2 
-1104 -1091 288 -3006 -1017 -2135 0 0 0 0 1 69 50 17 
-881 -410 -183 -603 164 -936 0 0 0 0 1 81 72 15 
-1097 -340 -649 853 1524 -296 0 0 0 0 1 77 61 13 
-1136 -409 -872 1132 1506 -116 0 0 0 0 1 62 65 5 
-1189 -448 -1178 807 646 -185 0 0 0 0 1 57 65 5 
-1229 -421 -1789 364 65 -404 0 0 0 0 1 61 53 6 
-1232 -302 -2252 -291 -444 -864 0 0 0 0 1 62 55 3 
-1171 -171 -2977 -625 -553 -1180 0 0 0 0 1 73 51 6 
-1014 -126 -3377 -1012 -519 -1542 0 0 0 0 1 81 47 5 
-831 -153 -3516 -1326 -531 -1686 0 0 0 0 1 73 41 6 
-570 -271 -3693 -1507 -605 -1679 0 0 0 0 1 64 55 1 
-517 -288 -3843 -1800 -720 -1686 0 0 0 0 1 82 61 9 
-896 -525 -3736 -2098 -739 -1829 0 0 0 0 1 69 60 12 
-973 -568 -3620 -2776 -664 -2183 0 0 0 0 1 80 68 11 
-909 -478 -3130 -3614 -552 -2530 0 0 0 0 1 86 74 17 
-803 -234 -2758 -4079 -407 -2765 0 0 0 0 1 100 79 17 
-830 -111 -2632 -4444 -230 -3083 0 0 0 0 1 94 83 32 
-836 24 -2281 -4503 -237 -3203 0 0 0 0 1 93 96 36 
-1017 82 -1926 -4437 -388 -3286 0 0 0 0 1 90 87 40 
-1348 161 -1448 -4240 -549 -3258 0 0 0 0 1 114 104 57 
-1610 307 -889 -4094 -688 -3191 0 0 0 0 1 114 109 66 
-1749 438 -515 -3901 -1046 -3020 0 0 0 0 1 126 114 71 
-1757 424 -140 -3790 -1303 -2868 0 0 0 0 1 125 122 69 
-2246 175 273 -3688 -1452 -2793 0 0 0 0 1 149 121 89 
-2687 -51 561 -3720 -1388 -2957 0 0 0 0 1 134 115 93 
-3054 -335 1069 -3817 -1385 -3059 0 0 0 0 1 136 130 104 
-3146 -475 1271 -3943 -1557 -3059 0 0 0 0 1 145 131 115 
-3237 -582 1483 -3984 -1675 -2936 0 0 0 0 1 174 120 132 
-3113 -667 1731 -3963 -1629 -2514 0 0 0 0 1 174 132 144 
-3123 -1014 2040 -3747 -1267 -1947 0 0 0 0 1 180 128 150 
-3269 -1188 2218 -3500 -889 -1586 0 0 0 0 1 180 131 150 
-3246 -1423 2428 -3013 -259 -1017 0 0 0 0 1 186 134 160 
-3235 -1657 2552 -2629 146 -643 0 0 0 0 1 179 127 165 
-3446 -1829 2681 -2035 687 -159 0 0 0 0 1 185 141 168 
-3491 -1900 2739 -1706 1028 137 0 0 0 0 1 195 142 169 
-3580 -2005 2880 -1333 1359 536 0 0 0 0 1 176 144 176 
-3666 -1947 2890 -1138 1295 739 0 0 0 0 1 180 148 166 
-3901 -1819 2761 -858 743 876 0 0 0 0 1 174 154 165 
-3843 -1631 2438 -598 156 869 0 0 0 0 1 169 161 174 
-3778 -1581 2367 -452 21 826 0 0 0 0 1 171 160 173 
-3384 -1473 2136 -294 287 820 0 0 0 0 1 169 164 167 
-2858 -1340 2110 -267 647 892 0 0 0 0 1 166 168 171 
-2504 -1298 2232 -364 1191 1114 0 0 0 0 1 154 165 164 
-2303 -1388 2556 -488 1470 1261 0 0 0 0 1 168 165 168 
-2581 -1523 2684 -645 1746 1247 0 0 0 0 1 152 177 157 
-3479 -2156 3425 -756 1808 1100 0 0 0 0 1 154 185 150 
-3632 -2387 3833 -691 1755 1091 0 0 0 0 1 136 183 158 
-3730 -3008 4755 -384 1765 1362 0 0 0 0 1 142 199 143 
-3837 -2990 5040 604 1505 2248 0 0 0 0 1 135 192 150 
-4180 -2790 5313 3019 -199 3955 0 0 0 0 1 135 195 143 
-4439 -2108 4724 5857 -2363 5677 0 0 0 0 1 117 193 142 
-4742 -2063 3605 11458 -4119 8007 0 0 0 0 1 110 203 125 
-4902 -2403 2268 14798 -3010 9219 0 0 0 0 1 86 177 80 
-3442 -3452 29 17783 -1732 11860 0 0 0 0 1 81 165 47 
-2754 -5020 -3295 18829 -3138 14432 0 0 0 0 1 51 132 18 
-3769 -8942 -7914 17505 -1034 14259 0 0 0 0 1 41 89 -5 
-2668 -11248 -9879 10988 3554 11832 0 0 0 0 1 29 45 -19 
474 -12009 -10980 4915 5332 7854 0 0 0 0 1 16 36 -46 
4198 -7990 -11445 3188 3460 4736 0 0 0 0 1 -2 12 -34 
4572 -5722 -8470 474 -461 -390 0 0 0 0 1 -16 9 -41 
3002 -4853 -5070 -3166 -3816 -4456 0 0 0 0 1 -12 8 -19 
713 -4004 -4173 -4863 -4204 -6032 0 0 0 0 1 15 20 -19 
129 -3343 -3246 -5512 -2559 -6122 0 0 0 0 1 27 33 -17 
-383 -2147 -268 -5009 -1552 -4974 0 0 0 0 1 49 53 -13 
-818 -1365 648 -3103 -277 -2832 0 0 0 0 1 54 61 -9 
-1010 -51 362 -706 1074 -919 0 0 0 0 1 53 69 1 
-1028 88 294 477 1442 234 0 0 0 0 1 50 55 10 
-1063 213 -334 1402 1211 1648 0 0 0 0 1 37 76 -4 
-994 31 -1052 1643 1197 2247 0 0 0 0 1 27 65 -8 
-973 -200 -1527 1532 1674 2547 0 0 0 0 1 30 53 -4 
-861 -593 -1803 1210 1684 2483 0 0 0 0 1 21 53 -13 
-800 -698 -1855 606 922 2072 0 0 0 0 1 15 47 -17 
-917 -751 -2095 197 202 1332 0 0 0 0 1 8 35 -17 
-925 -671 -2187 86 -88 808 0 0 0 0 1 4 44 -9 
-912 -500 -2444 51 -408 154 0 0 0 0 1 7 46 -16 
-832 -339 -2520 81 -654 -149 0 0 0 0 1 7 39 -16 
-802 -273 -2509 149 -970 -434 0 0 0 0 1 16 39 -16 
-502 -144 -2477 187 -977 -520 0 0 0 0 1 14 51 -9 
-211 -111 -2582 272 -753 -536 0 0 0 0 1 21 39 -9 
-189 -152 -2631 392 -562 -556 0 0 0 0 1 21 41 -13 
-386 -192 -2657 489 -495 -618 0 0 0 0 1 28 26 -11 
-902 -109 -2565 634 -516 -854 0 0 0 0 1 25 29 -9 
-1228 39 -2452 750 -611 -1224 0 0 0 0 1 42 19 -16 
-1507 181 -2287 813 -674 -1458 0 0 0 0 1 30 17 -2 
-1450 279 -2109 859 -753 -1637 0 0 0 0 1 31 11 -3 
-1316 178 -1927 858 -795 -1630 0 0 0 0 1 42 17 -2 
-1204 170 -1800 804 -776 -1464 0 0 0 0 1 30 7 -6 
-910 258 -1697 764 -633 -1258 0 0 0 0 1 55 -1 1 
-929 444 -1625 723 -239 -938 0 0 0 0 1 47 4 -9 
-1103 573 -1490 672 146 -801 0 0 0 0 1 40 -19 -13 
-1426 803 -1228 606 257 -850 0 0 0 0 1 36 -1 -10 
-1576 848 -1131 497 124 -1059 0 0 0 0 1 44 -19 -4 
-1762 838 -1023 435 -111 -1251 0 0 0 0 1 35 -19 2 
-1828 698 -602 1093 -696 -2154 0 0 0 0 1 49 -76 18 
-2067 577 -391 1096 -687 -2327 0 0 0 0 1 50 -79 15 
-2202 486 -258 1035 -785 -2509 0 0 0 0 1 57 -99 31 
-2230 354 -192 900 -1191 -2823 0 0 0 0 1 60 -101 29 
-2298 157 -244 809 -1648 -3046 0 0 0 0 1 61 -117 37 
-2300 103 -316 661 -2473 -3354 0 0 0 0 1 58 -115 39 
-2268 -22 -371 494 -3195 -3611 0 0 0 0 1 54 -120 39 
-2237 -235 -466 382 -3508 -3757 0 0 0 0 1 47 -139 46 
-2186 -295 -496 208 -3706 -3921 0 0 0 0 1 62 -136 47 
-2109 -399 -566 50 -3649 -4003 0 0 0 0 1 64 -141 59 
-1987 -596 -621 -45 -3486 -4013 0 0 0 0 1 79 -148 59 
-1871 -724 -607 -185 -3049 -3944 0 0 0 0 1 73 -161 62 
-1742 -903 -581 -266 -2661 -3859 0 0 0 0 1 80 -181 65 
-1670 -1135 -556 -363 -1989 -3710 0 0 0 0 1 69 -172 71 
-1792 -1350 -453 -471 -1394 -3651 0 0 0 0 1 66 -181 74 
-2061 -1602 -305 -606 -1050 -3725 0 0 0 0 1 60 -195 82 
-2141 -1799 -339 -690 -961 -3802 0 0 0 0 1 46 -187 80 
-2173 -1841 -325 -825 -978 -3897 0 0 0 0 1 43 -190 68 
-2111 -1921 -347 -952 -944 -3854 0 0 0 0 1 36 -190 82 
-2151 -2106 -517 -1013 -605 -3723 0 0 0 0 1 31 -212 68 
-1971 -2126 -742 -986 -41 -3422 0 0 0 0 1 23 -201 72 
-2206 -2234 -539 -875 384 -2991 0 0 0 0 1 2 -201 72 
-2347 -2290 -648 -768 587 -2677 0 0 0 0 1 -2 -213 79 
-2774 -2258 -175 -681 1181 -2298 0 0 0 0 1 -14 -213 76 
-3564 -2026 487 -226 1583 -1463 0 0 0 0 1 -22 -212 71 
-3350 -1729 891 278 1334 -442 0 0 0 0 1 -22 -217 73 
-3236 -1260 901 437 1731 -178 0 0 0 0 1 -29 -222 77 
-2501 -1471 131 637 1955 -1 0 0 0 0 1 -55 -214 82 
-2219 -1400 -222 840 1406 134 0 0 0 0 1 -43 -222 71 
-1855 -1215 -392 927 878 233 0 0 0 0 1 -40 -230 93 
-1702 -1001 -373 967 160 356 0 0 0 0 1 -55 -231 89 
