Data Quantity : 14  Accelerometer : 3  Gyroscope : 3  FSR : 5







-1440 1216 -470 -683 -2055 259 0 0 0 0 1 155 46 76 
-1481 1332 -709 -895 -2866 532 0 0 0 0 1 155 46 86 
-1681 1319 -722 -945 -3180 675 0 0 0 0 1 160 61 81 
-1650 1366 -655 -994 -2895 812 0 0 0 0 1 175 60 94 
-1694 1354 -434 -1039 -2213 861 0 0 0 0 1 182 60 96 
-1543 1390 -432 -1035 -902 922 0 0 0 0 1 188 66 109 
-1541 1381 -609 -945 -123 881 0 0 0 0 1 187 79 117 
-1736 1343 -538 -673 462 615 0 0 0 0 1 185 79 119 
-1654 1508 -854 -200 464 306 0 0 0 0 1 181 78 118 
-1464 1312 -717 389 659 9 0 0 0 0 1 174 80 114 
-1480 1472 -554 723 1010 -107 0 0 0 0 1 169 80 121 
-1183 1983 -63 701 1224 -80 0 0 0 0 1 178 77 105 
-1191 1400 -101 626 1417 25 0 0 0 0 1 179 88 109 
-1169 1425 7 525 1366 173 0 0 0 0 1 171 72 98 
-1304 1416 -155 490 1226 205 0 0 0 0 1 161 67 96 
-1518 1385 -224 410 1008 136 0 0 0 0 1 168 87 96 
-1473 1375 -241 349 939 28 0 0 0 0 1 158 73 95 
-1535 1345 -299 282 1015 -244 0 0 0 0 1 159 65 89 
-1471 1194 -578 286 1162 -455 0 0 0 0 1 149 57 77 
-1243 1018 -824 443 1380 -620 0 0 0 0 1 142 69 77 
-1153 1213 -927 685 1451 -629 0 0 0 0 1 141 66 76 
-1183 1534 -1036 835 1406 -612 0 0 0 0 1 141 56 65 
-1269 1325 -971 974 1293 -599 0 0 0 0 1 149 42 77 
-1280 1212 -861 949 1396 -623 0 0 0 0 1 141 46 60 
-1269 1180 -706 841 1609 -677 0 0 0 0 1 122 39 65 
-1348 1164 -687 607 2008 -833 0 0 0 0 1 129 39 48 
-1531 1061 -874 390 2304 -1057 0 0 0 0 1 122 34 53 
-1568 1026 -1015 274 2368 -1225 0 0 0 0 1 122 34 46 
-1614 1058 -1131 126 2196 -1469 0 0 0 0 1 97 23 36 
-1656 1040 -1175 -6 2030 -1606 0 0 0 0 1 107 33 40 
-1601 950 -1115 -323 1841 -1738 0 0 0 0 1 97 28 31 
-1707 837 -1041 -623 1811 -1796 0 0 0 0 1 89 14 27 
-1485 960 -837 -1237 1778 -1850 0 0 0 0 1 89 26 16 
-1553 1077 -855 -1842 1573 -1920 0 0 0 0 1 84 29 25 
-1404 1112 -778 -2209 1313 -1962 0 0 0 0 1 86 13 22 
-1497 1143 -776 -2762 815 -2165 0 0 0 0 1 69 40 17 
-1521 1329 -766 -2923 709 -2318 0 0 0 0 1 71 45 19 
-1501 1388 -919 -3002 745 -2530 0 0 0 0 1 73 41 18 
-1480 1541 -892 -2978 1129 -2657 0 0 0 0 1 74 57 19 
-1452 1604 -760 -2917 1685 -2693 0 0 0 0 1 42 130 34 
-2545 2031 310 -3517 1466 -2773 0 0 0 0 1 44 139 37 
-2546 1937 401 -3519 1352 -2662 0 0 0 0 1 42 139 41 
-2630 1754 527 -3513 1191 -2613 0 0 0 0 1 42 157 44 
-2731 1670 569 -3431 860 -2625 0 0 0 0 1 54 161 53 
-2858 1444 488 -3237 529 -2749 0 0 0 0 1 54 166 62 
-2936 1293 337 -3027 398 -2882 0 0 0 0 1 51 171 58 
-2933 1116 254 -2655 522 -3093 0 0 0 0 1 66 174 55 
-2811 811 130 -2390 838 -3215 0 0 0 0 1 64 172 71 
-2756 377 186 -2023 1561 -3329 0 0 0 0 1 73 176 67 
-2601 72 555 -1818 2584 -3289 0 0 0 0 1 76 180 84 
-2352 -229 1121 -1636 3205 -3059 0 0 0 0 1 70 179 83 
-2591 -241 1115 -1383 3010 -2887 0 0 0 0 1 68 164 65 
-2849 -225 1379 -872 2259 -2567 0 0 0 0 1 75 191 74 
-2885 -717 2235 -63 1131 -1602 0 0 0 0 1 81 177 71 
-2915 -916 3264 919 -69 -446 0 0 0 0 1 87 188 65 
-2555 -766 3492 4306 -3750 2403 0 0 0 0 1 84 176 65 
-2206 -1276 -461 10678 -6595 5394 0 0 0 0 1 94 147 55 
-2808 -762 -37 14402 -4972 6627 0 0 0 0 1 107 118 50 
-2304 -1784 -2388 19042 -2757 9017 0 0 0 0 1 106 88 30 
-942 -3003 -3290 20760 -2839 11236 0 0 0 0 1 103 49 16 
-1321 -8600 -5485 21169 -3432 14848 0 0 0 0 1 93 -8 22 
-2783 -9550 -5984 17218 1898 15789 0 0 0 0 1 119 -30 10 
-2797 -10522 -7833 12501 7008 14324 0 0 0 0 1 113 -51 0 
-318 -6993 -9578 5983 11301 7839 0 0 0 0 1 53 -55 -15 
403 -4759 -5299 -24 7510 -994 0 0 0 0 1 22 -60 -33 
787 -4702 2089 -4501 601 -5171 0 0 0 0 1 17 -62 -26 
388 -2508 380 -9116 -7504 -7516 0 0 0 0 1 34 -47 -29 
269 -1751 -2801 -8469 -7523 -7178 0 0 0 0 1 54 -29 -23 
-270 -2141 -2474 -5417 -1806 -5902 0 0 0 0 1 90 3 1 
-630 -1254 -854 -3389 646 -4517 0 0 0 0 1 86 3 3 
-940 -698 61 -1343 1350 -2163 0 0 0 0 1 92 4 11 
-1445 -176 112 -543 1352 -916 0 0 0 0 1 84 2 9 
-1658 36 -482 140 1560 294 0 0 0 0 1 83 3 1 
-1614 30 -970 358 1375 1012 0 0 0 0 1 70 4 -2 
-1633 85 -1304 321 1056 1258 0 0 0 0 1 76 11 1 
-1634 94 -1666 155 712 1343 0 0 0 0 1 82 -4 -6 
-1510 93 -2246 -76 595 1217 0 0 0 0 1 67 3 -5 
-1406 13 -2388 -270 626 1088 0 0 0 0 1 60 6 -8 
-1292 -107 -2525 -556 735 868 0 0 0 0 1 64 11 -15 
-1177 -151 -2569 -722 924 721 0 0 0 0 1 49 12 -20 
-1040 -120 -2516 -938 1406 544 0 0 0 0 1 36 30 -12 
-864 -34 -2296 -1073 1617 424 0 0 0 0 1 46 13 -10 
-997 64 -2225 -1197 1325 112 0 0 0 0 1 38 18 -22 
-1164 58 -2295 -1228 902 -160 0 0 0 0 1 34 20 -12 
-1307 2 -2343 -1249 432 -610 0 0 0 0 1 36 28 -10 
-1430 22 -2321 -1324 187 -1059 0 0 0 0 1 30 26 -20 
-1563 24 -2359 -1389 21 -1293 0 0 0 0 1 38 38 -15 
-1550 66 -2241 -1567 -134 -1473 0 0 0 0 1 33 44 -16 
-1286 143 -1875 -1824 -31 -1446 0 0 0 0 1 33 44 -9 
-1138 361 -1609 -1984 61 -1430 0 0 0 0 1 36 47 -3 
-1288 550 -1443 -2181 -42 -1583 0 0 0 0 1 29 57 -5 
-1572 926 -1166 -2374 -635 -1897 0 0 0 0 1 34 72 10 
-2152 957 -916 -2523 -1175 -2190 0 0 0 0 1 41 62 8 
-2478 900 -763 -2804 -1864 -2648 0 0 0 0 1 47 66 4 
-2704 914 -666 -2987 -2116 -2913 0 0 0 0 1 43 65 10 
-2596 1074 -565 -3246 -2129 -3178 0 0 0 0 1 68 83 16 
-2581 1301 -436 -3480 -1889 -3338 0 0 0 0 1 71 79 22 
-2464 1596 -59 -3654 -1742 -3352 0 0 0 0 1 81 96 43 
-2458 1616 204 -3902 -1788 -3230 0 0 0 0 1 96 100 46 
-2876 1323 382 -4021 -1917 -3176 0 0 0 0 1 114 109 43 
-3314 1034 619 -4171 -1773 -3255 0 0 0 0 1 112 114 59 
-3433 1088 881 -4338 -798 -3490 0 0 0 0 1 123 111 75 
-3409 1037 731 -4348 271 -3644 0 0 0 0 1 128 114 75 
-3332 1068 989 -4369 2347 -3892 0 0 0 0 1 135 116 89 
-3638 1119 1324 -4446 3635 -4063 0 0 0 0 1 129 122 81 
-3595 897 1659 -4790 4348 -4102 0 0 0 0 1 126 128 82 
-3921 1166 2496 -5179 3480 -3960 0 0 0 0 1 125 134 74 
-4059 1063 2676 -5568 782 -3304 0 0 0 0 1 127 132 93 
-4135 683 2690 -5480 -602 -2670 0 0 0 0 1 139 137 97 
-4073 218 2222 -4616 -687 -1759 0 0 0 0 1 146 144 111 
-3735 -423 2255 -3427 791 -944 0 0 0 0 1 142 148 124 
-3528 -741 2378 -2805 1401 -414 0 0 0 0 1 138 163 122 
-3347 -1110 2542 -2371 1269 322 0 0 0 0 1 142 168 129 
-3106 -1602 2712 -2340 1129 703 0 0 0 0 1 136 179 132 
-2957 -1778 2520 -2322 1437 1027 0 0 0 0 1 135 190 126 
-2768 -1813 2364 -2233 1905 1096 0 0 0 0 1 115 206 135 
-2739 -1916 2433 -1997 2519 1111 0 0 0 0 1 119 195 126 
-2787 -2001 2825 -1682 2722 1106 0 0 0 0 1 117 210 130 
-3170 -2143 3503 -1268 2528 1193 0 0 0 0 1 102 207 129 
-3364 -1798 4582 -987 1855 1497 0 0 0 0 1 92 225 128 
-3157 -1678 4160 473 -200 2745 0 0 0 0 1 86 219 122 
-3435 -1658 3978 2049 -907 3702 0 0 0 0 1 74 222 117 
-3445 -1354 4219 5199 -2002 5562 0 0 0 0 1 74 229 122 
-3070 -1499 2988 7887 -3020 7086 0 0 0 0 1 62 229 98 
-2879 -1572 2495 11887 -4009 9396 0 0 0 0 1 54 218 93 
-2464 -2069 1122 14313 -4651 10919 0 0 0 0 1 44 191 74 
-2339 -4835 -2859 17962 -5039 12908 0 0 0 0 1 40 161 41 
-2953 -6588 -4909 20305 -2398 13973 0 0 0 0 1 33 120 4 
-2670 -10867 -7134 20007 -265 14690 0 0 0 0 1 16 -2 -34 
-1454 -11759 -8491 16635 4242 15274 0 0 0 0 1 -7 -39 -34 
410 -10747 -10634 10457 9542 11799 0 0 0 0 1 -24 -77 -38 
628 -8620 -10093 6067 9342 6255 0 0 0 0 1 -46 -111 -31 
1743 -8018 -3985 -1488 4215 -2481 0 0 0 0 1 -62 -118 -40 
1290 -6590 -138 -9189 -5159 -7665 0 0 0 0 1 -80 -105 -32 
1191 -3757 -2118 -11259 -7915 -8403 0 0 0 0 1 -41 -42 -38 
925 -3371 -4205 -9437 -5511 -7892 0 0 0 0 1 -17 -3 -36 
-519 -2026 -1253 -5658 -196 -6849 0 0 0 0 1 0 7 -23 
-894 -1027 -333 -2752 154 -4925 0 0 0 0 1 -5 35 -10 
-1290 -312 82 -1731 -609 -3511 0 0 0 0 1 2 36 -34 
-1510 124 -621 -934 -696 -1763 0 0 0 0 1 8 33 -17 
-1553 95 -1251 -504 254 -549 0 0 0 0 1 3 45 -1 
-1679 198 -1877 -409 726 -73 0 0 0 0 1 11 49 -18 
-1755 258 -2076 -579 727 197 0 0 0 0 1 0 49 -27 
-1858 234 -2223 -812 359 141 0 0 0 0 1 -2 49 -18 
-1785 384 -2356 -1181 -474 -106 0 0 0 0 1 4 53 -16 
-1672 372 -2422 -1479 -1316 -292 0 0 0 0 1 7 46 -20 
-1545 389 -2487 -1615 -1694 -352 0 0 0 0 1 8 62 -19 
-1478 410 -2482 -1719 -1962 -357 0 0 0 0 1 18 58 -13 
-1255 634 -2245 -1765 -2137 -288 0 0 0 0 1 16 71 -4 
-1020 753 -2049 -1788 -2178 -243 0 0 0 0 1 35 83 0 
-832 731 -1894 -1835 -2231 -271 0 0 0 0 1 48 84 12 
-1126 671 -1509 -1909 -2315 -466 0 0 0 0 1 46 82 12 
-1481 500 -1180 -2104 -2742 -965 0 0 0 0 1 57 94 3 
-1712 508 -931 -2418 -3312 -1536 0 0 0 0 1 81 96 24 
-1906 623 -704 -2768 -3877 -1868 0 0 0 0 1 84 98 20 
-1624 690 -720 -2942 -4155 -1867 0 0 0 0 1 100 116 43 
-1485 838 -610 -3121 -4135 -1673 0 0 0 0 1 113 112 51 
-1194 1151 -310 -3175 -3993 -1480 0 0 0 0 1 126 123 73 
-1203 1175 -428 -3039 -3807 -1275 0 0 0 0 1 147 123 89 
-1401 1039 -594 -2781 -3211 -1332 0 0 0 0 1 142 128 108 
-1637 897 -275 -2670 -2454 -1498 0 0 0 0 1 168 121 126 
-1797 809 130 -2696 -1025 -1823 0 0 0 0 1 162 130 121 
-1964 552 695 -2820 -152 -2008 0 0 0 0 1 174 134 118 
-1995 674 1211 -3119 548 -2123 0 0 0 0 1 178 123 136 
-1844 726 1316 -3354 301 -1937 0 0 0 0 1 176 130 146 
-1624 821 1191 -3377 -102 -1705 0 0 0 0 1 174 137 139 
-1636 1102 1194 -3253 -408 -1419 0 0 0 0 1 182 145 154 
-1797 1142 1155 -2983 -51 -1334 0 0 0 0 1 174 134 167 
-2068 925 1290 -2790 541 -1394 0 0 0 0 1 180 136 154 
-2252 696 1468 -2593 1739 -1568 0 0 0 0 1 188 139 165 
-2456 358 1689 -2515 2488 -1672 0 0 0 0 1 185 138 159 
-2524 189 1888 -2493 3191 -1712 0 0 0 0 1 186 137 158 
-2724 15 2190 -2551 3424 -1725 0 0 0 0 1 182 133 152 
-3001 132 2391 -2646 3357 -1823 0 0 0 0 1 171 138 138 
-3151 147 2437 -2787 2982 -1998 0 0 0 0 1 173 133 131 
-3244 -45 2395 -2858 2763 -2104 0 0 0 0 1 166 131 136 
-3307 -125 2441 -2950 2831 -2212 0 0 0 0 1 172 134 137 
-3074 -197 2228 -2934 3101 -2176 0 0 0 0 1 163 128 131 
-2917 -90 2195 -2758 3449 -1859 0 0 0 0 1 160 127 125 
-2797 93 2276 -2498 3455 -1325 0 0 0 0 1 161 126 122 
-2852 228 2428 -2320 3139 -908 0 0 0 0 1 163 126 124 
-2907 286 2446 -2080 2391 -240 0 0 0 0 1 147 160 108 
-2869 233 2392 -1962 2058 238 0 0 0 0 1 145 148 117 
-2620 57 2341 -1866 2233 1004 0 0 0 0 1 139 147 107 
-2584 -96 2202 -1848 2508 1472 0 0 0 0 1 139 164 104 
-2628 -261 2291 -1953 2626 2100 0 0 0 0 1 116 160 96 
-2977 -210 2413 -2156 2471 2557 0 0 0 0 1 119 170 105 
-2988 -216 2551 -2320 2455 2865 0 0 0 0 1 108 188 95 
-2954 -247 2715 -2542 2685 3493 0 0 0 0 1 79 202 108 
-3259 -115 3299 -2596 2599 4160 0 0 0 0 1 70 210 111 
-3376 5 2514 -1730 1773 5718 0 0 0 0 1 61 225 102 
-4166 420 2775 50 727 7489 0 0 0 0 1 30 255 107 
-4237 1419 1811 2074 -1122 9041 0 0 0 0 1 20 234 110 
-4373 1680 804 6048 -3212 11156 0 0 0 0 1 -8 261 108 
-4594 880 -754 9781 -3421 12751 0 0 0 0 1 -24 244 84 
-4312 510 -1867 11845 -3310 13955 0 0 0 0 1 -61 186 34 
-3768 -84 -2290 13741 -3627 16014 0 0 0 0 1 -93 138 12 
-4618 -3666 -2163 14158 -4013 17005 0 0 0 0 1 -90 79 1 
-6705 -6151 -2545 14057 -4761 17053 0 0 0 0 1 -82 22 -23 
-6883 -10319 -2986 12196 -3392 14909 0 0 0 0 1 -71 -33 -31 
-5662 -11619 -2601 6993 -956 9310 0 0 0 0 1 -57 -72 -29 
-2867 -11495 -3101 3203 -1183 5057 0 0 0 0 1 -54 -110 -34 
2092 -7241 -8524 -842 -3039 -1945 0 0 0 0 1 -43 -109 -29 
2086 -4786 -7516 -2724 -1817 -4545 0 0 0 0 1 -31 -84 -26 
574 -3804 -3386 -6405 -3600 -5108 0 0 0 0 1 -24 -87 -24 
-913 -2735 -622 -8879 -5155 -4781 0 0 0 0 1 -14 -56 -37 
-1299 -2449 -1162 -8653 -4457 -4596 0 0 0 0 1 2 -26 -46 
-1068 -2257 -1593 -6127 -1246 -4411 0 0 0 0 1 25 -2 -27 
-559 -1208 -1504 -3070 1602 -3819 0 0 0 0 1 22 30 -24 
-193 -251 -712 -1672 1702 -2986 0 0 0 0 1 16 14 -25 
-181 155 -633 -654 96 -1512 0 0 0 0 1 18 17 -11 
-319 131 -1152 -183 -1073 -485 0 0 0 0 1 18 19 -18 
-755 -117 -2337 187 -792 -202 0 0 0 0 1 21 24 -23 
-953 -353 -2909 216 -226 -272 0 0 0 0 1 23 26 -20 
-963 -461 -2976 -178 -4 -483 0 0 0 0 1 30 26 -30 
-901 -517 -2599 -932 -357 -688 0 0 0 0 1 27 23 -24 
-923 -501 -2673 -1359 -493 -825 0 0 0 0 1 29 28 -26 
-903 -399 -2892 -1686 -475 -985 0 0 0 0 1 31 30 -19 
-604 -135 -2717 -1869 -325 -1139 0 0 0 0 1 31 35 -10 
-471 154 -2269 -2006 -390 -1323 0 0 0 0 1 31 33 -8 
-522 317 -2039 -2273 -725 -1769 0 0 0 0 1 38 50 -24 
-722 298 -1897 -2535 -996 -2333 0 0 0 0 1 37 56 -4 
-1100 334 -1883 -2670 -1081 -2716 0 0 0 0 1 51 66 -4 
-1249 401 -2019 -2746 -995 -3099 0 0 0 0 1 55 55 1 
-1354 507 -1930 -2757 -667 -3117 0 0 0 0 1 54 68 9 
-1169 680 -1557 -2767 -417 -2931 0 0 0 0 1 69 77 8 
-1107 846 -1285 -2806 34 -2602 0 0 0 0 1 63 83 11 
-1221 1275 -820 -2825 488 -2442 0 0 0 0 1 68 76 23 
-1474 1218 -735 -2786 663 -2473 0 0 0 0 1 57 89 8 
-1853 1094 -686 -2662 714 -2780 0 0 0 0 1 61 88 20 
-2619 1044 -458 -2612 726 -3114 0 0 0 0 1 70 95 23 
-2806 1053 -160 -2678 716 -3435 0 0 0 0 1 76 94 26 
-2698 1047 280 -2824 410 -3340 0 0 0 0 1 83 104 22 
-2561 1201 493 -2938 101 -3126 0 0 0 0 1 68 120 27 
-2506 1449 625 -3059 -354 -2810 0 0 0 0 1 79 118 47 
-2597 1535 568 -3037 -569 -2662 0 0 0 0 1 82 110 44 
-2679 1306 449 -2885 -478 -2592 0 0 0 0 1 90 126 45 
-3460 608 668 -2728 234 -2849 0 0 0 0 1 89 127 60 
-3679 381 880 -2733 786 -3143 0 0 0 0 1 108 127 55 
-3699 241 1390 -2843 937 -3272 0 0 0 0 1 94 130 60 
-3613 224 1452 -3023 748 -3335 0 0 0 0 1 110 130 76 
-3575 328 1495 -3183 394 -3288 0 0 0 0 1 103 137 72 
-3341 319 1620 -3303 301 -3140 0 0 0 0 1 110 137 81 
-3099 146 1594 -3423 349 -2741 0 0 0 0 1 106 139 90 
-3168 -300 1491 -3461 426 -2490 0 0 0 0 1 117 144 86 
-3198 -632 1510 -3483 752 -2142 0 0 0 0 1 128 141 96 
-3202 -945 1792 -3492 1250 -1801 0 0 0 0 1 127 157 93 
-2998 -982 1696 -3347 1321 -1500 0 0 0 0 1 119 155 108 
-2854 -1066 1466 -2852 1289 -973 0 0 0 0 1 135 172 96 
-2875 -1180 1506 -2438 1517 -693 0 0 0 0 1 121 175 112 
-3004 -1394 1528 -1784 2201 -485 0 0 0 0 1 125 179 114 
-3418 -1658 1514 -1191 2844 -570 0 0 0 0 1 123 175 105 
-3776 -1829 1796 -902 3023 -638 0 0 0 0 1 106 183 104 
-3751 -2101 2324 -678 3130 -508 0 0 0 0 1 110 174 97 
-4036 -2021 3254 -472 2869 -221 0 0 0 0 1 102 177 94 
-4083 -1977 3141 685 1731 628 0 0 0 0 1 99 174 93 
-5313 -1332 3098 2074 997 1186 0 0 0 0 1 90 168 87 
-5448 -1303 3111 4826 -356 2120 0 0 0 0 1 86 163 57 
-5656 -1041 3146 7800 -2544 3273 0 0 0 0 1 95 150 54 
-5387 -824 3073 9648 -4476 4260 0 0 0 0 1 104 133 45 
-5369 -1078 2716 12024 -6979 5941 0 0 0 0 1 102 106 43 
-4823 -1771 1109 13425 -7774 7305 0 0 0 0 1 130 96 47 
-4748 -3020 -1657 15621 -5416 9394 0 0 0 0 1 129 66 51 
-4947 -3047 -3780 16842 -503 12398 0 0 0 0 1 142 40 43 
-5351 -5526 -7753 17114 2749 15013 0 0 0 0 1 108 4 9 
-5620 -7263 -8144 15063 8514 17742 0 0 0 0 1 90 -1 -5 
-4994 -10294 -7409 10212 12514 15936 0 0 0 0 1 60 1 -29 
-300 -12925 -3067 6467 12731 12264 0 0 0 0 1 21 -22 -46 
4295 -11589 384 2934 6984 5164 0 0 0 0 1 -17 -38 -47 
4994 -9627 1401 1028 -2136 -1983 0 0 0 0 1 -31 -55 -43 
2871 -7435 38 -805 -6445 -5910 0 0 0 0 1 0 -63 -34 
-753 -5316 -517 -5152 -9006 -9293 0 0 0 0 1 33 -49 -25 
-1956 -3756 -1546 -7948 -6810 -9160 0 0 0 0 1 48 -40 -26 
-1827 -2210 -3816 -6626 -2157 -7251 0 0 0 0 1 63 -17 -11 
-1136 -1571 -3336 -4774 1112 -5682 0 0 0 0 1 70 0 -6 
-980 -975 -2458 -2567 3415 -3266 0 0 0 0 1 53 1 -19 
-1325 -567 -1125 -1795 2179 -1291 0 0 0 0 1 41 13 -12 
-1607 -565 -737 -1727 984 -394 0 0 0 0 1 38 6 -8 
-1894 -662 -1371 -1579 328 192 0 0 0 0 1 50 18 -10 
-1969 -642 -1763 -1294 588 28 0 0 0 0 1 40 24 -4 
-2005 -497 -1697 -1221 707 -306 0 0 0 0 1 37 26 -11 
-1918 -266 -1535 -1318 68 -836 0 0 0 0 1 42 31 -13 
-1955 -138 -1503 -1580 -1105 -1309 0 0 0 0 1 53 40 -8 
-2219 74 -1613 -1786 -1784 -1578 0 0 0 0 1 46 30 -24 
-2248 243 -1717 -2102 -2408 -1773 0 0 0 0 1 58 39 -6 
-2120 459 -1723 -2330 -2508 -1764 0 0 0 0 1 67 45 -1 
-1918 614 -1579 -2628 -2203 -1560 0 0 0 0 1 73 53 11 
-1583 728 -1610 -2711 -1637 -1283 0 0 0 0 1 86 57 10 
-1853 983 -1524 -2690 -1353 -1203 0 0 0 0 1 82 80 16 
-2041 1001 -1332 -2641 -1326 -1155 0 0 0 0 1 93 79 17 
-2325 930 -1056 -2696 -1428 -1253 0 0 0 0 1 102 82 26 
-2670 977 -419 -2834 -1409 -1386 0 0 0 0 1 99 85 41 
-2802 1020 -167 -3078 -1414 -1557 0 0 0 0 1 110 90 37 
-2371 1251 222 -3206 -1441 -1551 0 0 0 0 1 116 109 50 
-2224 1316 299 -3291 -1625 -1342 0 0 0 0 1 120 98 48 
-2139 1358 298 -3181 -2065 -1118 0 0 0 0 1 134 115 65 
-2228 1367 302 -2990 -2301 -1033 0 0 0 0 1 145 118 77 
-2389 1191 581 -2889 -2162 -1057 0 0 0 0 1 156 143 126 
-2453 653 1139 -1710 -495 -563 0 0 0 0 1 162 147 137 
-2583 454 1273 -1602 -447 -486 0 0 0 0 1 166 145 138 
-2659 290 1301 -1537 -50 -494 0 0 0 0 1 171 143 143 
-2793 102 1266 -1508 587 -630 0 0 0 0 1 167 147 142 
-2872 0 1025 -1459 989 -755 0 0 0 0 1 174 152 142 
-2820 -39 886 -1374 1443 -920 0 0 0 0 1 163 153 145 
-2691 21 908 -1370 1678 -982 0 0 0 0 1 167 154 149 
-2625 20 1111 -1534 1822 -982 0 0 0 0 1 158 149 142 
-1908 -200 2548 -1116 2534 862 0 0 0 0 1 156 187 140 
-1886 -254 2689 -1040 2454 1170 0 0 0 0 1 139 181 139 
-1857 -308 3083 -907 2380 1712 0 0 0 0 1 138 192 138 
-2084 -151 3411 -679 2320 2096 0 0 0 0 1 129 201 132 
-2446 -145 3483 -6 2110 2625 0 0 0 0 1 127 206 137 
-2731 48 4361 1017 1497 3402 0 0 0 0 1 109 207 126 
-2991 268 4483 2210 549 4119 0 0 0 0 1 96 213 107 
-2803 -116 4204 4974 -1136 5522 0 0 0 0 1 84 215 107 
-3161 405 4330 7173 -2060 6313 0 0 0 0 1 75 206 100 
-3027 79 3688 10789 -3908 7370 0 0 0 0 1 61 186 67 
-2226 -818 2399 14246 -5650 8424 0 0 0 0 1 69 165 57 
-1357 -2565 204 16222 -5580 9141 0 0 0 0 1 64 136 33 
-1767 -3933 -1016 18158 -3539 9949 0 0 0 0 1 57 104 10 
-3782 -8374 -3960 18380 -1712 9843 0 0 0 0 1 63 51 0 
-5249 -10862 -5709 15590 369 7800 0 0 0 0 1 44 7 -16 
-3771 -10963 -7161 10094 792 4883 0 0 0 0 1 60 -50 -10 
-43 -8884 -10181 6545 1886 3035 0 0 0 0 1 58 -85 -9 
517 -6505 -10647 2102 1609 -58 0 0 0 0 1 53 -94 -12 
-309 -4902 -6983 -2755 -1209 -2237 0 0 0 0 1 44 -88 -6 
-380 -4532 -5343 -5921 -1909 -2777 0 0 0 0 1 49 -76 -16 
-707 -4196 -3350 -8609 -468 -3085 0 0 0 0 1 41 -47 -19 
-1512 -4170 -2351 -8169 829 -3648 0 0 0 0 1 56 -36 -11 
-1694 -3097 -1001 -6968 1896 -3860 0 0 0 0 1 57 13 -19 
-1215 -2610 -353 -5054 3184 -3502 0 0 0 0 1 36 20 -12 
-1237 -1931 882 -3654 3177 -2966 0 0 0 0 1 36 38 -15 
-1573 -1163 1281 -2943 2529 -2701 0 0 0 0 1 20 42 -17 
-1580 -797 1039 -1961 1420 -2323 0 0 0 0 1 25 49 -11 
-1538 -273 -15 -927 692 -1975 0 0 0 0 1 16 53 -27 
-1730 34 -1051 -341 451 -1797 0 0 0 0 1 14 51 -6 
-1825 87 -1569 154 172 -1495 0 0 0 0 1 2 46 -20 
-1694 129 -1982 104 -91 -1075 0 0 0 0 1 14 61 -18 
-1467 27 -2268 -119 -169 -803 0 0 0 0 1 4 39 -11 
-1381 -22 -2341 -565 -52 -573 0 0 0 0 1 5 42 -22 
-1337 -75 -2315 -858 53 -571 0 0 0 0 1 15 50 -5 
-1295 -36 -2250 -1197 -9 -742 0 0 0 0 1 8 57 -10 
-1134 9 -2253 -1345 -342 -1014 0 0 0 0 1 10 50 -17 
-1106 218 -2125 -1373 -610 -1259 0 0 0 0 1 18 58 -4 
-1241 392 -1908 -1454 -1151 -1675 0 0 0 0 1 18 61 -9 
-1275 462 -1604 -1543 -1669 -1889 0 0 0 0 1 36 60 -8 
-1432 509 -1496 -1722 -2488 -2154 0 0 0 0 1 33 63 4 
-1636 561 -1350 -1930 -2987 -2373 0 0 0 0 1 49 71 2 
-1685 646 -1223 -2132 -2915 -2557 0 0 0 0 1 68 78 9 
-1693 769 -1056 -2230 -2670 -2648 0 0 0 0 1 80 83 25 
-1823 896 -907 -2323 -2344 -2755 0 0 0 0 1 86 74 22 
-1884 1031 -715 -2354 -2375 -2728 0 0 0 0 1 90 74 31 
-2015 1005 -595 -2355 -2745 -2589 0 0 0 0 1 101 85 44 
-2479 904 -486 -2294 -2939 -2461 0 0 0 0 1 125 90 46 
-2611 912 -192 -2283 -2642 -2410 0 0 0 0 1 121 99 52 
-2691 934 69 -2298 -1745 -2318 0 0 0 0 1 147 96 80 
-2563 951 391 -2298 -1116 -2190 0 0 0 0 1 147 91 57 
-2446 1021 526 -2286 -373 -1861 0 0 0 0 1 142 89 82 
-2404 983 512 -2160 -57 -1382 0 0 0 0 1 146 93 81 
-2577 879 421 -2007 60 -1059 0 0 0 0 1 148 90 74 
-2723 777 570 -1792 490 -670 0 0 0 0 1 154 104 82 
-3020 644 951 -1665 1005 -456 0 0 0 0 1 140 96 82 
-3249 563 998 -1614 1077 -440 0 0 0 0 1 142 94 84 
-3492 489 1090 -1608 766 -575 0 0 0 0 1 138 94 84 
-3557 506 1203 -1652 509 -656 0 0 0 0 1 142 109 94 
-3478 479 1125 -1715 433 -559 0 0 0 0 1 142 118 87 
-3183 420 1273 -1785 673 -232 0 0 0 0 1 133 116 75 
-3316 441 1258 -1796 680 -75 0 0 0 0 1 139 120 86 
-3379 360 1331 -1779 446 25 0 0 0 0 1 135 128 80 
-3424 218 1434 -1767 265 25 0 0 0 0 1 135 123 94 
-3349 211 1461 -1776 102 32 0 0 0 0 1 140 136 94 
-3200 151 1404 -1794 80 89 0 0 0 0 1 145 138 98 
-3114 164 1351 -1821 53 194 0 0 0 0 1 140 143 94 
-3078 141 1102 -1786 25 248 0 0 0 0 1 136 134 107 
-2999 160 1057 -1722 138 289 0 0 0 0 1 133 143 96 
-2910 186 945 -1678 262 305 0 0 0 0 1 134 157 107 
-2804 139 875 -1633 468 330 0 0 0 0 1 129 159 116 
-2772 124 908 -1661 653 313 0 0 0 0 1 128 165 101 
-2724 60 1110 -1730 683 295 0 0 0 0 1 128 172 119 
-2694 -36 1302 -1897 592 302 0 0 0 0 1 132 179 104 
-2558 -169 1633 -2054 606 419 0 0 0 0 1 130 180 133 
-2414 -330 2061 -2125 737 588 0 0 0 0 1 122 193 123 
-2410 -358 2481 -2061 873 1025 0 0 0 0 1 119 185 129 
-2486 -306 2618 -1697 753 1445 0 0 0 0 1 120 203 144 
-2629 -299 3137 -763 564 2144 0 0 0 0 1 119 209 133 
-2888 -95 4563 88 150 2750 0 0 0 0 1 114 209 140 
-2919 109 5020 2287 -1881 4106 0 0 0 0 1 87 215 128 
-3157 132 4610 5794 -3796 5368 0 0 0 0 1 86 222 126 
-2974 -271 4324 8230 -3908 6143 0 0 0 0 1 97 226 103 
-2622 -891 3424 11201 -3200 7508 0 0 0 0 1 79 219 101 
-2457 -954 3244 12313 -2922 8522 0 0 0 0 1 74 199 68 
-3428 -1874 1265 13300 -2436 9636 0 0 0 0 1 60 182 45 
-3762 -2127 -999 13921 -790 11012 0 0 0 0 1 34 118 -3 
-3688 -4685 -6586 14384 2290 12172 0 0 0 0 1 10 94 -10 
-4895 -7535 -6491 11987 6956 11589 0 0 0 0 1 -21 49 -39 
-3566 -8996 -4178 5655 -345 7591 0 0 0 0 1 -31 23 -33 
-554 -11355 -5195 1943 -3320 4005 0 0 0 0 1 -36 6 -43 
3235 -8694 -10346 183 -2075 -488 0 0 0 0 1 -24 1 -45 
3795 -6324 -9749 -495 -736 -3300 0 0 0 0 1 -15 -3 -40 
1766 -4705 -5672 -2151 -1188 -4531 0 0 0 0 1 -2 0 -34 
-699 -3964 -2826 -5111 -1568 -5796 0 0 0 0 1 2 17 -25 
-1606 -2616 -1955 -5726 -1037 -6011 0 0 0 0 1 12 42 -29 
-1587 -1514 -1456 -4057 -206 -4916 0 0 0 0 1 23 49 -20 
-1066 -187 -1169 -2508 518 -3695 0 0 0 0 1 25 66 -18 
-960 348 -1160 -605 1387 -1941 0 0 0 0 1 24 69 -10 
-1154 125 -1341 241 1525 -796 0 0 0 0 1 14 63 -16 
-1281 -47 -1588 251 1481 -515 0 0 0 0 1 16 51 -27 
-1368 -217 -1910 -135 1370 -647 0 0 0 0 1 8 65 -22 
-1355 -144 -2566 -399 1227 -906 0 0 0 0 1 1 57 -22 
-1236 83 -2926 -713 1000 -1303 0 0 0 0 1 -5 55 -17 
-1095 67 -2888 -1039 749 -1631 0 0 0 0 1 -4 66 -18 
-1095 130 -2733 -1230 483 -1866 0 0 0 0 1 -11 56 -16 
-1265 167 -2517 -1473 -32 -2314 0 0 0 0 1 -8 65 -8 
-1338 323 -2276 -1701 -569 -2714 0 0 0 0 1 4 71 -16 
-1151 482 -2054 -1879 -846 -2840 0 0 0 0 1 1 82 -12 
-1035 502 -1968 -2115 -1050 -2888 0 0 0 0 1 11 85 -13 
-1085 576 -2026 -2219 -1048 -2931 0 0 0 0 1 14 80 -2 
-1249 680 -1861 -2282 -967 -2991 0 0 0 0 1 22 99 8 
-1415 769 -1587 -2416 -767 -3136 0 0 0 0 1 31 99 3 
-1675 810 -1318 -2507 -612 -3285 0 0 0 0 1 34 94 15 
-1905 855 -1041 -2540 -531 -3345 0 0 0 0 1 46 101 10 
-2087 978 -729 -2579 -682 -3316 0 0 0 0 1 38 111 12 
-2251 1077 -594 -2503 -1263 -3101 0 0 0 0 1 48 109 17 
-2445 1066 -573 -2387 -1560 -2919 0 0 0 0 1 61 112 37 
-2660 1110 -531 -2257 -1314 -2719 0 0 0 0 1 77 115 30 
-2631 1142 -252 -2303 -227 -2479 0 0 0 0 1 77 117 46 
-2718 971 63 -2410 566 -2329 0 0 0 0 1 73 127 44 
-2814 909 241 -2622 1211 -2165 0 0 0 0 1 80 127 44 
-3145 780 626 -2840 1032 -2090 0 0 0 0 1 83 131 52 
-3393 612 663 -2947 642 -2083 0 0 0 0 1 82 147 51 
-3511 489 788 -3050 250 -2086 0 0 0 0 1 75 152 55 
-3603 425 998 -3078 180 -2091 0 0 0 0 1 89 152 60 
-3644 320 937 -3005 214 -2113 0 0 0 0 1 81 150 64 
-3638 303 957 -2904 328 -2146 0 0 0 0 1 87 149 79 
-3668 228 967 -2752 573 -2221 0 0 0 0 1 92 169 81 
-3746 -279 1201 -2666 846 -2305 0 0 0 0 1 106 164 83 
-3846 -632 1469 -2645 988 -2374 0 0 0 0 1 99 169 79 
-3950 -717 1631 -2616 1009 -2506 0 0 0 0 1 104 172 94 
-3885 -649 1882 -2581 889 -2507 0 0 0 0 1 112 168 94 
-3563 -808 2028 -2455 709 -2143 0 0 0 0 1 110 166 95 
-3278 -999 2456 -2326 796 -1671 0 0 0 0 1 113 169 102 
-3064 -1100 2672 -1883 1332 -647 0 0 0 0 1 110 179 111 
-3284 -1326 2755 -1003 2183 410 0 0 0 0 1 102 185 101 
-3742 -1420 3214 -302 2672 1228 0 0 0 0 1 103 181 100 
-4000 -1509 3755 621 2627 2646 0 0 0 0 1 95 192 94 
-4626 -910 4440 1281 1500 3713 0 0 0 0 1 80 191 90 
-4807 -849 4262 2959 -670 5413 0 0 0 0 1 70 198 76 
-5357 -286 4190 4535 -1561 6282 0 0 0 0 1 60 197 77 
-5618 81 3690 7270 -2793 7083 0 0 0 0 1 53 192 59 
-5795 -149 3572 9805 -4491 7568 0 0 0 0 1 58 179 51 
-4789 -1224 2357 11386 -5635 7971 0 0 0 0 1 49 161 39 
-3844 -2184 1113 12971 -5472 8462 0 0 0 0 1 56 125 23 
-3806 -3628 -739 13786 -3881 8907 0 0 0 0 1 70 76 0 
-3849 -6599 -3858 13947 -2045 9250 0 0 0 0 1 70 34 -6 
-3905 -9658 -7276 13676 125 9845 0 0 0 0 1 66 -2 -6 
-2969 -11439 -10273 10472 2678 8466 0 0 0 0 1 60 -13 -12 
227 -10101 -10122 6577 2882 6145 0 0 0 0 1 51 -51 -20 
3367 -6774 -10162 844 854 1546 0 0 0 0 1 47 -68 -18 
4709 -4063 -9810 -3727 -1766 -2097 0 0 0 0 1 47 -58 -27 
3988 -3563 -7323 -6405 -1875 -3589 0 0 0 0 1 57 -28 -22 
1237 -5491 -3355 -8871 -534 -4981 0 0 0 0 1 56 -14 -27 
-172 -5751 -615 -8552 465 -5435 0 0 0 0 1 53 1 -12 
-502 -3986 1462 -5944 1039 -4578 0 0 0 0 1 61 34 -16 
-486 -1906 1702 -3824 1395 -3611 0 0 0 0 1 60 45 -1 
-707 -655 1413 -1356 1225 -1939 0 0 0 0 1 62 62 1 
-895 -369 1164 -157 546 -458 0 0 0 0 1 55 57 -1 
-1178 -272 -36 206 292 144 0 0 0 0 1 62 62 -3 
-1177 -529 -881 324 478 478 0 0 0 0 1 49 56 -2 
-1327 -660 -1501 -10 530 259 0 0 0 0 1 53 65 -3 
-1376 -568 -1776 -372 86 12 0 0 0 0 1 53 62 -8 
-1392 -454 -1918 -932 -786 -406 0 0 0 0 1 53 50 -5 
-1567 -361 -2326 -1306 -1301 -794 0 0 0 0 1 49 53 2 
-1485 -252 -2533 -1503 -1272 -1034 0 0 0 0 1 60 69 5 
-1481 -168 -2449 -1605 -1117 -1177 0 0 0 0 1 70 66 2 
-1424 -76 -2203 -1840 -984 -1404 0 0 0 0 1 75 76 6 
-1424 1 -2002 -2030 -1088 -1567 0 0 0 0 1 75 73 16 
-1631 71 -1914 -2301 -1327 -1912 0 0 0 0 1 83 82 12 
-2016 169 -1794 -2559 -1399 -2244 0 0 0 0 1 90 77 15 
-2147 210 -1487 -2746 -1357 -2334 0 0 0 0 1 99 88 20 
-2145 340 -1228 -2974 -1429 -2185 0 0 0 0 1 99 85 30 
-1818 638 -1181 -2920 -1582 -1680 0 0 0 0 1 113 88 37 
-1695 812 -935 -2788 -1476 -1271 0 0 0 0 1 113 93 53 
-1723 847 -832 -2445 -1048 -798 0 0 0 0 1 104 111 57 
-1890 835 -681 -2100 -395 -688 0 0 0 0 1 110 120 55 
-2227 783 -145 -2006 -40 -796 0 0 0 0 1 117 120 79 
-2359 731 127 -2046 -153 -981 0 0 0 0 1 119 116 66 
-2356 695 364 -2123 -669 -1029 0 0 0 0 1 128 126 75 
-2242 832 411 -2200 -1507 -929 0 0 0 0 1 117 125 76 
-2074 806 399 -2142 -1721 -616 0 0 0 0 1 142 123 91 
-2035 836 388 -2014 -1517 -407 0 0 0 0 1 143 139 93 
-2084 825 529 -1770 -941 -177 0 0 0 0 1 140 136 98 
-2091 762 697 -1498 -334 -88 0 0 0 0 1 142 143 105 
-2213 650 898 -1349 -22 -123 0 0 0 0 1 151 144 100 
-2249 638 1085 -1222 97 -260 0 0 0 0 1 147 138 108 
-2270 499 1143 -1164 -80 -366 0 0 0 0 1 146 147 114 
-2322 483 1136 -1091 -426 -536 0 0 0 0 1 138 155 108 
-2446 489 1087 -1035 -505 -704 0 0 0 0 1 146 154 109 
-2409 436 1097 -1007 -330 -765 0 0 0 0 1 152 155 112 
-2401 402 1112 -974 289 -851 0 0 0 0 1 143 164 102 
-2554 422 1063 -944 818 -947 0 0 0 0 1 142 150 115 
-2698 520 1176 -956 1508 -1145 0 0 0 0 1 152 165 124 
-2954 516 1200 -1056 1701 -1347 0 0 0 0 1 149 148 122 
-3091 516 1216 -1181 1543 -1450 0 0 0 0 1 148 149 121 
-3256 397 1204 -1423 1350 -1560 0 0 0 0 1 161 148 112 
-3438 223 1279 -1825 1816 -1663 0 0 0 0 1 151 149 107 
-3498 215 1378 -2187 2354 -1746 0 0 0 0 1 152 148 110 
-3545 90 1364 -2761 2955 -1862 0 0 0 0 1 148 164 109 
-3899 326 1637 -3153 2947 -1948 0 0 0 0 1 139 144 109 
-3897 512 1801 -3584 2079 -1790 0 0 0 0 1 141 154 107 
-3686 675 1725 -3624 1233 -1461 0 0 0 0 1 134 157 121 
-3685 846 1763 -3302 225 -777 0 0 0 0 1 142 172 124 
-3563 686 1611 -2533 -168 55 0 0 0 0 1 135 165 126 
-3555 427 1732 -1930 -21 605 0 0 0 0 1 136 181 130 
-3390 116 2031 -1123 611 1495 0 0 0 0 1 140 177 126 
-3119 -143 2192 -627 941 2186 0 0 0 0 1 129 186 135 
-2958 -343 2392 -51 1295 3257 0 0 0 0 1 119 195 126 
-3046 -542 2909 380 1744 4172 0 0 0 0 1 123 197 138 
-3243 -420 3187 681 1802 4641 0 0 0 0 1 94 218 125 
-3546 -205 3263 1417 1086 5111 0 0 0 0 1 73 220 111 
-3914 40 3661 2087 133 5342 0 0 0 0 1 73 233 118 
-3822 359 4186 3448 -2100 5911 0 0 0 0 1 51 225 107 
-3652 330 4215 5492 -4517 6778 0 0 0 0 1 50 222 96 
-2839 -81 3957 7179 -5578 7542 0 0 0 0 1 47 230 93 
-2280 -379 3442 9710 -5451 8741 0 0 0 0 1 36 214 80 
-2333 -2941 744 11388 -2459 9672 0 0 0 0 1 24 180 31 
-2840 -4022 -930 11578 44 9989 0 0 0 0 1 17 163 36 
-3548 -5070 -2342 10768 -47 9962 0 0 0 0 1 0 122 -4 
-4750 -7201 -3790 10295 -1954 9452 0 0 0 0 1 -15 82 -10 
-4088 -8339 -7580 11142 -3493 8480 0 0 0 0 1 -14 61 -11 
-623 -8092 -12882 10772 2381 7454 0 0 0 0 1 -9 22 -25 
2434 -6474 -12090 6494 6282 6017 0 0 0 0 1 -31 -38 -31 
3628 -3757 -9214 2532 5090 3956 0 0 0 0 1 -61 -51 -44 
2450 -5239 -5734 -3198 3013 -537 0 0 0 0 1 -76 -42 -40 
1630 -5652 -3723 -6525 103 -5467 0 0 0 0 1 -81 -25 -31 
336 -5569 -1404 -7174 -1333 -7827 0 0 0 0 1 -88 8 -45 
-48 -4402 -224 -6459 -2658 -9233 0 0 0 0 1 -56 49 -30 
-34 -3261 -45 -4676 -2702 -8538 0 0 0 0 1 -36 65 -24 
-719 -2328 -1232 -2852 -1360 -7242 0 0 0 0 1 -22 69 -29 
-1429 -1890 -1421 -2152 -421 -6360 0 0 0 0 1 -7 83 -23 
-1714 -1562 -1319 -1850 -57 -5096 0 0 0 0 1 -10 99 -17 
-1851 -856 -1206 -1747 -525 -4040 0 0 0 0 1 -1 84 -1 
-1920 -186 -1883 -1459 -938 -3524 0 0 0 0 1 3 106 -8 
-1937 -85 -2218 -1132 -908 -2905 0 0 0 0 1 27 91 -1 
-1733 -123 -2190 -1437 -106 -2361 0 0 0 0 1 23 107 -2 
-1882 103 -2409 -1752 317 -2051 0 0 0 0 1 16 98 -2 
-1823 180 -2274 -2158 802 -1542 0 0 0 0 1 21 117 -11 
-1516 243 -2292 -2200 924 -974 0 0 0 0 1 12 111 5 
-1591 377 -2104 -2056 843 -736 0 0 0 0 1 4 115 4 
-1616 475 -1864 -1709 503 -659 0 0 0 0 1 12 121 12 
-1766 501 -1684 -1432 117 -794 0 0 0 0 1 10 123 5 
-1921 446 -1558 -1160 -192 -1217 0 0 0 0 1 24 128 12 
-2020 393 -1290 -1207 -120 -1582 0 0 0 0 1 12 133 10 
-2267 358 -919 -1621 -141 -2169 0 0 0 0 1 22 131 22 
-2188 431 -758 -2190 -449 -2491 0 0 0 0 1 25 137 20 
-2016 636 -724 -2446 -653 -2507 0 0 0 0 1 25 142 23 
-1965 866 -825 -2479 -895 -2362 0 0 0 0 1 38 145 31 
-2018 1207 -712 -2323 -966 -2225 0 0 0 0 1 46 155 38 
-2204 1392 -366 -1994 -898 -2074 0 0 0 0 1 60 155 31 
-2291 1388 -333 -1628 -678 -2023 0 0 0 0 1 51 164 51 
-2443 1310 -369 -1317 -242 -2013 0 0 0 0 1 62 158 50 
-2425 1216 -160 -1232 207 -1989 0 0 0 0 1 62 168 61 
-2496 1153 -30 -1256 835 -1968 0 0 0 0 1 71 155 54 
-2803 1191 192 -1372 960 -1964 0 0 0 0 1 64 155 54 
-2990 1255 294 -1465 682 -1947 0 0 0 0 1 74 168 50 
-3057 1283 342 -1588 16 -1850 0 0 0 0 1 56 174 58 
-3106 1248 368 -1650 -291 -1758 0 0 0 0 1 60 168 68 
-3107 1172 368 -1701 -284 -1620 0 0 0 0 1 84 159 69 
-3157 877 272 -1679 237 -1511 0 0 0 0 1 93 165 84 
-3239 779 460 -1704 723 -1487 0 0 0 0 1 88 160 71 
-3365 709 721 -1814 1117 -1526 0 0 0 0 1 87 169 74 
-3590 648 1018 -1919 969 -1594 0 0 0 0 1 93 172 82 
-3700 601 1177 -2065 428 -1707 0 0 0 0 1 93 182 84 
-3664 598 1362 -2140 111 -1731 0 0 0 0 1 93 172 84 
-3573 525 1416 -2171 -153 -1667 0 0 0 0 1 101 188 100 
-3446 430 1502 -2123 -216 -1559 0 0 0 0 1 92 183 109 
-3344 324 1541 -2063 -236 -1458 0 0 0 0 1 114 197 122 
-3145 215 1663 -2000 -328 -1266 0 0 0 0 1 117 188 109 
-2967 246 1753 -1989 -613 -1021 0 0 0 0 1 116 192 117 
-2649 320 1773 -1994 -929 -815 0 0 0 0 1 121 202 122 
-2519 398 1818 -2035 -1473 -562 0 0 0 0 1 113 191 118 
-2528 163 1845 -2075 -1810 -490 0 0 0 0 1 125 201 139 
-2323 -128 1820 -2064 -2105 -400 0 0 0 0 1 125 201 155 
-2285 -431 1973 -1953 -1801 -317 0 0 0 0 1 139 201 158 
-2045 -751 2048 -1796 -1088 -255 0 0 0 0 1 141 210 165 
-1561 -993 2634 -1451 737 -30 0 0 0 0 1 136 208 186 
-1513 -1436 3164 -878 2759 406 0 0 0 0 1 135 212 171 
-1836 -1562 4230 -215 3516 838 0 0 0 0 1 130 202 168 
-2101 -1280 4392 1740 2702 1836 0 0 0 0 1 132 218 162 
-3087 -1623 4556 3686 988 2642 0 0 0 0 1 121 222 147 
-3733 -1527 4548 7182 -2217 3887 0 0 0 0 1 120 201 132 
-3997 -1652 3712 10974 -4291 4774 0 0 0 0 1 110 198 114 
-3277 -2711 1950 13226 -4102 5374 0 0 0 0 1 113 188 104 
-2544 -3613 833 15459 -2812 6792 0 0 0 0 1 113 159 74 
-2009 -4968 -2349 16359 -2443 8470 0 0 0 0 1 97 133 57 
-2629 -7812 -5345 15663 -1189 9059 0 0 0 0 1 103 107 37 
-3397 -9952 -7334 12457 1834 8957 0 0 0 0 1 77 49 4 
467 -8583 -11967 9743 3324 8826 0 0 0 0 1 67 38 -8 
2820 -5483 -12941 6140 7882 8761 0 0 0 0 1 28 22 -16 
2553 -2228 -9819 2860 10101 7054 0 0 0 0 1 15 15 -29 
1165 -2036 -5837 -565 4248 2829 0 0 0 0 1 -29 -8 -31 
543 -2983 -3532 -2285 108 -358 0 0 0 0 1 -37 0 -44 
105 -3433 -3505 -3963 -2553 -4172 0 0 0 0 1 -29 18 -36 
-296 -3344 -2593 -5040 -3237 -6093 0 0 0 0 1 -10 42 -31 
-823 -2313 -2143 -5065 -3086 -6392 0 0 0 0 1 9 53 -13 
-905 -1086 -2073 -4165 -1910 -5812 0 0 0 0 1 11 66 -11 
-803 -566 -1857 -2861 -586 -4538 0 0 0 0 1 21 73 -4 
-767 -242 -1526 -2138 -52 -3610 0 0 0 0 1 37 93 -2 
-840 -255 -1133 -1477 360 -2467 0 0 0 0 1 43 89 -3 
-956 -400 -1042 -1151 404 -1812 0 0 0 0 1 33 83 9 
-1157 -457 -1156 -967 250 -1637 0 0 0 0 1 36 101 15 
-1549 -220 -1388 -684 -80 -1681 0 0 0 0 1 37 98 -6 
-1615 -40 -1555 -474 -281 -1810 0 0 0 0 1 34 91 1 
-1397 108 -1580 -438 -313 -1731 0 0 0 0 1 42 85 11 
-1298 220 -1535 -472 -344 -1566 0 0 0 0 1 54 83 -2 
-1174 278 -1561 -499 -483 -1244 0 0 0 0 1 55 82 5 
-1049 511 -1506 -538 -488 -1073 0 0 0 0 1 53 82 8 
-1110 505 -1425 -660 -371 -959 0 0 0 0 1 54 80 11 
-1267 578 -1179 -825 -285 -1011 0 0 0 0 1 57 84 12 
-1493 604 -1093 -911 -337 -1112 0 0 0 0 1 55 96 15 
-1664 657 -1076 -976 -522 -1286 0 0 0 0 1 70 88 25 
-1639 713 -1014 -994 -719 -1310 0 0 0 0 1 68 88 9 
-1604 718 -937 -985 -827 -1232 0 0 0 0 1 68 95 25 
-1600 811 -805 -989 -938 -1076 0 0 0 0 1 73 95 25 
-1738 1136 -505 -1064 -978 -1024 0 0 0 0 1 75 95 23 
-1832 1187 -476 -1120 -1003 -1057 0 0 0 0 1 70 95 25 
-2013 1151 -428 -1197 -1021 -1196 0 0 0 0 1 81 89 29 
-2384 1178 -441 -1232 -994 -1344 0 0 0 0 1 82 98 32 
-2466 889 -481 -1208 -832 -1378 0 0 0 0 1 97 106 31 
-2448 887 -269 -1221 -340 -1306 0 0 0 0 1 92 105 34 
-2564 1122 -215 -1210 25 -1242 0 0 0 0 1 93 101 43 
-2520 1321 -20 -1211 478 -1126 0 0 0 0 1 90 106 43 
-2586 1328 120 -1291 668 -1051 0 0 0 0 1 109 116 40 
-2776 1125 421 -1437 594 -1055 0 0 0 0 1 87 107 46 
-3046 912 567 -1819 6 -1152 0 0 0 0 1 101 110 48 
-3743 800 878 -2350 -1147 -1347 0 0 0 0 1 94 117 53 
-3839 817 750 -2681 -2057 -1443 0 0 0 0 1 97 121 45 
-3872 819 527 -2981 -3132 -1498 0 0 0 0 1 109 116 73 
-3787 867 563 -3116 -3452 -1473 0 0 0 0 1 117 117 86 
-3567 706 642 -3217 -3387 -1315 0 0 0 0 1 134 142 97 
-3366 548 1040 -3268 -2754 -1139 0 0 0 0 1 151 125 100 
-3354 437 1151 -3227 -2107 -1092 0 0 0 0 1 153 144 118 
-3364 383 1134 -3001 -1145 -1084 0 0 0 0 1 166 145 122 
-3345 263 1190 -2712 -231 -1041 0 0 0 0 1 165 147 137 
-3129 98 1607 -2604 323 -940 0 0 0 0 1 159 153 136 
-3074 -20 1774 -2519 779 -746 0 0 0 0 1 169 152 151 
-3067 -66 1858 -2489 790 -631 0 0 0 0 1 154 165 150 
-2992 -91 1914 -2446 441 -464 0 0 0 0 1 165 164 142 
-2915 -134 1883 -2313 -193 -296 0 0 0 0 1 165 164 160 
-2715 -159 1833 -2140 -444 -200 0 0 0 0 1 175 160 157 
-2685 -190 1721 -1755 -252 -147 0 0 0 0 1 180 170 173 
-2488 -154 1658 -1491 218 -162 0 0 0 0 1 167 166 174 
-2422 -140 1523 -1102 859 -235 0 0 0 0 1 169 181 160 
-2267 -212 1533 -883 1064 -249 0 0 0 0 1 172 181 169 
-1793 -499 1996 -905 1123 -141 0 0 0 0 1 173 180 171 
-1506 -630 2198 -1109 1512 155 0 0 0 0 1 174 179 172 
-1427 -821 2962 -1417 2107 491 0 0 0 0 1 162 176 158 
-1565 -855 3471 -1574 2251 763 0 0 0 0 1 158 183 153 
-1648 -845 4141 -1431 1299 1542 0 0 0 0 1 158 206 160 
-1516 -862 4673 -750 -311 2453 0 0 0 0 1 155 203 165 
-1708 -740 4927 1682 -3723 4169 0 0 0 0 1 138 212 157 
-1280 -965 3631 6350 -6192 5604 0 0 0 0 1 145 224 166 
-2006 -946 2282 9919 -5564 5701 0 0 0 0 1 136 218 160 
-2362 -1746 376 14994 -2136 5390 0 0 0 0 1 129 220 149 
-2053 -2493 -2087 18577 1455 5922 0 0 0 0 1 119 197 110 
-1342 -4293 -4287 19731 2637 7043 0 0 0 0 1 109 170 68 
-1581 -5849 -5704 19264 2876 8701 0 0 0 0 1 96 132 30 
-2145 -8804 -8584 17527 3110 8922 0 0 0 0 1 54 26 -9 
-385 -7628 -10324 12334 4451 7508 0 0 0 0 1 30 -19 -30 
1149 -5739 -9722 4854 6643 4151 0 0 0 0 1 23 -36 -34 
859 -4140 -8680 508 7149 939 0 0 0 0 1 -2 -31 -44 
1101 -2549 -6115 -3904 4199 -3157 0 0 0 0 1 -29 -25 -40 
707 -1875 -4121 -6789 -1217 -5332 0 0 0 0 1 -41 3 -47 
-269 -1633 -3068 -8163 -4713 -6014 0 0 0 0 1 -31 20 -43 
-203 -1624 -3427 -8037 -5023 -5912 0 0 0 0 1 3 52 -29 
-312 -1459 -3669 -6632 -3723 -5470 0 0 0 0 1 24 74 -17 
-198 -1395 -2849 -4938 -1473 -4747 0 0 0 0 1 30 88 -4 
-61 -1503 -1264 -4104 -113 -4151 0 0 0 0 1 56 100 4 
-134 -1238 -237 -3306 1105 -3206 0 0 0 0 1 54 120 13 
-78 -1030 75 -2707 1463 -2204 0 0 0 0 1 48 121 15 
-235 -883 153 -2305 1555 -1648 0 0 0 0 1 49 122 16 
-459 -688 75 -1584 1587 -1135 0 0 0 0 1 43 128 10 
-791 -402 -269 -1008 1485 -977 0 0 0 0 1 43 136 19 
-951 -234 -504 -106 1158 -915 0 0 0 0 1 36 138 17 
-822 36 -995 482 892 -876 0 0 0 0 1 41 111 24 
-626 194 -1274 1221 712 -811 0 0 0 0 1 42 120 18 
-913 305 -1533 1619 876 -928 0 0 0 0 1 29 109 1 
-820 253 -1688 1682 1041 -1005 0 0 0 0 1 17 106 8 
-757 141 -1695 1513 1092 -1072 0 0 0 0 1 30 100 -2 
-790 100 -1734 1177 863 -1145 0 0 0 0 1 21 90 -2 
-860 136 -1787 954 639 -1218 0 0 0 0 1 22 96 -1 
-811 163 -1763 670 340 -1287 0 0 0 0 1 22 87 -10 
-1135 158 -1867 553 57 -1387 0 0 0 0 1 24 79 -1 
-1128 291 -1815 431 -232 -1474 0 0 0 0 1 12 72 -1 
-1092 365 -1823 395 -392 -1413 0 0 0 0 1 15 74 -10 
-1119 396 -1935 440 -469 -1328 0 0 0 0 1 37 56 2 
-1122 467 -1879 533 -368 -1138 0 0 0 0 1 33 66 2 
-1166 491 -1777 641 -35 -915 0 0 0 0 1 37 68 0 
-1397 526 -1623 772 272 -768 0 0 0 0 1 40 73 0 
-1927 592 -1476 901 353 -771 0 0 0 0 1 30 46 6 
-1986 639 -1408 979 285 -807 0 0 0 0 1 23 41 -13 
-2059 647 -1391 1059 60 -849 0 0 0 0 1 15 47 -8 
-2047 667 -1428 1103 -99 -815 0 0 0 0 1 29 33 -5 
-2019 594 -1459 1112 -84 -746 0 0 0 0 1 22 25 -1 
-2030 556 -1470 1111 129 -613 0 0 0 0 1 21 22 4 
-2278 420 -1437 1096 347 -553 0 0 0 0 1 18 14 2 
-2576 296 -1221 1023 662 -553 0 0 0 0 1 16 9 -4 
-2791 280 -1089 914 724 -633 0 0 0 0 1 16 7 -4 
-2797 355 -915 817 374 -677 0 0 0 0 1 12 -3 -3 
-2673 441 -952 819 -70 -664 0 0 0 0 1 14 0 0 
-2500 514 -989 911 -744 -591 0 0 0 0 1 10 -8 -1 
-2390 603 -1166 1036 -1023 -540 0 0 0 0 1 14 -14 0 
-2400 643 -1310 1286 -1049 -489 0 0 0 0 1 17 -20 -8 
-2481 597 -1180 1456 -716 -447 0 0 0 0 1 23 -24 -2 
-2456 314 -917 1487 -429 -393 0 0 0 0 1 21 -26 2 
-2357 115 -573 1406 -55 -287 0 0 0 0 1 31 -40 -3 
-2318 84 -431 1228 -3 -207 0 0 0 0 1 25 -41 0 
-2258 87 -396 1119 -189 -186 0 0 0 0 1 22 -50 10 
-2187 68 -480 1016 -672 -205 0 0 0 0 1 28 -58 0 
-2112 72 -501 972 -1098 -290 0 0 0 0 1 14 -58 2 
-2022 48 -461 946 -1276 -380 0 0 0 0 1 17 -65 12 
-1933 -30 -428 911 -1402 -539 0 0 0 0 1 29 -67 17 
-1683 -760 -216 76 -1780 -1863 0 0 0 0 1 84 -117 46 
-1643 -834 -165 -13 -1359 -1853 0 0 0 0 1 80 -107 44 
-1634 -990 -205 -38 -1112 -1817 0 0 0 0 1 80 -112 51 
-1759 -1165 -240 -17 -832 -1758 0 0 0 0 1 89 -130 48 
-1963 -1250 -272 73 -638 -1806 0 0 0 0 1 77 -137 46 
