Data Quantity : 14  Accelerometer : 3  Gyroscope : 3  FSR : 5







-1597 1144 -718 123 112 -5 0 0 0 0 1 148 61 72 
-1629 1154 -743 159 86 -40 0 0 0 0 1 151 46 72 
-1655 1175 -787 206 47 -83 0 0 0 0 1 146 51 53 
-1662 1175 -797 223 46 -96 0 0 0 0 1 161 55 73 
-1661 1186 -783 216 75 -91 0 0 0 0 1 140 50 73 
-1660 1192 -781 197 102 -81 0 0 0 0 1 152 52 66 
-1648 1202 -760 146 122 -50 0 0 0 0 1 139 41 69 
-1616 1214 -720 98 125 -21 0 0 0 0 1 141 56 55 
-1599 1214 -699 19 102 22 0 0 0 0 1 156 52 59 
-1581 1206 -675 -34 73 40 0 0 0 0 1 140 55 64 
-1566 1197 -649 -100 24 55 0 0 0 0 1 139 51 65 
-1559 1206 -644 -131 -22 44 0 0 0 0 1 141 49 60 
-1545 1196 -648 -149 -82 18 0 0 0 0 1 145 47 57 
-1535 1198 -651 -153 -101 -12 0 0 0 0 1 138 47 61 
-1490 1185 -645 -147 -90 -22 0 0 0 0 1 141 51 60 
-1482 1177 -647 -130 -62 -28 0 0 0 0 1 136 46 62 
-1463 1149 -652 -113 -41 -27 0 0 0 0 1 151 51 62 
-1471 1152 -652 -75 -23 -23 0 0 0 0 1 151 49 69 
-1482 1156 -666 -35 -41 -29 0 0 0 0 1 142 52 61 
-1481 1146 -678 -11 -56 -33 0 0 0 0 1 146 53 69 
-1456 1122 -675 15 -40 -23 0 0 0 0 1 152 47 71 
-1445 1120 -690 36 7 -27 0 0 0 0 1 149 60 71 
-1446 1087 -699 50 31 -33 0 0 0 0 1 142 50 59 
-1429 1063 -711 66 67 -45 0 0 0 0 1 138 47 64 
-1421 1040 -708 78 91 -65 0 0 0 0 1 148 58 69 
-1436 1015 -730 100 136 -122 0 0 0 0 1 146 56 58 
-1461 977 -734 110 194 -178 0 0 0 0 1 141 53 62 
-1483 945 -767 128 269 -295 0 0 0 0 1 143 53 55 
-1477 867 -841 149 308 -398 0 0 0 0 1 145 47 68 
-1456 819 -888 176 378 -587 0 0 0 0 1 151 49 65 
-1498 730 -948 196 476 -868 0 0 0 0 1 149 38 61 
-1508 699 -935 175 599 -1096 0 0 0 0 1 147 45 54 
-1504 673 -898 80 825 -1466 0 0 0 0 1 142 38 57 
-1525 600 -887 -82 944 -1837 0 0 0 0 1 141 29 60 
-1542 535 -893 -236 896 -2058 0 0 0 0 1 129 31 62 
-1541 407 -882 -539 746 -2344 0 0 0 0 1 140 23 59 
-1562 408 -946 -782 699 -2498 0 0 0 0 1 134 24 53 
-1610 388 -1041 -1160 762 -2674 0 0 0 0 1 136 17 48 
-1654 367 -1044 -1542 993 -2826 0 0 0 0 1 135 13 47 
-1808 372 -1083 -1760 1226 -2952 0 0 0 0 1 125 17 48 
-1899 416 -1100 -2033 1675 -3194 0 0 0 0 1 123 13 40 
-2106 558 -1015 -2200 1999 -3365 0 0 0 0 1 116 11 40 
-2213 649 -939 -2481 2278 -3543 0 0 0 0 1 106 12 30 
-2479 756 -689 -2721 2234 -3566 0 0 0 0 1 110 14 27 
-2578 763 -590 -3158 1874 -3437 0 0 0 0 1 103 22 20 
-2722 877 -500 -3612 1547 -3299 0 0 0 0 1 103 17 18 
-3024 1291 -436 -3866 1446 -3239 0 0 0 0 1 96 41 25 
-3151 1408 -498 -4104 1271 -3098 0 0 0 0 1 82 44 30 
-3268 1485 -500 -4170 1295 -2966 0 0 0 0 1 80 34 27 
-3447 1610 -462 -4125 1353 -2900 0 0 0 0 1 92 61 13 
-3539 1653 -395 -3970 1302 -2809 0 0 0 0 1 79 60 24 
-3701 1633 -281 -3836 1233 -2706 0 0 0 0 1 76 74 29 
-3736 1580 27 -4208 108 -2908 0 0 0 0 1 119 160 91 
-2766 -809 1721 -4056 538 -2794 0 0 0 0 1 116 165 108 
-2279 -790 3346 -3937 1039 -2104 0 0 0 0 1 116 175 98 
-2164 -742 3627 -2998 351 -576 0 0 0 0 1 127 176 114 
-2966 -1032 3599 -1595 -478 659 0 0 0 0 1 122 191 116 
-3599 -985 4432 1469 -2057 2661 0 0 0 0 1 121 192 122 
-4203 -1149 3683 4423 -3645 4128 0 0 0 0 1 128 187 131 
-4403 -1099 2806 9169 -4764 5903 0 0 0 0 1 122 186 128 
-3927 -1831 1931 12601 -4359 7628 0 0 0 0 1 119 177 96 
-3224 -2391 1784 13771 -4747 9083 0 0 0 0 1 108 164 72 
-3436 -3946 -667 15074 -7172 11241 0 0 0 0 1 107 131 64 
-3936 -5567 -2666 16466 -6264 12476 0 0 0 0 1 103 122 51 
-5384 -8034 -6376 16093 668 12229 0 0 0 0 1 94 80 27 
-4525 -8950 -7887 13769 5138 11811 0 0 0 0 1 83 60 8 
-2418 -8481 -8290 8824 6732 10151 0 0 0 0 1 51 44 -23 
468 -7682 -6807 5777 6074 7870 0 0 0 0 1 37 17 -27 
2741 -5631 -5575 2454 3456 3540 0 0 0 0 1 9 19 -20 
2607 -4692 -4380 -254 -433 -959 0 0 0 0 1 -8 20 -29 
237 -3243 -2418 -2208 -2673 -3497 0 0 0 0 1 10 18 -29 
-458 -2718 -1902 -5036 -4233 -5813 0 0 0 0 1 30 22 -18 
-708 -2055 -1955 -6307 -3924 -6200 0 0 0 0 1 40 36 -4 
-1088 -1323 -1616 -5622 -2462 -5522 0 0 0 0 1 62 47 -12 
-1156 -567 -617 -4471 -1478 -4717 0 0 0 0 1 70 53 -2 
-1126 -28 -475 -2310 -631 -3221 0 0 0 0 1 82 73 11 
-1291 597 -439 -486 -255 -1699 0 0 0 0 1 90 72 15 
-1312 622 -555 317 66 -837 0 0 0 0 1 86 69 24 
-1629 319 -553 817 887 41 0 0 0 0 1 92 56 11 
-1783 228 -818 863 1249 357 0 0 0 0 1 81 67 17 
-1857 259 -1191 765 1331 539 0 0 0 0 1 80 68 13 
-1798 309 -1450 617 1295 542 0 0 0 0 1 81 60 5 
-1482 354 -1689 444 1219 521 0 0 0 0 1 66 68 2 
-1169 315 -2008 244 925 449 0 0 0 0 1 64 55 8 
-981 188 -2204 99 576 272 0 0 0 0 1 70 61 -2 
-872 29 -2265 13 405 97 0 0 0 0 1 56 56 -2 
-718 -116 -2244 -140 292 -209 0 0 0 0 1 54 49 4 
-618 -188 -2215 -232 245 -448 0 0 0 0 1 56 53 2 
-628 -234 -2240 -305 105 -843 0 0 0 0 1 57 57 5 
-736 -204 -2211 -335 -104 -1274 0 0 0 0 1 50 50 -8 
-847 -235 -2116 -359 -366 -1562 0 0 0 0 1 42 49 6 
-890 -263 -2029 -461 -953 -1968 0 0 0 0 1 68 46 0 
-913 -311 -2051 -595 -1598 -2338 0 0 0 0 1 67 38 10 
-1036 -316 -2107 -706 -1828 -2581 0 0 0 0 1 84 39 6 
-1183 -307 -2070 -927 -1758 -2955 0 0 0 0 1 82 36 13 
-1311 -278 -1918 -1232 -1355 -3258 0 0 0 0 1 90 47 31 
-1148 -138 -1645 -1466 -1118 -3365 0 0 0 0 1 97 40 22 
-928 130 -1549 -1762 -1099 -3385 0 0 0 0 1 101 34 25 
-727 394 -1495 -1945 -1232 -3253 0 0 0 0 1 103 36 25 
-771 683 -1536 -1973 -1280 -3142 0 0 0 0 1 112 25 47 
-1203 790 -1378 -2011 -1267 -3045 0 0 0 0 1 113 31 34 
-1579 618 -971 -2097 -1254 -2947 0 0 0 0 1 128 28 45 
-2096 550 -886 -2134 -1169 -2938 0 0 0 0 1 121 38 47 
-2383 648 -769 -2205 -675 -2992 0 0 0 0 1 129 34 37 
-2852 784 -397 -2315 -130 -3039 0 0 0 0 1 125 31 46 
-3108 920 -10 -2660 661 -2977 0 0 0 0 1 133 25 38 
-3640 904 471 -3188 1127 -2741 0 0 0 0 1 114 35 43 
-4121 671 1148 -3632 1299 -2483 0 0 0 0 1 119 38 52 
-4510 512 1431 -4249 1471 -2095 0 0 0 0 1 116 38 54 
-5056 424 1610 -4560 1581 -1848 0 0 0 0 1 123 52 43 
-5499 629 1772 -4569 1568 -1769 0 0 0 0 1 117 61 44 
-5594 736 1865 -4314 1132 -1571 0 0 0 0 1 120 78 46 
-5669 787 2051 -4007 527 -1357 0 0 0 0 1 108 93 48 
-5763 756 2192 -3484 -375 -983 0 0 0 0 1 112 99 47 
-5724 263 2448 -3112 -848 -618 0 0 0 0 1 116 91 52 
-5636 -154 2422 -2995 -888 -407 0 0 0 0 1 113 107 60 
-5379 -396 2471 -3125 -659 -51 0 0 0 0 1 121 111 73 
-4960 -648 2311 -3339 -635 229 0 0 0 0 1 116 123 68 
-4303 -686 2151 -3750 -919 751 0 0 0 0 1 115 142 90 
-3698 -264 1972 -4029 -1268 1239 0 0 0 0 1 119 148 110 
-3441 -55 1200 -3937 -1490 1449 0 0 0 0 1 120 161 109 
-3015 32 1116 -3619 -1451 1687 0 0 0 0 1 135 172 105 
-2580 148 1184 -3374 -1062 1729 0 0 0 0 1 133 177 133 
-2406 139 1032 -2943 -39 1593 0 0 0 0 1 125 201 137 
-2141 71 988 -2689 864 1414 0 0 0 0 1 110 201 146 
-1863 -85 1167 -2504 2219 1182 0 0 0 0 1 117 201 144 
-1522 -571 1676 -2540 2920 1115 0 0 0 0 1 96 228 153 
-1633 -1106 2423 -2807 3394 1058 0 0 0 0 1 97 236 164 
-2220 -1304 3196 -3168 2768 937 0 0 0 0 1 87 237 153 
-2824 -1451 4144 -3203 1478 1020 0 0 0 0 1 89 233 160 
-2856 -1464 4643 -2354 -1740 1722 0 0 0 0 1 83 251 159 
-2853 -1113 4108 562 -5208 2816 0 0 0 0 1 87 257 179 
-2787 -1532 4050 3448 -6367 3411 0 0 0 0 1 79 244 182 
-2997 -1217 3516 8347 -5857 3638 0 0 0 0 1 75 252 174 
-3338 -978 1626 13738 -5482 3481 0 0 0 0 1 82 250 139 
-3056 -1115 -1155 16936 -5758 3789 0 0 0 0 1 90 222 112 
-2072 -2266 -2774 20871 -6034 5374 0 0 0 0 1 87 183 83 
-2299 -4674 -5912 23508 -5987 7372 0 0 0 0 1 95 138 57 
-4560 -8784 -7883 23121 -3393 8345 0 0 0 0 1 107 82 26 
-5110 -10631 -5902 15991 6155 9571 0 0 0 0 1 75 4 -2 
-2835 -7696 -8219 7310 9123 8919 0 0 0 0 1 41 -28 -17 
-485 -6787 -8285 3511 7466 6934 0 0 0 0 1 20 -28 -24 
2269 -3878 -7666 381 3914 2741 0 0 0 0 1 2 -39 -39 
1523 -3064 -5365 -2402 776 -1823 0 0 0 0 1 -10 -30 -33 
1053 -3037 -2170 -4530 -1366 -3913 0 0 0 0 1 -4 -19 -32 
241 -2250 -1215 -7005 -4319 -5481 0 0 0 0 1 12 11 -22 
-252 -1910 -1314 -7626 -5884 -5683 0 0 0 0 1 40 34 -11 
-961 -1620 -1741 -7015 -5327 -5450 0 0 0 0 1 60 42 3 
-1114 -1274 -1469 -5306 -2759 -4757 0 0 0 0 1 80 51 4 
-1019 -373 -999 -3372 -626 -3644 0 0 0 0 1 86 65 8 
-906 119 -677 -2238 113 -2734 0 0 0 0 1 95 67 19 
-949 316 -401 -1023 917 -1476 0 0 0 0 1 92 66 25 
-1173 214 -429 -483 1407 -849 0 0 0 0 1 89 68 25 
-1283 138 -658 32 1858 -205 0 0 0 0 1 67 72 12 
-1381 160 -1066 219 1838 83 0 0 0 0 1 82 83 18 
-1447 159 -1404 380 1346 305 0 0 0 0 1 64 82 10 
-1482 97 -1902 411 951 328 0 0 0 0 1 55 77 -1 
-1450 73 -1984 342 613 262 0 0 0 0 1 55 67 5 
-1260 -26 -2136 163 566 213 0 0 0 0 1 66 68 2 
-1083 -172 -2287 34 620 185 0 0 0 0 1 60 69 8 
-997 -286 -2339 -109 812 117 0 0 0 0 1 60 72 10 
-765 -438 -2345 -161 978 65 0 0 0 0 1 48 69 -1 
-686 -446 -2307 -182 982 -82 0 0 0 0 1 53 65 -1 
-650 -348 -2349 -182 516 -232 0 0 0 0 1 48 67 3 
-685 -165 -1861 -403 -497 -582 0 0 0 0 1 47 56 0 
-883 -163 -1557 -951 -1020 -1148 0 0 0 0 1 44 63 4 
-1187 -129 -1369 -1616 -1316 -1788 0 0 0 0 1 58 68 16 
-1252 -194 -1512 -2003 -1361 -2153 0 0 0 0 1 60 62 15 
-1165 -170 -1566 -2446 -1075 -2481 0 0 0 0 1 66 66 6 
-790 39 -1623 -2609 -871 -2497 0 0 0 0 1 76 69 15 
-739 286 -1642 -2667 -769 -2425 0 0 0 0 1 73 88 23 
-956 894 -1376 -2643 -798 -2356 0 0 0 0 1 73 90 20 
-1229 967 -1226 -2594 -799 -2341 0 0 0 0 1 87 95 32 
-1739 1011 -861 -2578 -466 -2466 0 0 0 0 1 93 99 38 
-2071 954 -587 -2708 278 -2784 0 0 0 0 1 89 105 41 
-2660 991 -107 -2886 782 -3085 0 0 0 0 1 92 100 41 
-2989 1013 347 -3324 1123 -3546 0 0 0 0 1 100 114 52 
-3035 1182 856 -3690 1015 -3775 0 0 0 0 1 89 98 53 
-3187 1590 1418 -4311 429 -4036 0 0 0 0 1 106 110 53 
-3411 1583 1576 -4840 -702 -4220 0 0 0 0 1 108 117 67 
-3946 1265 1764 -5113 -1584 -4388 0 0 0 0 1 126 111 71 
-4274 947 2081 -5450 -2798 -4729 0 0 0 0 1 139 115 93 
-4650 579 2429 -5614 -3450 -4972 0 0 0 0 1 147 123 103 
-4673 140 2770 -5791 -4156 -5144 0 0 0 0 1 175 123 122 
-4183 -406 2941 -5799 -4299 -4957 0 0 0 0 1 178 109 150 
-3655 -746 3105 -5643 -3823 -4207 0 0 0 0 1 207 122 162 
-3265 -1409 3349 -5288 -2656 -3239 0 0 0 0 1 202 122 181 
-2866 -1713 3811 -4938 -1822 -2544 0 0 0 0 1 219 112 197 
-2566 -1839 3648 -4021 -1033 -1491 0 0 0 0 1 220 106 222 
-2402 -1679 3277 -3218 -747 -915 0 0 0 0 1 218 114 222 
-2307 -1597 3148 -1998 -317 -282 0 0 0 0 1 224 122 223 
-2083 -1516 2958 -968 293 183 0 0 0 0 1 225 116 231 
-1867 -1536 2574 -426 826 463 0 0 0 0 1 220 121 220 
-1655 -1564 2450 113 1785 929 0 0 0 0 1 222 123 206 
-1313 -1620 2395 281 2395 1276 0 0 0 0 1 214 132 223 
-1233 -1834 2523 310 3101 1770 0 0 0 0 1 211 133 203 
-1464 -1914 2552 221 3595 2059 0 0 0 0 1 195 134 188 
-1857 -1970 3049 137 3754 2166 0 0 0 0 1 189 136 185 
-1861 -1917 3344 249 3359 2430 0 0 0 0 1 185 141 159 
-2051 -2095 3599 635 2830 2713 0 0 0 0 1 181 154 160 
-2289 -2247 4254 1731 1881 3314 0 0 0 0 1 159 163 152 
-2693 -2312 4099 4063 109 4143 0 0 0 0 1 159 165 150 
-3209 -2072 3953 6201 -1035 4701 0 0 0 0 1 160 164 137 
-3324 -2042 3310 10105 -2454 5700 0 0 0 0 1 145 170 117 
-3282 -1785 1784 12780 -3095 6469 0 0 0 0 1 141 159 97 
-3295 -2562 35 16200 -4479 7758 0 0 0 0 1 134 132 86 
-3388 -3737 -1980 19040 -5673 8953 0 0 0 0 1 138 111 73 
-5391 -7705 -6686 21077 -3931 9764 0 0 0 0 1 143 83 65 
-5965 -9742 -9334 21281 -88 10043 0 0 0 0 1 149 50 47 
-4686 -10238 -9389 16347 10998 10576 0 0 0 0 1 110 -9 2 
-832 -9673 -8288 7898 15355 9431 0 0 0 0 1 63 -22 -20 
-1157 -58 -826 -1805 115 -2951 0 0 0 0 1 70 56 11 
-1337 45 -858 -876 267 -1592 0 0 0 0 1 87 56 -6 
-1564 -58 -1193 -367 495 -734 0 0 0 0 1 84 56 9 
-1822 -140 -1636 -195 764 -396 0 0 0 0 1 90 55 8 
-2050 -227 -2004 -157 1234 -135 0 0 0 0 1 62 52 15 
-2050 -218 -2078 -355 1542 -14 0 0 0 0 1 76 50 -1 
-1939 -24 -2179 -546 1499 38 0 0 0 0 1 58 46 9 
-1877 144 -2230 -823 1101 105 0 0 0 0 1 60 55 1 
-1593 474 -1976 -1103 673 219 0 0 0 0 1 58 68 0 
-1536 557 -1838 -1296 433 324 0 0 0 0 1 60 60 -3 
-1349 742 -1696 -1489 -88 489 0 0 0 0 1 56 71 2 
-1416 755 -1788 -1518 -545 525 0 0 0 0 1 48 89 8 
-1739 730 -1725 -1507 -1165 378 0 0 0 0 1 50 79 1 
-1925 767 -1548 -1509 -1497 261 0 0 0 0 1 60 79 12 
-1928 638 -1619 -1450 -1636 141 0 0 0 0 1 54 90 13 
-1662 825 -1393 -1451 -1321 128 0 0 0 0 1 54 93 16 
-1273 1149 -1000 -1530 -540 191 0 0 0 0 1 63 93 11 
-1145 1261 -748 -1629 -82 212 0 0 0 0 1 74 101 15 
-1223 1324 -498 -1671 -142 159 0 0 0 0 1 67 109 29 
-1497 1190 -284 -1695 -610 -46 0 0 0 0 1 70 122 34 
-1699 1055 -232 -1657 -1118 -391 0 0 0 0 1 74 126 31 
-2030 1027 -276 -1583 -1277 -680 0 0 0 0 1 74 131 43 
-1997 1080 -129 -1506 -1129 -1058 0 0 0 0 1 79 121 43 
-1842 1292 117 -1486 -855 -1251 0 0 0 0 1 89 125 46 
-1569 1407 114 -1401 -435 -1378 0 0 0 0 1 97 121 61 
-1380 1587 104 -1273 -137 -1456 0 0 0 0 1 93 121 64 
-1535 1551 143 -1192 8 -1542 0 0 0 0 1 93 123 57 
-1809 1282 183 -1097 107 -1738 0 0 0 0 1 106 127 69 
-2098 1122 280 -1096 88 -2083 0 0 0 0 1 100 123 59 
-2276 773 479 -1173 -15 -2289 0 0 0 0 1 97 136 68 
-2434 1047 737 -1491 -114 -2665 0 0 0 0 1 113 125 58 
-2461 1175 926 -1888 -315 -2991 0 0 0 0 1 110 127 74 
-2485 1147 907 -2134 -544 -3165 0 0 0 0 1 123 126 77 
-2464 1317 936 -2479 -1016 -3357 0 0 0 0 1 127 115 74 
-2546 1531 1038 -2671 -1419 -3474 0 0 0 0 1 133 121 87 
-2948 1433 854 -2874 -2005 -3700 0 0 0 0 1 154 116 103 
-2977 1252 979 -3003 -1833 -3770 0 0 0 0 1 168 106 112 
-2923 1093 1208 -3143 -1195 -3719 0 0 0 0 1 176 98 116 
-2837 1029 1301 -3216 -603 -3607 0 0 0 0 1 171 111 129 
-2778 838 1411 -3304 371 -3337 0 0 0 0 1 192 104 133 
-2779 551 1221 -3445 1333 -2982 0 0 0 0 1 191 105 132 
-2690 472 1959 -3620 1680 -2742 0 0 0 0 1 182 104 138 
-2596 390 2032 -3858 1695 -2371 0 0 0 0 1 185 99 129 
-2576 131 2120 -4032 1312 -2055 0 0 0 0 1 181 95 130 
-2509 3 2074 -4083 1050 -1870 0 0 0 0 1 194 99 136 
-2433 -70 2078 -4079 886 -1616 0 0 0 0 1 198 112 142 
-2169 -298 2100 -4023 1050 -1420 0 0 0 0 1 194 109 140 
-2063 -410 2295 -3956 1754 -1073 0 0 0 0 1 176 125 142 
-1767 -276 3174 -3969 2234 -637 0 0 0 0 1 187 123 140 
-1350 -438 3246 -3723 2422 491 0 0 0 0 1 185 123 147 
-1426 -712 3194 -3075 2107 1843 0 0 0 0 1 172 142 139 
-1790 -920 3902 -2556 1890 2784 0 0 0 0 1 179 154 132 
-1975 -1184 3764 -1285 1440 4272 0 0 0 0 1 154 160 145 
-2485 -1677 3529 -95 1215 5182 0 0 0 0 1 152 177 133 
-2978 -1452 4063 2014 739 6271 0 0 0 0 1 139 193 135 
-3240 -1083 3255 4011 -255 6927 0 0 0 0 1 116 204 115 
-3687 -1039 3124 7334 -2052 7532 0 0 0 0 1 100 197 105 
-3862 -1431 3748 10622 -4757 7837 0 0 0 0 1 88 199 98 
-4084 -1935 1386 13150 -7085 7706 0 0 0 0 1 97 182 84 
-4000 -2848 -226 16847 -8647 7216 0 0 0 0 1 92 144 72 
-2435 -5858 -2410 18576 -6523 7372 0 0 0 0 1 112 121 47 
-2608 -6609 -3087 18954 -269 8565 0 0 0 0 1 114 84 26 
-5130 -8585 -6088 17983 2574 9341 0 0 0 0 1 100 50 33 
-7024 -9626 -6739 13790 4862 8648 0 0 0 0 1 66 -19 -9 
-4755 -9331 -7785 9811 4079 7475 0 0 0 0 1 82 63 25 
-1194 -431 -1125 -1568 1680 -2862 0 0 0 0 1 88 67 8 
-1213 -400 -753 -504 2647 -1386 0 0 0 0 1 81 60 15 
-1384 -450 -633 -234 2875 -773 0 0 0 0 1 80 58 4 
-1445 -409 -980 79 2707 -362 0 0 0 0 1 69 60 3 
-1300 -261 -1395 279 2363 -228 0 0 0 0 1 49 63 -2 
-1254 53 -1507 398 1560 -96 0 0 0 0 1 47 61 0 
-1329 201 -1772 279 405 -5 0 0 0 0 1 43 47 -3 
-1336 258 -1939 49 -147 40 0 0 0 0 1 43 52 1 
-1290 267 -2157 -359 -298 125 0 0 0 0 1 41 38 -10 
-1094 100 -2505 -604 -52 232 0 0 0 0 1 53 55 -12 
-842 19 -2574 -916 756 445 0 0 0 0 1 34 60 -15 
-671 -1 -2430 -1141 1651 574 0 0 0 0 1 43 62 -1 
-500 113 -2094 -1214 2035 597 0 0 0 0 1 29 74 -5 
-481 197 -1954 -1231 1956 523 0 0 0 0 1 11 61 -16 
-692 447 -1540 -1228 1292 222 0 0 0 0 1 10 72 3 
-866 491 -1421 -1195 593 -75 0 0 0 0 1 10 84 8 
-1402 752 -1095 -1195 -120 -445 0 0 0 0 1 9 85 -4 
-1418 859 -998 -1291 -1090 -945 0 0 0 0 1 16 71 -4 
-1112 753 -1043 -1366 -1745 -1130 0 0 0 0 1 25 90 6 
-946 827 -1215 -1367 -1812 -1138 0 0 0 0 1 25 88 4 
-891 1133 -985 -1409 -1489 -1175 0 0 0 0 1 29 89 8 
-1159 1222 190 -1539 -1382 -1316 0 0 0 0 1 50 96 17 
-1202 1405 661 -1855 -2118 -1519 0 0 0 0 1 46 106 19 
-1648 1380 129 -1937 -3570 -1807 0 0 0 0 1 68 90 18 
-1491 1931 1013 -2121 -4440 -1867 0 0 0 0 1 73 105 39 
-1042 1496 876 -2374 -5024 -1662 0 0 0 0 1 90 111 40 
-461 1337 1091 -2578 -4749 -1400 0 0 0 0 1 110 107 48 
-1012 992 1992 -3474 -3707 -1114 0 0 0 0 1 115 122 58 
-1543 493 1545 -3846 -3281 -1120 0 0 0 0 1 125 120 83 
-3169 1006 2200 -4180 -3788 -1992 0 0 0 0 1 141 144 104 
-3277 1953 1731 -4247 -4541 -2653 0 0 0 0 1 160 137 121 
-2965 1686 1237 -3596 -5661 -3374 0 0 0 0 1 178 128 133 
-3062 2012 540 -2644 -4938 -3933 0 0 0 0 1 185 111 161 
-2729 1967 1235 -2110 -3003 -4010 0 0 0 0 1 204 121 178 
-3186 2042 1154 -1121 780 -3841 0 0 0 0 1 208 128 173 
-2954 1735 1502 -406 3345 -3347 0 0 0 0 1 200 107 169 
-2957 1404 1355 695 5778 -1895 0 0 0 0 1 187 91 143 
-3508 1800 1832 1084 6021 -676 0 0 0 0 1 182 82 133 
-3884 1889 1905 921 4728 770 0 0 0 0 1 176 95 116 
-4356 1497 2752 -177 2929 1765 0 0 0 0 1 173 89 101 
-4316 1302 2996 -1097 2076 2109 0 0 0 0 1 158 88 109 
-4278 991 2377 -2162 1530 2083 0 0 0 0 1 151 105 107 
-4077 911 1693 -2675 1351 1562 0 0 0 0 1 147 106 110 
-3790 762 1368 -2769 1328 1137 0 0 0 0 1 149 123 101 
-3335 738 1200 -2757 1554 555 0 0 0 0 1 148 127 111 
-2871 850 1146 -2736 1638 211 0 0 0 0 1 135 153 105 
-2529 742 1160 -2748 1430 -175 0 0 0 0 1 133 148 103 
-2091 592 1141 -2756 1201 -395 0 0 0 0 1 132 157 102 
-1939 356 1063 -2784 1228 -806 0 0 0 0 1 135 153 110 
-1690 117 968 -2806 1885 -1326 0 0 0 0 1 132 161 109 
-1350 11 997 -2819 2676 -1652 0 0 0 0 1 120 174 125 
-1291 -158 1149 -2886 4171 -2137 0 0 0 0 1 128 175 108 
-1577 107 2550 -3107 4853 -2349 0 0 0 0 1 116 170 105 
-1492 324 3801 -3457 4045 -2026 0 0 0 0 1 117 179 107 
-1744 90 3451 -2815 1142 -1111 0 0 0 0 1 115 183 107 
-2289 -190 3033 -1816 -324 -456 0 0 0 0 1 117 188 107 
-3049 -8 3350 360 -517 614 0 0 0 0 1 115 188 125 
-3346 129 2580 2323 34 1511 0 0 0 0 1 116 190 108 
-3884 926 3212 5008 186 3402 0 0 0 0 1 108 198 109 
-4616 2385 2707 6798 -2134 5165 0 0 0 0 1 106 183 102 
-4851 2844 1610 9485 -7181 7963 0 0 0 0 1 101 179 100 
-5152 2247 433 11289 -9119 9827 0 0 0 0 1 115 164 86 
-5014 485 -3053 13254 -8924 11654 0 0 0 0 1 117 144 72 
-4962 -209 -3588 15910 -4996 14404 0 0 0 0 1 101 144 53 
-7557 -1269 -4205 16626 -440 14926 0 0 0 0 1 96 115 39 
-8413 -1154 -2578 14261 329 12661 0 0 0 0 1 69 94 19 
-8144 -4114 3448 7537 -1321 7682 0 0 0 0 1 48 74 8 
-2865 -8794 -234 4094 -2062 5455 0 0 0 0 1 55 60 1 
1147 -10282 -4188 2662 -1352 3309 0 0 0 0 1 67 52 1 
2936 -9527 -6467 3145 -752 903 0 0 0 0 1 53 45 3 
-5 -6723 -5197 2510 -610 -4167 0 0 0 0 1 66 34 0 
-2127 -4787 -1914 330 -1650 -6554 0 0 0 0 1 82 7 11 
-2862 -2922 -729 -4301 -4002 -7160 0 0 0 0 1 96 4 11 
-3160 -1151 -1212 -6825 -5230 -6106 0 0 0 0 1 110 19 13 
-2138 -111 -2557 -7714 -3820 -3744 0 0 0 0 1 119 33 19 
-475 92 -4040 -6424 -1600 -2347 0 0 0 0 1 125 46 46 
-161 -427 -2989 -3578 1196 -883 0 0 0 0 1 132 68 44 
-523 -719 -1616 -1410 2472 -155 0 0 0 0 1 128 69 52 
-1436 -1011 -872 -412 2174 -27 0 0 0 0 1 119 69 43 
-1620 -1032 -908 477 1224 -35 0 0 0 0 1 110 61 34 
-1513 -803 -974 634 889 -164 0 0 0 0 1 110 68 18 
-1621 -766 -994 438 914 -361 0 0 0 0 1 114 72 17 
-1778 -696 -1164 -10 960 -813 0 0 0 0 1 113 68 27 
-1788 -426 -1595 -298 982 -1103 0 0 0 0 1 113 63 30 
-1658 -359 -1897 -671 1169 -1333 0 0 0 0 1 97 67 24 
-1446 -195 -2389 -868 1081 -1320 0 0 0 0 1 94 61 18 
-1370 -148 -2452 -1222 683 -1195 0 0 0 0 1 103 58 23 
-1374 100 -2362 -1514 562 -1151 0 0 0 0 1 103 51 25 
-1413 159 -2389 -1900 604 -1229 0 0 0 0 1 83 60 19 
-1364 268 -2477 -2141 676 -1393 0 0 0 0 1 88 72 26 
-1354 276 -2444 -2238 787 -1535 0 0 0 0 1 92 76 25 
-1410 276 -2303 -2369 1109 -1840 0 0 0 0 1 84 83 11 
-1484 346 -2139 -2475 1319 -2074 0 0 0 0 1 95 89 24 
-1452 376 -1999 -2683 1619 -2415 0 0 0 0 1 93 79 36 
-1676 704 -1486 -3001 1732 -2799 0 0 0 0 1 77 93 32 
-1743 906 -994 -3240 1675 -2987 0 0 0 0 1 87 95 23 
-1700 1016 -761 -3562 1440 -3087 0 0 0 0 1 83 96 36 
-1752 1049 -397 -3798 1296 -3089 0 0 0 0 1 74 114 40 
-1816 1050 -347 -3883 1287 -3135 0 0 0 0 1 75 115 39 
-2053 1136 -121 -3956 1222 -3285 0 0 0 0 1 73 122 41 
-2194 1136 291 -4016 1231 -3414 0 0 0 0 1 79 126 54 
-2399 1100 294 -3986 1240 -3618 0 0 0 0 1 89 134 58 
-2583 1056 322 -3889 1266 -3702 0 0 0 0 1 73 152 51 
-2691 906 477 -3742 1396 -3737 0 0 0 0 1 82 152 72 
-2883 894 869 -3662 1466 -3723 0 0 0 0 1 95 148 71 
-3016 922 1071 -3516 1464 -3694 0 0 0 0 1 92 154 67 
-3235 852 1265 -3403 1301 -3702 0 0 0 0 1 97 148 68 
-3432 932 1308 -3199 709 -3721 0 0 0 0 1 93 153 75 
-3720 748 1072 -3041 258 -3712 0 0 0 0 1 99 147 88 
-4065 63 1024 -2886 -54 -3680 0 0 0 0 1 97 153 82 
-4295 -407 1355 -2904 21 -3661 0 0 0 0 1 113 157 97 
-4317 -585 1483 -3094 228 -3534 0 0 0 0 1 122 144 100 
-4064 -1012 1540 -3264 395 -3208 0 0 0 0 1 119 143 110 
-3988 -1044 1465 -3275 476 -2904 0 0 0 0 1 129 169 109 
-3701 -1067 1378 -3204 649 -2353 0 0 0 0 1 135 153 119 
-3473 -1094 1434 -3117 802 -1982 0 0 0 0 1 130 155 122 
-3375 -1148 1466 -2927 1008 -1500 0 0 0 0 1 132 159 130 
-3257 -1171 1362 -2740 1092 -1249 0 0 0 0 1 141 164 121 
-3114 -1184 1284 -2396 1276 -933 0 0 0 0 1 141 166 130 
-2805 -1268 1270 -2160 1510 -717 0 0 0 0 1 143 164 123 
-2627 -1242 1272 -1828 2017 -391 0 0 0 0 1 133 168 129 
-2301 -1271 1516 -1695 2494 -144 0 0 0 0 1 143 174 137 
-2265 -1121 2201 -1711 3298 209 0 0 0 0 1 128 182 115 
-2512 -1109 2379 -1699 3417 633 0 0 0 0 1 120 186 121 
-2812 -1681 2763 -1569 3051 1033 0 0 0 0 1 113 179 118 
-3606 -1789 3463 -1064 1845 1824 0 0 0 0 1 101 188 118 
-3999 -1941 3553 -43 468 2836 0 0 0 0 1 103 201 114 
-4575 -1747 3000 2965 -1409 4539 0 0 0 0 1 92 210 114 
-5454 -1288 2472 5679 -1966 5531 0 0 0 0 1 87 208 90 
-5826 -830 1987 10059 -2597 6716 0 0 0 0 1 74 195 73 
-5785 -665 1516 13462 -4536 7779 0 0 0 0 1 74 185 66 
-4976 -1758 1020 14810 -6866 8497 0 0 0 0 1 70 139 53 
-4486 -2779 917 15182 -10696 9738 0 0 0 0 1 80 110 32 
-4750 -6476 -2377 14846 -12512 10808 0 0 0 0 1 102 74 33 
-5821 -8495 -6371 14631 -7943 12228 0 0 0 0 1 130 55 38 
-6679 -8695 -9675 12751 3114 12486 0 0 0 0 1 152 57 57 
-5849 -8591 -8865 10544 6506 11946 0 0 0 0 1 107 45 31 
-2241 -7563 -8276 7600 6074 10355 0 0 0 0 1 80 22 -2 
1687 -6502 -6605 5842 5218 8089 0 0 0 0 1 55 23 -12 
1677 -5860 -4335 2593 2270 2467 0 0 0 0 1 53 15 -5 
1040 -5283 -2125 -161 -780 -1182 0 0 0 0 1 47 2 -13 
-524 -3833 -2358 -4376 -3502 -4893 0 0 0 0 1 56 12 -6 
-1148 -2908 -2360 -7152 -3850 -6030 0 0 0 0 1 57 18 -3 
-990 -2270 -2855 -7292 -2273 -5728 0 0 0 0 1 81 33 8 
-893 -1770 -3463 -5337 666 -4788 0 0 0 0 1 99 58 23 
-1001 -998 -1905 -3701 1648 -3856 0 0 0 0 1 95 60 17 
-948 -361 -1106 -1806 1402 -2036 0 0 0 0 1 82 71 20 
-1041 66 -744 -1004 966 -892 0 0 0 0 1 80 71 25 
-1205 -31 -829 -308 684 297 0 0 0 0 1 86 67 12 
-1425 -365 -996 -122 600 686 0 0 0 0 1 81 69 8 
-1707 -516 -1187 -154 644 710 0 0 0 0 1 71 74 8 
-1927 -520 -1344 -390 745 235 0 0 0 0 1 58 66 9 
-2013 -425 -1406 -592 706 -160 0 0 0 0 1 70 66 11 
-1786 -268 -1635 -835 449 -654 0 0 0 0 1 64 72 10 
-1636 -95 -1825 -916 257 -937 0 0 0 0 1 69 82 17 
-1471 52 -2263 -948 188 -1283 0 0 0 0 1 63 78 11 
-1337 84 -2368 -941 294 -1444 0 0 0 0 1 62 82 10 
-1354 123 -2359 -969 410 -1623 0 0 0 0 1 64 87 8 
-1378 204 -2127 -1088 488 -1704 0 0 0 0 1 61 83 23 
-1422 264 -1807 -1473 701 -1788 0 0 0 0 1 69 74 15 
-1417 371 -1616 -1952 543 -1817 0 0 0 0 1 73 93 20 
-1513 631 -1414 -2228 210 -1815 0 0 0 0 1 67 91 10 
-1637 749 -1427 -2460 -366 -1836 0 0 0 0 1 74 87 15 
-2037 832 -1525 -2480 -577 -1919 0 0 0 0 1 75 110 23 
-2217 893 -1491 -2382 -521 -2076 0 0 0 0 1 79 91 29 
-2118 1000 -1297 -2304 -343 -2118 0 0 0 0 1 77 103 37 
-2036 1134 -1009 -2306 185 -2077 0 0 0 0 1 80 112 37 
-1837 1218 -333 -2442 669 -1907 0 0 0 0 1 93 114 38 
-1675 1514 -26 -2667 647 -1495 0 0 0 0 1 84 115 34 
-1746 1654 -149 -2680 81 -1203 0 0 0 0 1 82 122 51 
-1904 1660 -275 -2491 -844 -904 0 0 0 0 1 86 123 52 
-2503 1468 -139 -2326 -1237 -859 0 0 0 0 1 96 130 53 
-2695 1317 221 -2209 -1185 -944 0 0 0 0 1 97 136 64 
-2787 1349 697 -2202 -831 -1047 0 0 0 0 1 102 136 68 
-2723 1377 742 -2142 -150 -1157 0 0 0 0 1 107 143 80 
-2456 1481 706 -2048 288 -1172 0 0 0 0 1 104 141 71 
-2318 1628 825 -1878 890 -1162 0 0 0 0 1 119 158 80 
-2441 1544 863 -1766 1191 -1199 0 0 0 0 1 102 153 82 
-2792 1307 1161 -1677 1458 -1372 0 0 0 0 1 99 157 74 
-3006 1191 1266 -1685 1473 -1542 0 0 0 0 1 99 164 81 
-3228 1014 1212 -1725 1234 -1849 0 0 0 0 1 96 154 72 
-3316 764 1053 -1769 1061 -2039 0 0 0 0 1 103 164 79 
-3309 722 994 -1892 1055 -2305 0 0 0 0 1 102 160 82 
-3135 690 995 -2005 1200 -2425 0 0 0 0 1 100 163 80 
-2920 639 914 -2146 1436 -2520 0 0 0 0 1 115 154 83 
-2762 633 857 -2222 1508 -2561 0 0 0 0 1 100 165 87 
-2674 524 886 -2334 1458 -2592 0 0 0 0 1 109 153 89 
-2613 231 871 -2402 1438 -2595 0 0 0 0 1 102 158 89 
-2665 78 1017 -2558 1602 -2615 0 0 0 0 1 114 170 98 
-2446 177 1196 -2679 1641 -2545 0 0 0 0 1 108 154 100 
-2206 303 1223 -2710 1416 -2426 0 0 0 0 1 122 166 100 
-2079 625 1537 -2735 823 -2030 0 0 0 0 1 115 157 93 
-1871 -423 1169 -2141 1379 -853 0 0 0 0 1 121 175 105 
-2192 -950 1197 -1609 3003 -403 0 0 0 0 1 120 171 104 
-2745 -1550 1986 -1320 3751 -146 0 0 0 0 1 112 185 115 
-3004 -1842 2426 -817 3815 457 0 0 0 0 1 103 186 104 
-3750 -2341 3462 -144 3288 1125 0 0 0 0 1 89 191 90 
-4455 -2093 4415 844 1885 1760 0 0 0 0 1 81 195 84 
-5246 -2159 3983 3802 -1539 2911 0 0 0 0 1 77 181 72 
-6446 -1931 4498 6158 -3296 3357 0 0 0 0 1 74 172 73 
-6837 -2005 4547 9354 -6119 3811 0 0 0 0 1 77 166 60 
-6246 -2141 3831 11769 -9880 4702 0 0 0 0 1 89 142 65 
-4858 -2809 1384 13190 -11311 5729 0 0 0 0 1 114 118 64 
-4415 -3096 -725 15424 -9359 7889 0 0 0 0 1 135 101 68 
-4021 -4383 -5740 17171 -6319 9916 0 0 0 0 1 160 68 62 
-5100 -4515 -7290 17782 1541 11957 0 0 0 0 1 163 38 64 
-6883 -5905 -7081 15673 3424 11966 0 0 0 0 1 141 34 44 
-6051 -7688 -5292 10102 2478 10133 0 0 0 0 1 123 25 26 
-14 -8643 -8089 7074 3152 8437 0 0 0 0 1 116 11 22 
2104 -7620 -9673 4492 5433 4630 0 0 0 0 1 107 11 17 
2655 -6082 -8541 2835 5411 1705 0 0 0 0 1 87 9 9 
1009 -4801 -2437 -1234 1275 -2061 0 0 0 0 1 76 8 8 
45 -4505 -1552 -4358 -2274 -4076 0 0 0 0 1 80 -4 -6 
-1807 -3414 -1727 -7388 -3947 -5826 0 0 0 0 1 82 4 2 
-1712 -2623 -2525 -7559 -2485 -5916 0 0 0 0 1 96 14 11 
-1017 -1525 -2378 -6386 -534 -5298 0 0 0 0 1 115 44 18 
-1052 -1240 -1745 -3766 1388 -3687 0 0 0 0 1 104 47 17 
-1313 -408 355 -2236 2107 -2537 0 0 0 0 1 110 46 30 
-1302 -358 482 -528 2097 -983 0 0 0 0 1 89 51 20 
-1474 -371 552 541 1611 -3 0 0 0 0 1 90 42 10 
-1809 -417 96 999 1251 262 0 0 0 0 1 88 45 19 
-1895 -340 -386 1326 641 332 0 0 0 0 1 83 40 5 
-1712 -239 -910 1269 431 309 0 0 0 0 1 94 34 11 
-1664 -172 -1271 917 401 150 0 0 0 0 1 79 35 -8 
-1653 -180 -2014 491 484 -124 0 0 0 0 1 74 30 8 
-1588 -195 -2160 226 695 -284 0 0 0 0 1 77 22 9 
-1418 -231 -2468 -149 1180 -481 0 0 0 0 1 73 24 6 
-1340 -217 -2443 -382 1361 -600 0 0 0 0 1 71 28 -12 
-1318 -224 -2335 -688 1298 -797 0 0 0 0 1 60 25 1 
-1308 -278 -2255 -861 1087 -963 0 0 0 0 1 58 22 2 
-1392 -271 -2287 -1048 606 -1315 0 0 0 0 1 63 26 -11 
-1520 -219 -2331 -1209 183 -1734 0 0 0 0 1 54 24 -11 
-1625 -155 -2220 -1353 45 -1998 0 0 0 0 1 58 39 -2 
-1565 -94 -2163 -1623 31 -2276 0 0 0 0 1 67 30 -10 
-1641 24 -2051 -1828 33 -2402 0 0 0 0 1 60 38 -3 
-1669 114 -1895 -2145 -150 -2511 0 0 0 0 1 54 41 -6 
-1715 237 -1715 -2353 -418 -2541 0 0 0 0 1 62 33 3 
-1668 421 -1470 -2717 -849 -2555 0 0 0 0 1 67 47 5 
-1677 604 -1266 -2930 -1115 -2557 0 0 0 0 1 74 42 12 
-1681 645 -1263 -3098 -1395 -2577 0 0 0 0 1 71 52 17 
-1968 687 -1247 -3120 -1414 -2649 0 0 0 0 1 82 63 27 
-2206 764 -1090 -3091 -1383 -2760 0 0 0 0 1 82 66 32 
-2209 691 -1006 -3016 -1342 -2705 0 0 0 0 1 102 74 31 
-2169 608 -554 -2982 -1170 -2589 0 0 0 0 1 106 76 34 
-2222 776 -239 -3022 -735 -2421 0 0 0 0 1 121 84 33 
-2241 864 -89 -3080 -359 -2327 0 0 0 0 1 110 83 44 
-2194 867 72 -3102 -163 -2269 0 0 0 0 1 107 91 50 
-2331 708 99 -3080 147 -2197 0 0 0 0 1 123 91 43 
-2588 521 236 -3052 463 -2167 0 0 0 0 1 119 99 52 
-2697 486 307 -3032 1021 -2167 0 0 0 0 1 120 98 65 
-3087 334 524 -3029 1316 -2196 0 0 0 0 1 123 123 59 
-3089 369 612 -3037 1601 -2234 0 0 0 0 1 117 110 60 
-3169 625 943 -3064 1514 -2238 0 0 0 0 1 106 117 79 
-3158 580 934 -3042 1244 -2189 0 0 0 0 1 107 106 61 
-3405 276 1001 -3009 969 -2142 0 0 0 0 1 116 123 71 
-3533 164 1029 -2970 742 -2124 0 0 0 0 1 112 131 73 
-3857 -236 1075 -2958 687 -2138 0 0 0 0 1 103 132 81 
-3941 -556 1253 -2968 720 -2127 0 0 0 0 1 119 133 77 
-3942 -646 1328 -2962 802 -2057 0 0 0 0 1 114 138 82 
-3879 -857 1388 -2930 843 -1967 0 0 0 0 1 126 138 91 
-3867 -917 1478 -2838 849 -1794 0 0 0 0 1 128 155 91 
-3789 -932 1596 -2733 770 -1641 0 0 0 0 1 115 144 95 
-3652 -879 1664 -2501 535 -1302 0 0 0 0 1 128 143 105 
-3442 -810 1775 -2299 366 -1022 0 0 0 0 1 116 150 101 
-3372 -793 1951 -2003 260 -594 0 0 0 0 1 136 149 102 
-3317 -733 2265 -1832 327 -329 0 0 0 0 1 130 165 112 
-3177 -846 2387 -1582 604 155 0 0 0 0 1 132 166 114 
-2883 -1107 2834 -1315 858 861 0 0 0 0 1 132 166 114 
-2853 -1204 2901 -1071 803 1437 0 0 0 0 1 126 177 119 
-3090 -1575 3431 -758 581 2048 0 0 0 0 1 109 170 105 
-3189 -1641 3670 -101 -57 3100 0 0 0 0 1 125 188 116 
-3328 -1953 3886 1229 -1302 4461 0 0 0 0 1 107 195 117 
-3424 -1944 4060 2649 -2497 5464 0 0 0 0 1 104 195 103 
-3536 -1953 3971 5906 -4907 6872 0 0 0 0 1 100 199 112 
-4186 -1594 2676 8894 -6421 7317 0 0 0 0 1 89 196 97 
-4541 -1766 2186 13579 -7175 7076 0 0 0 0 1 95 180 80 
-4010 -3001 -800 18020 -7696 6722 0 0 0 0 1 106 149 62 
-3305 -3773 -1952 20422 -7613 7309 0 0 0 0 1 110 117 46 
-1932 -5653 -3095 21470 -5526 9843 0 0 0 0 1 127 56 46 
-3240 -8920 -7219 20803 -3337 11607 0 0 0 0 1 126 11 29 
-5533 -7455 -6062 15768 4378 10820 0 0 0 0 1 127 -9 23 
-4693 -8056 -5895 8579 6305 6399 0 0 0 0 1 107 -52 12 
-605 -7667 -6566 4676 3184 2573 0 0 0 0 1 83 -60 10 
253 -6256 -6463 -781 -284 -2835 0 0 0 0 1 81 -77 8 
-523 -4259 -6058 -5908 -2824 -5224 0 0 0 0 1 101 -51 9 
-1198 -2563 -5505 -8391 -3741 -4823 0 0 0 0 1 107 -45 8 
-709 -2129 -4520 -9961 -2862 -2839 0 0 0 0 1 102 -23 5 
-1028 -3109 -2754 -8673 267 -1865 0 0 0 0 1 113 14 13 
-1260 -3043 -1883 -6764 1902 -1841 0 0 0 0 1 113 39 18 
-1045 -2579 -539 -4132 3071 -1660 0 0 0 0 1 109 60 19 
-1064 -1956 1054 -2944 2997 -1448 0 0 0 0 1 90 62 15 
-1136 -1619 1473 -1807 2334 -1154 0 0 0 0 1 94 61 20 
-1222 -1089 1108 -1179 1855 -1007 0 0 0 0 1 92 61 13 
-1325 -790 378 -227 1323 -893 0 0 0 0 1 86 65 10 
-1423 -339 -858 474 1174 -829 0 0 0 0 1 81 74 12 
-1452 -234 -1119 688 1036 -765 0 0 0 0 1 79 72 10 
-1553 -40 -1717 552 916 -669 0 0 0 0 1 69 47 5 
-1577 -68 -2069 239 1005 -640 0 0 0 0 1 66 61 11 
-1614 -147 -2333 -301 1246 -681 0 0 0 0 1 60 42 10 
-1534 -214 -2643 -617 1486 -749 0 0 0 0 1 67 47 -8 
-1339 -170 -2710 -978 1838 -854 0 0 0 0 1 49 56 6 
-1101 -95 -2645 -1214 1941 -992 0 0 0 0 1 49 51 2 
-1002 -57 -2464 -1346 1871 -1126 0 0 0 0 1 48 52 3 
-1180 108 -2111 -1453 1647 -1326 0 0 0 0 1 47 66 -6 
-1288 113 -2023 -1614 1134 -1732 0 0 0 0 1 36 67 -5 
-1574 154 -1822 -1778 498 -2191 0 0 0 0 1 31 69 1 
-1792 268 -1757 -1882 102 -2468 0 0 0 0 1 27 60 -10 
-1803 384 -1693 -2023 -251 -2712 0 0 0 0 1 36 79 -1 
-1722 599 -1622 -2095 -362 -2730 0 0 0 0 1 36 74 1 
-1568 931 -1329 -2191 -522 -2552 0 0 0 0 1 31 79 3 
-1484 1036 -1265 -2212 -955 -2176 0 0 0 0 1 47 76 4 
-1574 993 -1284 -2152 -1153 -1936 0 0 0 0 1 58 85 11 
-1765 941 -1324 -1948 -1009 -1746 0 0 0 0 1 57 101 12 
-2101 898 -1219 -1790 -652 -1745 0 0 0 0 1 64 91 29 
-2264 909 -1047 -1612 84 -1825 0 0 0 0 1 74 99 31 
-2374 1019 -608 -1578 763 -1886 0 0 0 0 1 66 105 30 
-2403 1132 -266 -1629 907 -1884 0 0 0 0 1 63 103 25 
-2411 1357 181 -1703 698 -1829 0 0 0 0 1 55 101 26 
-2433 1380 294 -1789 -66 -1662 0 0 0 0 1 63 110 32 
-2591 1364 139 -1770 -617 -1544 0 0 0 0 1 67 116 36 
-2646 1339 63 -1587 -949 -1459 0 0 0 0 1 74 116 36 
-2772 1266 -14 -1316 -513 -1438 0 0 0 0 1 81 111 38 
-2795 1116 29 -1136 -4 -1422 0 0 0 0 1 81 111 47 
-2831 1026 92 -944 706 -1408 0 0 0 0 1 80 112 51 
-2960 948 208 -894 964 -1412 0 0 0 0 1 88 121 43 
-3149 899 352 -995 966 -1469 0 0 0 0 1 83 126 47 
-3308 873 700 -1187 778 -1521 0 0 0 0 1 82 115 46 
-3452 832 758 -1530 297 -1640 0 0 0 0 1 80 117 41 
-3647 741 617 -1733 26 -1761 0 0 0 0 1 80 122 51 
-3785 652 562 -2013 8 -1955 0 0 0 0 1 82 127 46 
-3784 562 525 -2185 165 -2060 0 0 0 0 1 88 118 50 
-3735 491 527 -2414 365 -2125 0 0 0 0 1 89 125 53 
-3588 397 722 -2575 431 -2115 0 0 0 0 1 94 137 69 
-3554 369 848 -2804 397 -2054 0 0 0 0 1 97 136 75 
-3383 344 859 -2891 311 -1980 0 0 0 0 1 96 142 76 
-3297 314 835 -2924 312 -1832 0 0 0 0 1 99 142 69 
-3345 307 935 -2916 415 -1703 0 0 0 0 1 112 148 75 
-3373 345 1062 -2907 362 -1629 0 0 0 0 1 112 155 84 
-3327 316 1141 -2879 130 -1452 0 0 0 0 1 106 154 88 
-3131 170 1217 -2852 61 -1221 0 0 0 0 1 103 164 97 
-2582 -113 1602 -2841 195 -882 0 0 0 0 1 120 179 114 
-2378 -279 1707 -2788 674 -173 0 0 0 0 1 121 175 108 
-2490 -670 1727 -2646 979 333 0 0 0 0 1 119 190 122 
-2647 -827 1860 -2344 1221 1023 0 0 0 0 1 115 186 118 
-2808 -1203 2586 -2102 1188 1564 0 0 0 0 1 100 197 119 
-2743 -1774 2878 -1408 1046 2682 0 0 0 0 1 107 217 126 
-2990 -1885 3553 -764 1052 3507 0 0 0 0 1 89 208 118 
-3532 -1869 4494 746 119 4816 0 0 0 0 1 80 218 109 
-4422 -1937 3925 3922 -3005 6115 0 0 0 0 1 64 229 108 
-5121 -1926 4026 6584 -4838 6407 0 0 0 0 1 60 212 101 
-5039 -2432 4235 10351 -6552 6491 0 0 0 0 1 42 203 88 
-3544 -3212 3352 12675 -7817 6725 0 0 0 0 1 68 183 67 
-2670 -3926 2618 15880 -10470 7196 0 0 0 0 1 71 155 54 
-1736 -6516 -2031 19177 -10531 7602 0 0 0 0 1 101 112 55 
-2105 -8429 -5764 19947 -6336 7563 0 0 0 0 1 123 74 38 
-2457 -10811 -8606 16777 -216 7056 0 0 0 0 1 109 30 31 
-4135 -11629 -7936 12410 2978 5548 0 0 0 0 1 120 -7 16 
-1315 -9048 -11210 7999 3356 2966 0 0 0 0 1 95 -47 15 
384 -4548 -12037 4025 2842 -55 0 0 0 0 1 90 -60 12 
-360 -2919 -9232 201 1028 -1698 0 0 0 0 1 82 -63 9 
-1314 -1907 -6236 -3683 -1522 -2585 0 0 0 0 1 79 -65 10 
-1425 -1922 -6144 -7549 -2834 -2814 0 0 0 0 1 93 -40 3 
-727 -2598 -5229 -8497 -473 -2249 0 0 0 0 1 88 -33 -1 
-846 -3351 -3662 -7816 1593 -2002 0 0 0 0 1 94 0 2 
-1149 -3185 -2407 -5979 3294 -1814 0 0 0 0 1 86 13 -3 
-1283 -2522 -735 -4850 3346 -1614 0 0 0 0 1 71 42 8 
-1036 -2103 98 -3669 2766 -1119 0 0 0 0 1 63 56 -2 
-952 -1753 517 -3160 2603 -837 0 0 0 0 1 62 72 3 
-989 -1633 466 -2457 2494 -684 0 0 0 0 1 54 66 -6 
-1032 -1122 -90 -1599 2150 -760 0 0 0 0 1 46 74 8 
-1060 -1016 -252 -998 1811 -907 0 0 0 0 1 31 82 5 
-1223 -664 -703 -456 1348 -1130 0 0 0 0 1 38 77 -1 
-1350 -496 -926 118 367 -1489 0 0 0 0 1 27 82 5 
-1467 -401 -1276 290 -375 -1712 0 0 0 0 1 24 87 -12 
-1568 -377 -1476 197 -1018 -1987 0 0 0 0 1 35 80 4 
-1611 -347 -1661 -4 -1113 -2103 0 0 0 0 1 31 65 1 
-1473 -256 -1803 -397 -947 -2133 0 0 0 0 1 48 69 10 
-1249 -116 -1910 -741 -614 -1999 0 0 0 0 1 51 76 0 
-951 181 -2015 -865 -338 -1888 0 0 0 0 1 53 57 5 
-1075 488 -2084 -931 68 -1785 0 0 0 0 1 55 57 10 
-1102 505 -2069 -920 244 -1723 0 0 0 0 1 61 63 2 
-1379 536 -2010 -861 237 -1735 0 0 0 0 1 51 66 11 
-1967 556 -1844 -834 44 -1840 0 0 0 0 1 49 78 13 
-2130 555 -1634 -891 -394 -1967 0 0 0 0 1 60 65 10 
-2153 585 -1343 -982 -676 -2006 0 0 0 0 1 57 74 15 
-2171 765 -1174 -1155 -1014 -2025 0 0 0 0 1 66 63 16 
-2070 945 -1018 -1256 -1163 -1974 0 0 0 0 1 64 65 15 
-2105 1013 -963 -1359 -1297 -1845 0 0 0 0 1 77 71 20 
-2262 1077 -1006 -1353 -1373 -1652 0 0 0 0 1 89 68 27 
-2305 1073 -999 -1297 -1317 -1483 0 0 0 0 1 89 71 23 
-2462 979 -1008 -1149 -1069 -1242 0 0 0 0 1 86 72 31 
-2677 1023 -837 -1058 -802 -1137 0 0 0 0 1 89 66 37 
-2694 1094 -567 -1023 -276 -1020 0 0 0 0 1 88 67 36 
-2662 1172 -254 -1049 12 -941 0 0 0 0 1 102 74 26 
-2625 1194 -126 -1114 217 -807 0 0 0 0 1 103 66 34 
-2578 1220 85 -1180 244 -699 0 0 0 0 1 99 78 37 
-2565 1208 195 -1290 177 -511 0 0 0 0 1 96 78 39 
-2714 1065 296 -1345 50 -412 0 0 0 0 1 102 79 43 
-2813 962 357 -1403 -168 -364 0 0 0 0 1 100 87 47 
-2984 819 479 -1429 -246 -412 0 0 0 0 1 88 87 50 
-3087 756 558 -1456 -208 -609 0 0 0 0 1 101 103 39 
-3170 699 621 -1480 -83 -792 0 0 0 0 1 104 96 47 
-3187 658 659 -1526 199 -1094 0 0 0 0 1 99 83 51 
-3247 631 701 -1568 386 -1291 0 0 0 0 1 100 99 47 
-3224 659 734 -1648 605 -1536 0 0 0 0 1 97 101 52 
-3183 536 808 -1724 693 -1659 0 0 0 0 1 107 99 59 
-3282 436 839 -1874 713 -1872 0 0 0 0 1 106 112 48 
-3455 339 861 -1991 637 -2038 0 0 0 0 1 101 115 60 
-3482 270 832 -2178 507 -2234 0 0 0 0 1 95 111 57 
-3380 200 731 -2296 493 -2266 0 0 0 0 1 103 110 60 
-3245 157 696 -2462 684 -2146 0 0 0 0 1 104 123 57 
-3130 151 705 -2579 963 -1998 0 0 0 0 1 110 122 60 
-3163 194 941 -2772 1326 -1822 0 0 0 0 1 102 118 59 
-3231 196 976 -2873 1380 -1778 0 0 0 0 1 107 121 66 
-3390 107 1072 -2960 1190 -1789 0 0 0 0 1 114 128 61 
-3519 14 1203 -2975 956 -1834 0 0 0 0 1 106 132 76 
-3431 -63 1252 -2937 712 -1873 0 0 0 0 1 117 132 69 
-3390 -86 1257 -2784 428 -1822 0 0 0 0 1 114 136 89 
-3227 194 2032 -2691 206 -1665 0 0 0 0 1 115 152 81 
-2773 142 1975 -2397 -602 -916 0 0 0 0 1 119 153 82 
-2443 56 1892 -1979 -1266 -88 0 0 0 0 1 125 154 93 
-2213 3 3003 -1379 -1411 1424 0 0 0 0 1 134 154 102 
-1914 -201 3381 -926 -1050 2679 0 0 0 0 1 123 163 105 
-1565 -982 3542 105 -416 4872 0 0 0 0 1 120 174 116 
-2023 -1451 4085 1581 -378 6809 0 0 0 0 1 106 176 102 
-2864 -1679 4279 3201 -1560 7711 0 0 0 0 1 93 192 108 
-3774 -2027 3532 7053 -4808 8230 0 0 0 0 1 74 204 98 
-4562 -1973 2486 10240 -6833 7752 0 0 0 0 1 69 190 75 
-3899 -2124 1017 15355 -8516 6557 0 0 0 0 1 94 161 69 
-2092 -3133 -3000 18670 -8313 6200 0 0 0 0 1 90 131 54 
-424 -5150 -5061 21549 -3201 7430 0 0 0 0 1 110 83 37 
-694 -6653 -7557 21318 -245 8937 0 0 0 0 1 104 25 29 
-1986 -7180 -6188 16814 2875 9320 0 0 0 0 1 108 -9 13 
-4057 -7990 -4580 9252 3258 5540 0 0 0 0 1 86 -67 8 
-558 -1375 165 -1306 2776 826 0 0 0 0 1 90 38 8 
-362 -1271 545 -582 2256 1063 0 0 0 0 1 74 42 3 
-326 -1127 398 -245 1857 1114 0 0 0 0 1 62 47 -3 
-440 -1051 -3 322 1267 946 0 0 0 0 1 55 45 -3 
-573 -960 -365 931 833 520 0 0 0 0 1 54 44 0 
-652 -745 -853 1252 651 188 0 0 0 0 1 55 45 -1 
-611 -724 -1167 1547 452 -240 0 0 0 0 1 57 38 -1 
-597 -665 -1541 1581 396 -453 0 0 0 0 1 48 35 -10 
-642 -689 -1791 1429 400 -672 0 0 0 0 1 42 29 -13 
-702 -707 -1911 1134 491 -794 0 0 0 0 1 43 13 -5 
-764 -738 -2047 924 623 -843 0 0 0 0 1 43 13 -3 
-788 -707 -2127 678 863 -899 0 0 0 0 1 36 8 -8 
-783 -601 -2273 583 961 -932 0 0 0 0 1 33 4 -13 
-718 -518 -2319 524 1002 -939 0 0 0 0 1 36 -3 -19 
-616 -368 -2393 538 935 -937 0 0 0 0 1 30 -9 -9 
-639 -296 -2420 602 710 -966 0 0 0 0 1 18 -9 -6 
-780 -173 -2387 656 500 -1019 0 0 0 0 1 22 -11 -10 
-824 -193 -2430 761 130 -1131 0 0 0 0 1 20 -11 -12 
-1051 -295 -2455 810 -78 -1316 0 0 0 0 1 24 -30 -19 
-1244 -210 -2301 773 -46 -1461 0 0 0 0 1 12 -30 -15 
-1411 -91 -2239 679 103 -1646 0 0 0 0 1 9 -39 -18 
-1354 110 -2108 589 196 -1706 0 0 0 0 1 5 -28 -15 
-1266 184 -2122 447 247 -1619 0 0 0 0 1 24 -42 -8 
-1280 203 -2218 405 233 -1497 0 0 0 0 1 8 -55 -15 
-1355 251 -2341 449 241 -1296 0 0 0 0 1 16 -53 -11 
-1547 381 -2551 550 301 -1158 0 0 0 0 1 9 -56 -2 
-1727 418 -2610 774 490 -999 0 0 0 0 1 8 -52 -8 
-1883 481 -2571 995 828 -894 0 0 0 0 1 3 -55 -3 
-2140 642 -2414 1094 1124 -870 0 0 0 0 1 5 -60 -17 
-2343 747 -2257 1107 1575 -904 0 0 0 0 1 -14 -73 -6 
-2448 874 -2020 1040 1738 -927 0 0 0 0 1 -15 -74 -5 
-2461 941 -1983 874 1567 -890 0 0 0 0 1 -23 -85 -16 
-2246 1035 -2002 752 1250 -782 0 0 0 0 1 -28 -85 -11 
-2121 1093 -2158 608 748 -549 0 0 0 0 1 -35 -88 -4 
-2194 1090 -2214 490 552 -373 0 0 0 0 1 -31 -89 1 
-2303 1008 -2162 394 659 -319 0 0 0 0 1 -43 -91 -3 
-2534 930 -1972 181 1021 -362 0 0 0 0 1 -36 -101 -5 
-2629 864 -1743 -17 1243 -462 0 0 0 0 1 -40 -100 -11 
-2602 843 -1697 -327 1285 -602 0 0 0 0 1 -50 -96 -8 
-2460 832 -1661 -584 912 -687 0 0 0 0 1 -51 -90 -4 
-2296 883 -1686 -705 550 -709 0 0 0 0 1 -62 -87 -3 
-2144 917 -1707 -808 54 -682 0 0 0 0 1 -57 -87 1 
-1917 955 -1815 -806 -189 -634 0 0 0 0 1 -70 -88 0 
-1865 943 -1922 -707 -378 -563 0 0 0 0 1 -61 -85 0 
-1863 923 -2025 -556 -380 -527 0 0 0 0 1 -69 -79 1 
-1974 782 -1998 -483 -308 -537 0 0 0 0 1 -60 -74 -5 
-2063 658 -1885 -465 -162 -589 0 0 0 0 1 -61 -78 -2 
-2167 553 -1687 -530 -61 -632 0 0 0 0 1 -55 -69 -1 
-2035 522 -1566 -698 -7 -634 0 0 0 0 1 -66 -78 -9 
-1970 533 -1547 -883 -164 -573 0 0 0 0 1 -58 -61 6 
-1808 608 -1521 -1047 -476 -458 0 0 0 0 1 -57 -77 -3 
-1694 618 -1507 -1134 -694 -355 0 0 0 0 1 -63 -58 4 
-1594 625 -1505 -1218 -953 -179 0 0 0 0 1 -58 -51 -11 
-1486 599 -1534 -1235 -1065 -13 0 0 0 0 1 -55 -52 -5 
-1399 547 -1542 -1213 -1065 79 0 0 0 0 1 -44 -49 -6 
-1359 481 -1525 -1152 -989 181 0 0 0 0 1 -48 -38 1 
-1432 380 -1487 -1113 -898 206 0 0 0 0 1 -37 -34 0 
-1456 314 -1405 -1080 -704 210 0 0 0 0 1 -33 -26 -4 
-1495 293 -1319 -1070 -554 196 0 0 0 0 1 -41 -30 3 
-1479 290 -1290 -1078 -361 183 0 0 0 0 1 -35 -19 0 
-1425 309 -1271 -1082 -306 183 0 0 0 0 1 -34 -18 -1 
-1437 325 -1291 -1056 -370 169 0 0 0 0 1 -24 -20 -1 
-1472 324 -1294 -1012 -541 106 0 0 0 0 1 -24 -15 -1 
-1510 281 -1258 -988 -672 41 0 0 0 0 1 -22 -15 8 
-1528 274 -1246 -979 -856 -73 0 0 0 0 1 -14 -2 -11 
-1566 230 -1216 -997 -1010 -223 0 0 0 0 1 -25 9 9 
-1556 227 -1165 -1018 -1081 -316 0 0 0 0 1 -4 7 -4 
-1559 229 -1167 -1072 -1159 -434 0 0 0 0 1 0 2 -9 
-1488 240 -1191 -1102 -1189 -482 0 0 0 0 1 -5 11 -5 
-1486 249 -1204 -1125 -1198 -532 0 0 0 0 1 -2 17 -2 
-1499 275 -1235 -1132 -1165 -559 0 0 0 0 1 -5 15 1 
-1540 285 -1270 -1115 -1068 -600 0 0 0 0 1 -2 14 2 
-1570 274 -1298 -1100 -907 -628 0 0 0 0 1 11 26 9 
-1577 260 -1277 -1102 -788 -638 0 0 0 0 1 21 36 9 
-1671 175 -1202 -1126 -678 -662 0 0 0 0 1 16 29 13 
-1680 161 -1169 -1172 -541 -705 0 0 0 0 1 9 36 6 
-1737 171 -1083 -1216 -470 -749 0 0 0 0 1 21 44 6 
-1754 195 -1018 -1267 -419 -811 0 0 0 0 1 28 39 13 
-1745 211 -1019 -1280 -441 -835 0 0 0 0 1 22 52 19 
-1701 244 -1034 -1254 -531 -838 0 0 0 0 1 25 49 13 
-1678 274 -1021 -1209 -620 -818 0 0 0 0 1 30 53 11 
-1685 297 -1044 -1097 -786 -775 0 0 0 0 1 30 68 13 
-1712 334 -1067 -937 -968 -738 0 0 0 0 1 37 68 27 
-1697 302 -1093 -816 -1072 -725 0 0 0 0 1 37 56 27 
-1656 294 -1071 -641 -1147 -702 0 0 0 0 1 36 62 24 
-1554 298 -1036 -527 -1157 -684 0 0 0 0 1 46 65 33 
-1297 287 -666 -734 -1212 -277 0 0 0 0 1 42 61 27 
-1164 441 -740 -1183 -1404 339 0 0 0 0 1 58 63 34 
-1411 594 -1159 -1651 -1809 1081 0 0 0 0 1 58 80 34 
-1749 586 -1431 -1360 -1635 1268 0 0 0 0 1 61 83 39 
-1517 262 -1393 -900 -551 1262 0 0 0 0 1 70 90 39 
-1326 355 -1247 -774 436 1167 0 0 0 0 1 62 79 36 
-1436 287 -1355 -484 2077 1098 0 0 0 0 1 62 101 36 
-1482 208 -1294 -377 3043 1131 0 0 0 0 1 43 94 40 
-1815 -193 -1738 -106 3762 1112 0 0 0 0 1 44 100 32 
-1818 -221 -1641 85 3312 1156 0 0 0 0 1 27 89 19 
-1068 -20 -1303 102 817 1453 0 0 0 0 1 15 89 33 
-1519 1422 -1172 -90 -1388 1502 0 0 0 0 1 14 105 27 
-1452 1059 -971 -356 -3039 1566 0 0 0 0 1 24 101 26 
-1385 1175 -1073 -399 -3721 1584 0 0 0 0 1 33 105 23 
-1426 1109 -752 -304 -3215 1616 0 0 0 0 1 41 101 40 
-1476 1023 -1131 -92 -1478 1638 0 0 0 0 1 37 110 46 
-1461 1220 -1441 89 -898 1588 0 0 0 0 1 30 115 44 
