Data Quantity : 14  Accelerometer : 3  Gyroscope : 3  FSR : 5







-1477 1172 -369 -238 442 98 0 0 0 0 1 159 69 89 
-1547 859 -522 -285 242 72 0 0 0 0 1 167 68 79 
-1673 570 -622 -304 88 42 0 0 0 0 1 160 78 79 
-1767 632 -860 -329 81 -28 0 0 0 0 1 158 78 83 
-1917 723 -1006 -359 317 -92 0 0 0 0 1 165 76 88 
-1982 769 -1172 -400 646 -163 0 0 0 0 1 151 88 86 
-2057 736 -1272 -448 742 -186 0 0 0 0 1 149 74 82 
-2039 705 -1182 -598 873 -186 0 0 0 0 1 153 73 86 
-2046 641 -1037 -724 902 -190 0 0 0 0 1 159 77 71 
-2017 624 -989 -876 834 -197 0 0 0 0 1 153 80 74 
-1934 634 -1000 -918 592 -230 0 0 0 0 1 143 88 69 
-1882 765 -976 -878 418 -278 0 0 0 0 1 152 94 75 
-1861 847 -921 -778 318 -352 0 0 0 0 1 148 90 72 
-1773 916 -897 -694 354 -366 0 0 0 0 1 148 90 79 
-1686 937 -882 -557 483 -323 0 0 0 0 1 143 83 72 
-1659 944 -879 -445 676 -224 0 0 0 0 1 149 94 68 
-1654 959 -826 -381 786 -152 0 0 0 0 1 145 91 80 
-1699 977 -739 -314 887 -89 0 0 0 0 1 140 94 71 
-1737 1038 -593 -299 896 -75 0 0 0 0 1 133 91 68 
-1751 1087 -489 -321 846 -78 0 0 0 0 1 134 95 72 
-1743 1158 -352 -400 769 -90 0 0 0 0 1 140 89 68 
-1702 1134 -383 -439 648 -86 0 0 0 0 1 126 94 66 
-1681 1127 -382 -456 390 -77 0 0 0 0 1 134 100 58 
-1682 1160 -388 -425 233 -73 0 0 0 0 1 128 91 66 
-1586 1130 -459 -282 31 -46 0 0 0 0 1 136 103 60 
-1595 1073 -471 -69 -58 -33 0 0 0 0 1 128 91 71 
-1534 1020 -514 99 -37 -35 0 0 0 0 1 128 96 66 
-1449 1027 -577 369 23 -29 0 0 0 0 1 128 104 59 
-1331 977 -767 581 18 -9 0 0 0 0 1 134 93 65 
-1292 935 -905 936 -4 -23 0 0 0 0 1 132 93 76 
-1535 756 -1077 1224 204 -214 0 0 0 0 1 126 84 57 
-1660 619 -1250 1306 567 -416 0 0 0 0 1 114 82 59 
-1765 601 -1377 1144 1151 -779 0 0 0 0 1 122 83 53 
-1898 562 -1468 823 1329 -1033 0 0 0 0 1 120 73 46 
-2047 518 -1375 -3 1441 -1454 0 0 0 0 1 120 76 48 
-2282 415 -1426 -658 1400 -1752 0 0 0 0 1 117 58 48 
-2317 373 -1471 -1913 1170 -2275 0 0 0 0 1 110 73 44 
-2177 490 -1977 -2371 1071 -2512 0 0 0 0 1 99 85 34 
-2183 577 -2077 -2826 1222 -2876 0 0 0 0 1 109 74 45 
-2145 604 -2130 -3054 1504 -3140 0 0 0 0 1 114 72 26 
-2091 598 -2034 -3153 1697 -3244 0 0 0 0 1 113 73 48 
-2151 638 -1817 -3328 1992 -3349 0 0 0 0 1 107 84 29 
-2234 676 -1157 -3624 2170 -3364 0 0 0 0 1 109 72 36 
-2367 746 -804 -3895 2174 -3357 0 0 0 0 1 109 94 45 
-2527 819 -430 -4351 1957 -3347 0 0 0 0 1 102 96 40 
-3788 96 2784 -3081 -158 -1930 0 0 0 0 1 123 155 105 
-3638 49 2745 -2661 -833 -1312 0 0 0 0 1 121 165 108 
-3263 -265 2592 -2104 -1008 -588 0 0 0 0 1 126 163 105 
-3110 -352 2629 -1702 -620 -141 0 0 0 0 1 135 165 115 
-3006 -468 2542 -1027 341 449 0 0 0 0 1 129 174 130 
-3063 -656 2649 -405 1145 893 0 0 0 0 1 125 188 128 
-3198 -839 2731 -61 1424 1127 0 0 0 0 1 129 183 130 
-3287 -1002 3388 190 1409 1545 0 0 0 0 1 126 190 122 
-3181 -1188 3811 432 1001 1955 0 0 0 0 1 122 186 121 
-3325 -1336 4191 970 291 2672 0 0 0 0 1 112 192 117 
-3488 -1146 5946 1566 -938 3471 0 0 0 0 1 108 201 109 
-3688 -755 5095 4386 -4435 5063 0 0 0 0 1 96 191 111 
-3627 -1388 3177 8784 -5768 6354 0 0 0 0 1 94 193 104 
-3190 -2224 2813 11363 -4999 7210 0 0 0 0 1 97 180 91 
-3087 -2397 1820 14457 -5047 8891 0 0 0 0 1 100 177 73 
-3529 -5248 -1563 16356 -4590 9993 0 0 0 0 1 92 149 44 
-4273 -6408 -3937 18412 -338 10884 0 0 0 0 1 79 109 17 
-4703 -8673 -8324 17836 3495 11647 0 0 0 0 1 56 71 0 
-1759 -9675 -8364 14739 4947 12130 0 0 0 0 1 28 2 -30 
-454 -9866 -7952 8502 7753 10352 0 0 0 0 1 -9 -22 -37 
1279 -8934 -7508 3951 4606 5007 0 0 0 0 1 -24 -42 -36 
2057 -6265 -5277 1322 630 576 0 0 0 0 1 -24 -40 -43 
1281 -5872 -3941 -3588 -3437 -5071 0 0 0 0 1 -15 -42 -19 
-350 -4131 -1876 -7878 -5099 -7664 0 0 0 0 1 -4 -44 -41 
-389 -2136 -2948 -7953 -3923 -7518 0 0 0 0 1 25 14 -23 
-1160 -1774 -1321 -6309 -2464 -6861 0 0 0 0 1 40 34 -23 
-1550 -1306 318 -3490 -156 -5375 0 0 0 0 1 55 25 -3 
-1414 -151 649 -1773 261 -4023 0 0 0 0 1 46 30 -5 
-1417 667 276 12 -223 -1768 0 0 0 0 1 48 42 1 
-1511 710 -476 1015 -171 89 0 0 0 0 1 64 28 1 
-1813 329 -1471 1325 582 859 0 0 0 0 1 42 29 -2 
-1891 250 -2074 1356 1677 1368 0 0 0 0 1 38 23 -12 
-1706 218 -2273 861 1768 1420 0 0 0 0 1 31 18 -17 
-1331 96 -2146 411 1408 1291 0 0 0 0 1 35 12 -13 
-1158 37 -2277 -99 880 826 0 0 0 0 1 31 8 -22 
-895 -108 -2546 -291 596 414 0 0 0 0 1 16 19 -11 
-728 -197 -2481 -504 141 -249 0 0 0 0 1 22 13 -17 
-716 -183 -2333 -702 -402 -924 0 0 0 0 1 27 20 -17 
-739 -137 -2270 -793 -813 -1353 0 0 0 0 1 24 23 -15 
-849 -101 -2313 -830 -1380 -1943 0 0 0 0 1 27 28 -5 
-905 -104 -2460 -824 -1577 -2281 0 0 0 0 1 42 19 -9 
-1046 -7 -2566 -797 -1664 -2693 0 0 0 0 1 55 28 -15 
-1093 0 -2442 -890 -1598 -2911 0 0 0 0 1 54 22 -9 
-1124 -30 -2039 -1070 -1414 -2936 0 0 0 0 1 64 30 -3 
-1081 61 -1775 -1454 -1066 -2847 0 0 0 0 1 68 24 -2 
-1092 308 -1523 -1689 -942 -2765 0 0 0 0 1 63 19 -6 
-1129 435 -1441 -1927 -928 -2666 0 0 0 0 1 68 26 2 
-1450 549 -1245 -1993 -972 -2642 0 0 0 0 1 69 28 10 
-1548 555 -1145 -2048 -1271 -2658 0 0 0 0 1 83 23 12 
-1747 618 -834 -2088 -1992 -2619 0 0 0 0 1 95 25 22 
-1818 516 -791 -2082 -2453 -2553 0 0 0 0 1 87 14 16 
-1914 499 -776 -2016 -2622 -2485 0 0 0 0 1 95 35 26 
-2071 588 -734 -1917 -2173 -2472 0 0 0 0 1 115 41 41 
-3830 140 1067 -3292 478 -1314 0 0 0 0 1 115 103 69 
-3830 75 1097 -3411 405 -1264 0 0 0 0 1 129 103 67 
-3792 -82 1222 -3486 416 -1237 0 0 0 0 1 125 115 79 
-3717 -160 1161 -3531 445 -1156 0 0 0 0 1 127 117 81 
-3449 -230 1193 -3522 462 -1039 0 0 0 0 1 126 126 84 
-3253 -236 1206 -3461 528 -799 0 0 0 0 1 132 137 97 
-2996 -244 1281 -3393 608 -618 0 0 0 0 1 140 136 89 
-2881 -245 1321 -3237 782 -365 0 0 0 0 1 130 148 108 
-2739 -384 1448 -3034 1020 -193 0 0 0 0 1 130 155 110 
-2540 -596 1635 -2904 1294 -47 0 0 0 0 1 132 166 104 
-2256 -888 2034 -2814 1989 347 0 0 0 0 1 122 164 118 
-1992 -1087 2379 -2767 2562 679 0 0 0 0 1 112 182 108 
-2175 -1523 2894 -2619 3392 1131 0 0 0 0 1 109 190 105 
-2543 -1743 3517 -2494 3771 1420 0 0 0 0 1 101 191 121 
-3093 -1971 4319 -2122 3404 1994 0 0 0 0 1 80 206 104 
-4168 -1491 5155 -1393 2042 2533 0 0 0 0 1 75 208 114 
-4349 -1398 4715 1433 -1584 4246 0 0 0 0 1 75 223 109 
-4218 -1659 4199 5955 -4067 6381 0 0 0 0 1 69 224 112 
-4374 -1543 4325 9043 -4299 7517 0 0 0 0 1 66 215 111 
-3798 -2110 3060 13451 -5196 9252 0 0 0 0 1 50 209 89 
-3061 -2966 1599 15723 -6307 10319 0 0 0 0 1 48 145 36 
-2093 -5969 -1408 18122 -6979 11868 0 0 0 0 1 44 115 11 
-2414 -7618 -4621 19340 -5058 12945 0 0 0 0 1 51 71 0 
-2835 -9885 -8341 18970 -3077 13726 0 0 0 0 1 60 28 -10 
-1608 -1347 -726 -3611 398 -4090 0 0 0 0 1 54 17 -16 
-1647 -736 493 -2071 1669 -2765 0 0 0 0 1 38 35 -15 
-1675 -251 1048 -1451 1437 -1906 0 0 0 0 1 43 23 -10 
-1718 129 840 -643 474 -854 0 0 0 0 1 36 28 -8 
-1645 473 57 -55 2 -315 0 0 0 0 1 48 23 -8 
-1438 524 -671 868 -326 353 0 0 0 0 1 29 30 -5 
-1390 492 -1602 1580 -159 744 0 0 0 0 1 42 19 -13 
-1362 379 -2204 1792 19 837 0 0 0 0 1 35 26 -9 
-1324 337 -2393 1632 -30 781 0 0 0 0 1 36 18 -17 
-1136 239 -2359 1233 -197 686 0 0 0 0 1 34 18 -19 
-1023 84 -2281 465 -141 485 0 0 0 0 1 33 0 -20 
-955 -54 -2493 -133 14 196 0 0 0 0 1 37 9 -6 
-1057 -19 -2531 -367 31 -58 0 0 0 0 1 34 -6 -19 
-1114 -1 -2495 -538 -69 -411 0 0 0 0 1 38 3 -17 
-921 180 -2315 -640 -244 -622 0 0 0 0 1 36 3 -17 
-581 296 -2081 -721 -381 -652 0 0 0 0 1 42 12 -16 
-411 336 -1945 -841 -520 -625 0 0 0 0 1 36 6 -5 
-360 230 -1907 -880 -610 -623 0 0 0 0 1 41 6 -10 
-780 85 -1977 -892 -719 -827 0 0 0 0 1 54 4 -11 
-1167 115 -1877 -1018 -610 -1338 0 0 0 0 1 41 18 -8 
-1556 303 -1705 -1214 -446 -1765 0 0 0 0 1 77 61 11 
-2640 924 -86 -3337 -1539 -2777 0 0 0 0 1 86 62 29 
-2612 1059 94 -3598 -1892 -2607 0 0 0 0 1 94 66 39 
-3074 246 1270 -3194 977 -1782 0 0 0 0 1 163 104 108 
-3114 57 1499 -3343 1462 -1619 0 0 0 0 1 153 117 114 
-3095 -71 1777 -3528 1573 -1452 0 0 0 0 1 155 120 118 
-3015 -175 2092 -3872 1423 -1077 0 0 0 0 1 155 127 104 
-2945 -210 2155 -4114 982 -622 0 0 0 0 1 156 118 101 
-2973 -218 2184 -4125 645 -354 0 0 0 0 1 158 139 118 
-3101 -254 2069 -3868 373 -69 0 0 0 0 1 155 149 123 
-3191 -328 2028 -3407 601 103 0 0 0 0 1 146 154 146 
-3230 -315 1866 -3002 961 177 0 0 0 0 1 153 154 137 
-3103 -344 1641 -2369 1602 283 0 0 0 0 1 145 172 147 
-2959 -364 1826 -2040 1986 368 0 0 0 0 1 145 172 145 
-2739 -503 1965 -1750 2358 617 0 0 0 0 1 151 169 142 
-2310 -700 2682 -1769 2606 926 0 0 0 0 1 134 176 144 
-1997 -835 3263 -2026 2954 1674 0 0 0 0 1 140 190 138 
-1765 -1119 3764 -2138 3200 2274 0 0 0 0 1 127 196 146 
-2156 -1173 3775 -1863 3650 2875 0 0 0 0 1 102 207 129 
-3273 -1627 4879 -1148 3802 3310 0 0 0 0 1 99 223 128 
-3534 -1587 5353 -288 2767 3772 0 0 0 0 1 83 224 126 
-4099 -1387 5564 2177 32 4755 0 0 0 0 1 71 236 131 
-4726 -1463 6279 4272 -1771 5398 0 0 0 0 1 51 237 116 
-4748 -1372 6228 8438 -6077 6384 0 0 0 0 1 38 224 108 
-4500 -1965 5062 11295 -8173 6772 0 0 0 0 1 42 201 81 
-3727 -2728 3919 14727 -9312 7589 0 0 0 0 1 55 177 54 
-2857 -4772 -647 16811 -8865 8567 0 0 0 0 1 63 134 44 
-3257 -6120 -3790 19254 -3678 9800 0 0 0 0 1 57 109 12 
-5702 -8712 -8395 20030 -18 10167 0 0 0 0 1 56 51 6 
-6482 -12627 -9997 17209 1369 9798 0 0 0 0 1 37 2 -18 
-4024 -13237 -8743 9433 1976 7704 0 0 0 0 1 47 -49 -20 
202 -11565 -11870 5304 3210 5922 0 0 0 0 1 43 -55 -31 
3199 -8265 -12825 1859 4994 2526 0 0 0 0 1 22 -55 -26 
3086 -5194 -8285 -422 3161 8 0 0 0 0 1 16 -66 -41 
1471 -4953 -3574 -5250 -1003 -3516 0 0 0 0 1 4 -51 -34 
-715 -4329 -140 -7779 -2813 -5298 0 0 0 0 1 14 -31 -41 
-1567 -3394 -582 -8184 -4169 -6524 0 0 0 0 1 27 -13 -26 
-1760 -2471 -103 -5877 -2952 -6080 0 0 0 0 1 47 14 -30 
-1501 -914 193 -3879 -1192 -5145 0 0 0 0 1 58 17 -6 
-1253 -58 -140 -1215 319 -3129 0 0 0 0 1 58 14 -2 
-1376 373 -143 192 913 -1118 0 0 0 0 1 62 15 -8 
-1507 347 -304 609 1068 -170 0 0 0 0 1 53 13 -10 
-1711 175 -1042 867 1044 643 0 0 0 0 1 60 8 -5 
-1640 8 -1824 886 1047 875 0 0 0 0 1 46 8 -10 
-1490 -68 -2177 742 1024 959 0 0 0 0 1 41 15 -12 
-1242 -130 -2523 439 656 847 0 0 0 0 1 46 1 -15 
-1217 -81 -2615 169 265 642 0 0 0 0 1 51 4 -13 
-1238 -93 -2596 -301 -373 187 0 0 0 0 1 46 1 -10 
-1229 -231 -2548 -627 -708 -131 0 0 0 0 1 43 3 -17 
-1081 -297 -2588 -1024 -863 -540 0 0 0 0 1 35 2 -13 
-765 -193 -2565 -1246 -831 -853 0 0 0 0 1 47 12 -9 
-553 -199 -2462 -1291 -891 -1023 0 0 0 0 1 46 11 -5 
-626 -193 -2425 -1225 -1135 -1339 0 0 0 0 1 61 19 -11 
-1121 -188 -2253 -1154 -1584 -1738 0 0 0 0 1 58 14 2 
-1449 34 -1981 -1217 -1868 -2006 0 0 0 0 1 68 14 6 
-1539 35 -1549 -1536 -2433 -2211 0 0 0 0 1 76 20 5 
-1609 21 -1142 -2035 -3208 -2178 0 0 0 0 1 88 23 19 
-1578 139 -1031 -2375 -3647 -2082 0 0 0 0 1 96 22 9 
-1590 276 -1024 -2756 -3990 -1935 0 0 0 0 1 104 18 29 
-1761 366 -1062 -2910 -4009 -1899 0 0 0 0 1 127 22 39 
-1759 380 -1077 -3006 -3617 -1902 0 0 0 0 1 130 45 43 
-2047 556 -785 -3017 -3096 -1964 0 0 0 0 1 148 49 62 
-2111 549 -560 -3118 -2205 -2027 0 0 0 0 1 162 46 72 
-2026 540 25 -3247 -1852 -1941 0 0 0 0 1 155 46 74 
-1959 591 197 -3526 -1763 -1589 0 0 0 0 1 162 51 88 
-1805 696 604 -3814 -1739 -1165 0 0 0 0 1 162 49 88 
-1776 897 820 -3972 -1560 -977 0 0 0 0 1 169 61 104 
-1962 964 930 -4054 -1350 -900 0 0 0 0 1 178 74 108 
-2032 880 915 -4013 -1025 -927 0 0 0 0 1 178 79 108 
-2219 562 1002 -3921 -439 -1050 0 0 0 0 1 182 79 122 
-2523 340 1614 -3947 22 -1125 0 0 0 0 1 172 83 118 
-2532 108 1822 -3979 473 -1135 0 0 0 0 1 179 90 128 
-2668 -1 1996 -3969 654 -1162 0 0 0 0 1 181 93 135 
-2993 291 2274 -3884 783 -1285 0 0 0 0 1 185 101 133 
-3026 454 2327 -3717 673 -1319 0 0 0 0 1 191 95 137 
-2974 425 2350 -3291 344 -1229 0 0 0 0 1 193 110 135 
-2906 476 2324 -2940 207 -1105 0 0 0 0 1 188 105 146 
-3040 369 2584 -2461 301 -896 0 0 0 0 1 194 101 145 
-3004 242 2725 -2112 745 -627 0 0 0 0 1 199 111 138 
-2919 194 2873 -1940 1213 -427 0 0 0 0 1 185 109 150 
-2951 122 2844 -1722 1915 -151 0 0 0 0 1 187 114 143 
-3027 44 2760 -1600 2252 -18 0 0 0 0 1 175 114 140 
-3146 54 2773 -1508 2409 103 0 0 0 0 1 171 121 140 
-3222 57 2722 -1480 2261 171 0 0 0 0 1 178 136 140 
-3185 74 2561 -1442 1707 291 0 0 0 0 1 176 125 142 
-2998 293 2308 -1423 1285 374 0 0 0 0 1 166 133 136 
-2875 349 2196 -1402 784 492 0 0 0 0 1 162 139 121 
-2760 344 2084 -1391 593 577 0 0 0 0 1 153 139 142 
-2640 288 1970 -1414 642 608 0 0 0 0 1 149 148 131 
-2478 106 2034 -1533 946 694 0 0 0 0 1 161 148 131 
-2268 -72 2173 -1657 1292 760 0 0 0 0 1 156 163 129 
-2178 -113 2315 -1890 1862 838 0 0 0 0 1 145 175 122 
-2085 -264 2843 -2109 2168 927 0 0 0 0 1 142 168 129 
-1969 -179 3351 -2368 2207 1363 0 0 0 0 1 147 182 133 
-1791 -526 3229 -2224 1907 1945 0 0 0 0 1 128 187 136 
-2113 -646 3849 -1757 1279 3042 0 0 0 0 1 134 191 137 
-2191 -266 5186 -1038 177 4144 0 0 0 0 1 123 195 145 
-2046 -302 3994 2113 -2239 6171 0 0 0 0 1 112 212 136 
-2737 -259 3593 5154 -2742 7125 0 0 0 0 1 84 223 132 
-2981 -545 3663 9984 -2066 7822 0 0 0 0 1 80 223 109 
-3986 -1269 2375 13088 -3106 7723 0 0 0 0 1 70 213 86 
-4121 -2486 1039 16673 -7430 7087 0 0 0 0 1 64 180 66 
-2652 -5154 783 17590 -10041 6902 0 0 0 0 1 79 143 43 
-3242 -7271 -2113 17284 -12378 6975 0 0 0 0 1 100 106 29 
-5152 -9043 -8905 14761 -8234 7329 0 0 0 0 1 109 52 29 
-5374 -7682 -10106 11134 -756 6679 0 0 0 0 1 142 42 31 
-6849 -7174 -8442 4005 3257 2279 0 0 0 0 1 117 36 13 
-7011 -6860 -7591 634 708 -1135 0 0 0 0 1 116 18 3 
-914 -5406 -9104 -2042 -569 -2683 0 0 0 0 1 116 15 10 
1338 -3685 -8152 -3066 625 -2447 0 0 0 0 1 122 31 13 
193 -3394 -5330 -4380 1246 -2238 0 0 0 0 1 114 28 12 
-772 -3328 -1166 -4971 910 -2270 0 0 0 0 1 117 29 18 
-1486 -2999 46 -4604 -134 -2511 0 0 0 0 1 123 40 29 
-1638 -2022 260 -3721 -374 -2403 0 0 0 0 1 119 57 29 
-1360 -1614 10 -2259 951 -1819 0 0 0 0 1 132 53 37 
-1432 -1169 -209 -1466 2263 -1465 0 0 0 0 1 122 58 34 
-1749 -925 -199 -704 3331 -1130 0 0 0 0 1 117 44 27 
-1665 -154 -412 -402 2584 -523 0 0 0 0 1 109 62 31 
-1651 59 -963 -272 1649 -1 0 0 0 0 1 96 51 16 
-1712 136 -1672 77 894 614 0 0 0 0 1 86 45 22 
-1731 95 -2708 414 896 848 0 0 0 0 1 94 53 18 
-1781 72 -3086 834 1281 952 0 0 0 0 1 86 52 19 
-1800 -64 -3228 914 1711 896 0 0 0 0 1 76 57 3 
-1937 -324 -3140 660 2447 554 0 0 0 0 1 73 61 6 
-1930 -257 -2815 281 2672 222 0 0 0 0 1 62 55 8 
-1648 -206 -2448 -452 2104 -201 0 0 0 0 1 42 51 2 
-1231 -7 -2069 -930 1326 -450 0 0 0 0 1 50 47 -1 
-1022 318 -2035 -1488 311 -884 0 0 0 0 1 50 62 -8 
-1047 393 -2196 -1748 -217 -1403 0 0 0 0 1 43 60 -1 
-1220 522 -2194 -1816 -305 -1772 0 0 0 0 1 55 62 3 
-1427 572 -2156 -1824 -282 -2275 0 0 0 0 1 66 56 4 
-1653 759 -1727 -1867 -232 -2517 0 0 0 0 1 55 55 17 
-1634 885 -1243 -2001 -252 -2662 0 0 0 0 1 57 69 17 
-1556 1098 -968 -2151 -344 -2631 0 0 0 0 1 71 69 15 
-1552 1480 -678 -2273 -497 -2590 0 0 0 0 1 64 87 19 
-1653 1682 -471 -2338 -711 -2554 0 0 0 0 1 64 84 17 
-1760 1672 -359 -2389 -1131 -2483 0 0 0 0 1 75 80 25 
-2236 1542 -135 -2445 -1303 -2498 0 0 0 0 1 79 87 22 
-2555 1545 217 -2638 -1373 -2565 0 0 0 0 1 82 90 34 
-2724 1416 661 -2808 -1429 -2562 0 0 0 0 1 101 95 34 
-2716 1276 714 -2936 -1557 -2484 0 0 0 0 1 102 87 47 
-2688 1386 813 -2943 -1572 -2390 0 0 0 0 1 109 109 50 
-2665 1482 959 -2875 -1529 -2335 0 0 0 0 1 125 98 62 
-2523 1362 916 -2644 -1333 -2180 0 0 0 0 1 120 105 55 
-3305 768 1192 -1712 3343 -1883 0 0 0 0 1 121 111 71 
-3338 718 1065 -2134 2511 -1613 0 0 0 0 1 112 106 61 
-3347 647 1085 -2483 1762 -1483 0 0 0 0 1 108 112 67 
-3434 251 1051 -2852 1042 -1408 0 0 0 0 1 101 115 67 
-3372 122 1065 -3374 310 -1284 0 0 0 0 1 109 118 73 
-3093 -111 1064 -3757 74 -1108 0 0 0 0 1 100 133 71 
-2861 -86 1022 -3873 180 -950 0 0 0 0 1 110 137 76 
-2805 -109 973 -3794 632 -765 0 0 0 0 1 106 152 79 
-2828 -317 1164 -3644 1089 -690 0 0 0 0 1 107 145 91 
-2745 -547 1438 -3389 1825 -545 0 0 0 0 1 99 166 86 
-2761 -735 2058 -3239 2201 -412 0 0 0 0 1 99 176 90 
-2897 -844 2701 -2954 2279 -38 0 0 0 0 1 102 172 98 
-3170 -858 3170 -2470 1638 706 0 0 0 0 1 94 196 102 
-3192 -1099 3349 -1887 1121 1504 0 0 0 0 1 83 202 105 
-3844 -1484 4331 -764 473 2862 0 0 0 0 1 82 218 109 
-4389 -1291 4515 537 -648 3983 0 0 0 0 1 79 207 110 
-4669 -976 4448 3663 -2853 5613 0 0 0 0 1 74 207 105 
-5097 -500 4283 6357 -4285 6305 0 0 0 0 1 69 219 96 
-4841 -419 3779 10503 -6554 6891 0 0 0 0 1 62 207 80 
-3865 -1487 2334 13718 -8655 7347 0 0 0 0 1 67 182 68 
-3126 -3271 -86 15435 -8482 7787 0 0 0 0 1 86 133 43 
-3104 -3498 -541 15762 -4920 8765 0 0 0 0 1 99 88 30 
-3587 -5715 -2925 14947 -4264 9742 0 0 0 0 1 96 78 16 
-6275 -7734 -4184 12380 -3298 9391 0 0 0 0 1 90 42 12 
-7584 -9644 -7373 9051 -1438 6350 0 0 0 0 1 97 23 15 
-5171 -9278 -10720 6518 629 3895 0 0 0 0 1 100 6 3 
-1516 -8500 -11021 2686 2186 1945 0 0 0 0 1 96 2 -6 
1995 -5453 -9632 557 1541 1448 0 0 0 0 1 95 -15 10 
1453 -4231 -8327 -1877 -211 152 0 0 0 0 1 80 0 0 
619 -3891 -5344 -3377 -767 -829 0 0 0 0 1 93 8 1 
165 -3870 -3487 -5076 -1040 -1942 0 0 0 0 1 90 23 1 
-648 -3832 -1068 -5535 -891 -2546 0 0 0 0 1 103 26 9 
-1009 -3422 -52 -4973 -650 -3201 0 0 0 0 1 97 40 17 
-734 -2357 -75 -3888 -249 -3286 0 0 0 0 1 106 51 13 
-552 -1715 -265 -2017 1014 -2938 0 0 0 0 1 104 57 24 
-594 -1184 -519 -559 1673 -2236 0 0 0 0 1 115 58 23 
-1072 -809 -733 -2 1719 -1812 0 0 0 0 1 107 47 26 
-1272 -678 -1135 382 1498 -1372 0 0 0 0 1 90 50 15 
-1334 -539 -1841 439 1262 -1201 0 0 0 0 1 97 45 5 
-1332 -483 -2276 322 931 -1092 0 0 0 0 1 82 41 18 
-1468 -522 -2744 148 730 -1117 0 0 0 0 1 92 31 13 
-1590 -415 -2917 -226 377 -1256 0 0 0 0 1 75 36 0 
-1750 -238 -2710 -577 78 -1352 0 0 0 0 1 76 40 10 
-1621 -78 -2308 -1233 -345 -1344 0 0 0 0 1 86 35 17 
-1371 49 -1978 -1617 -550 -1258 0 0 0 0 1 96 39 4 
-1141 155 -2062 -1895 -851 -1109 0 0 0 0 1 84 34 20 
-1368 268 -2298 -1899 -1174 -1107 0 0 0 0 1 99 41 16 
-1449 288 -2339 -1788 -1701 -1286 0 0 0 0 1 104 45 22 
-1927 229 -2260 -1771 -1961 -1656 0 0 0 0 1 104 42 19 
-2415 83 -1769 -1902 -1944 -1930 0 0 0 0 1 114 52 22 
-2619 95 -1166 -2305 -1770 -2253 0 0 0 0 1 103 51 25 
-2494 342 -723 -2660 -1635 -2327 0 0 0 0 1 120 53 44 
-2249 661 -317 -3194 -1620 -2130 0 0 0 0 1 130 57 43 
-1564 916 -132 -3462 -1968 -1596 0 0 0 0 1 139 61 55 
-1495 1149 -418 -3410 -2275 -1297 0 0 0 0 1 135 69 64 
-1866 1249 -470 -3170 -2532 -1153 0 0 0 0 1 149 74 64 
-2178 1121 -342 -2993 -2410 -1225 0 0 0 0 1 155 63 81 
-2548 703 54 -2851 -1690 -1498 0 0 0 0 1 161 89 89 
-2791 606 416 -2869 -1001 -1761 0 0 0 0 1 161 84 91 
-3023 626 1117 -3069 -129 -2124 0 0 0 0 1 165 80 111 
-2857 745 1420 -3220 93 -2264 0 0 0 0 1 182 74 103 
-2721 803 1307 -3308 -138 -2281 0 0 0 0 1 176 73 95 
-2529 865 1137 -3283 -421 -2177 0 0 0 0 1 179 98 123 
-2503 1011 1275 -3276 -586 -1929 0 0 0 0 1 188 83 123 
-2660 852 1770 -3380 -478 -1620 0 0 0 0 1 188 93 130 
-3037 -85 2039 -3470 -340 -1432 0 0 0 0 1 194 94 129 
-3206 -306 2350 -3604 -49 -1229 0 0 0 0 1 188 95 144 
-3421 -173 2540 -3584 275 -1145 0 0 0 0 1 181 100 137 
-3317 -67 2492 -3460 515 -1108 0 0 0 0 1 193 105 146 
-3225 -40 2488 -3152 1026 -1071 0 0 0 0 1 192 109 154 
-3355 -257 2489 -2911 1513 -1091 0 0 0 0 1 186 105 153 
-3466 -622 2562 -2611 2149 -1100 0 0 0 0 1 178 114 145 
-3380 -1004 2783 -2466 2414 -977 0 0 0 0 1 159 155 143 
-2170 -892 3162 -419 1991 3353 0 0 0 0 1 148 166 130 
-2386 -913 4047 -626 1702 3978 0 0 0 0 1 140 175 131 
-2398 -941 4181 -532 750 4853 0 0 0 0 1 117 196 123 
-2906 -790 5008 -183 15 5456 0 0 0 0 1 119 192 129 
-2801 -329 5348 1567 -2380 6723 0 0 0 0 1 97 214 122 
-2600 138 4458 3871 -4138 7570 0 0 0 0 1 84 215 123 
-2790 188 4371 7851 -4942 8316 0 0 0 0 1 82 220 121 
-2377 -1145 2974 11515 -4600 8802 0 0 0 0 1 68 218 107 
-3159 -2421 1680 13303 -4405 8889 0 0 0 0 1 63 201 86 
-3878 -3164 13 15338 -4201 8834 0 0 0 0 1 53 180 61 
-6020 -5827 -4659 16215 -2744 8318 0 0 0 0 1 40 110 23 
-8014 -6700 -5264 15119 -589 6811 0 0 0 0 1 38 69 -1 
-7324 -10442 -8940 11520 -4362 6024 0 0 0 0 1 34 38 -5 
-1715 -9889 -9640 7684 -2543 5970 0 0 0 0 1 51 14 -13 
2504 -7443 -13305 3800 4166 5714 0 0 0 0 1 49 4 -27 
3125 -2111 -13686 476 6794 2614 0 0 0 0 1 20 1 -26 
-288 -4000 -3496 -3464 4415 -612 0 0 0 0 1 -2 7 -46 
-1516 -4194 -301 -8404 -2258 -5107 0 0 0 0 1 4 17 -34 
-599 -3593 -1713 -9381 -4796 -6601 0 0 0 0 1 15 52 -26 
-66 -3155 -1522 -8173 -4038 -6941 0 0 0 0 1 37 78 2 
-278 -2487 -1258 -5183 -636 -6328 0 0 0 0 1 47 83 16 
-559 -1259 -546 -3262 824 -5510 0 0 0 0 1 69 99 17 
-702 -347 182 -1548 449 -3697 0 0 0 0 1 86 96 15 
-814 -42 -29 -874 -645 -1895 0 0 0 0 1 73 105 11 
-1269 -55 -746 -638 -503 -1106 0 0 0 0 1 76 101 29 
-1563 -244 -1239 -340 286 -528 0 0 0 0 1 90 91 22 
-1763 -302 -1785 -216 816 -359 0 0 0 0 1 76 106 26 
-1652 -166 -1908 -266 894 -323 0 0 0 0 1 69 106 19 
-1504 -36 -2137 -371 745 -284 0 0 0 0 1 75 93 27 
-1285 42 -2331 -427 697 -254 0 0 0 0 1 73 103 20 
-1145 48 -2385 -475 668 -228 0 0 0 0 1 61 88 20 
-1051 -14 -2364 -526 548 -383 0 0 0 0 1 61 85 13 
-1137 84 -2268 -606 403 -625 0 0 0 0 1 67 99 15 
-1170 168 -2157 -836 39 -1089 0 0 0 0 1 61 95 16 
-1155 29 -2161 -1096 -261 -1559 0 0 0 0 1 60 94 19 
-1244 26 -2162 -1244 -284 -1873 0 0 0 0 1 74 99 29 
-1308 62 -2181 -1365 -285 -2298 0 0 0 0 1 75 107 32 
-1320 244 -2070 -1418 -298 -2493 0 0 0 0 1 74 96 33 
-1291 380 -1799 -1533 -379 -2624 0 0 0 0 1 74 99 29 
-1172 569 -1422 -1677 -565 -2645 0 0 0 0 1 86 109 26 
-1221 948 -1126 -1755 -752 -2690 0 0 0 0 1 93 99 36 
-1396 1153 -810 -1879 -1299 -2823 0 0 0 0 1 97 101 40 
-1728 1175 -700 -1973 -2120 -2948 0 0 0 0 1 107 89 45 
-2076 940 -604 -2033 -2411 -3055 0 0 0 0 1 113 98 76 
-2393 737 -365 -2198 -2240 -3237 0 0 0 0 1 129 90 60 
-2596 390 -179 -2328 -1883 -3290 0 0 0 0 1 128 99 61 
-2464 424 74 -2588 -895 -3225 0 0 0 0 1 143 98 76 
-2408 1033 840 -2931 127 -3151 0 0 0 0 1 147 99 75 
-2272 1523 1006 -3069 340 -3082 0 0 0 0 1 149 89 84 
-2528 1605 1133 -3203 -22 -3043 0 0 0 0 1 151 95 97 
-3232 960 1548 -3319 -475 -3025 0 0 0 0 1 148 93 83 
-3595 459 1537 -3423 -891 -2877 0 0 0 0 1 158 85 100 
-3912 -202 1525 -3402 -713 -2659 0 0 0 0 1 167 90 109 
-4005 -573 1597 -3278 445 -2237 0 0 0 0 1 168 94 112 
-4242 -528 2004 -3145 1852 -1853 0 0 0 0 1 165 93 114 
-4310 -351 2209 -3033 2151 -1529 0 0 0 0 1 167 103 107 
-4371 -313 2356 -2822 1380 -890 0 0 0 0 1 161 99 108 
-4654 -341 2575 -2651 382 -419 0 0 0 0 1 155 110 116 
-4840 -524 2443 -2267 -932 229 0 0 0 0 1 149 123 119 
-4772 -779 2320 -1845 -1170 797 0 0 0 0 1 159 121 126 
-4456 -953 1900 -1591 -712 1108 0 0 0 0 1 161 123 126 
-4251 -864 1700 -1354 280 1449 0 0 0 0 1 162 137 128 
-3873 -713 1367 -1270 660 1636 0 0 0 0 1 158 139 128 
-3674 -470 1304 -1281 430 1824 0 0 0 0 1 156 145 136 
-3326 -91 1582 -1494 -509 1983 0 0 0 0 1 159 153 131 
-2937 143 1555 -1663 -1159 2039 0 0 0 0 1 149 170 131 
-2674 281 1366 -1812 -1532 2097 0 0 0 0 1 159 177 145 
-1795 -153 1369 -1900 -1026 2308 0 0 0 0 1 142 185 154 
-1134 -226 1872 -2212 673 2909 0 0 0 0 1 133 187 159 
-694 -246 2583 -2455 1679 3397 0 0 0 0 1 132 206 162 
-694 -335 2965 -2653 2727 4101 0 0 0 0 1 130 229 157 
-1422 -510 3483 -2423 2983 4509 0 0 0 0 1 100 236 154 
-2184 -751 4869 -1983 2177 4721 0 0 0 0 1 101 235 160 
-2639 -740 5097 -132 -910 5118 0 0 0 0 1 70 250 169 
-2708 -951 4835 1980 -2703 5465 0 0 0 0 1 53 268 161 
-2634 -1695 4086 5845 -3225 5822 0 0 0 0 1 48 268 154 
-2592 -1962 3638 9463 -3567 6162 0 0 0 0 1 40 255 132 
-1973 -2399 3718 11925 -5543 6876 0 0 0 0 1 24 248 117 
-2062 -3581 1087 13720 -7963 7338 0 0 0 0 1 24 226 82 
-1822 -4768 -2850 16910 -7314 7008 0 0 0 0 1 35 161 34 
-3179 -6533 -6935 17499 -3811 6055 0 0 0 0 1 30 115 2 
-3459 -7828 -6659 12856 -3371 4519 0 0 0 0 1 44 78 -9 
-4709 -8522 -5129 4830 -2833 2130 0 0 0 0 1 31 52 -10 
-3255 -6848 -13539 2981 -1318 606 0 0 0 0 1 47 41 -11 
-532 -3596 -15437 2356 1917 -83 0 0 0 0 1 44 29 -18 
980 -1307 -9750 -1201 1252 59 0 0 0 0 1 38 18 -26 
-186 -1544 -5536 -4001 -56 -363 0 0 0 0 1 33 44 -18 
-238 -1915 -5133 -5673 185 -1270 0 0 0 0 1 31 62 -15 
-384 -2104 -1005 -5423 400 -1938 0 0 0 0 1 36 69 -1 
-1092 -1861 425 -4828 -236 -2301 0 0 0 0 1 38 91 -10 
-1229 -1409 662 -3412 -1115 -2426 0 0 0 0 1 53 96 5 
-926 -812 118 -2331 -947 -2255 0 0 0 0 1 49 90 16 
-942 -497 -510 -803 -76 -1974 0 0 0 0 1 60 99 15 
-949 -339 -896 134 838 -1747 0 0 0 0 1 61 100 18 
-988 -290 -1466 514 1110 -1610 0 0 0 0 1 55 96 17 
-1007 -278 -1769 516 1157 -1623 0 0 0 0 1 61 95 20 
-928 -282 -1938 188 1069 -1749 0 0 0 0 1 49 95 11 
-867 -195 -2251 -139 732 -1861 0 0 0 0 1 55 91 15 
-805 -211 -2412 -629 216 -2048 0 0 0 0 1 43 77 17 
-1022 -136 -2679 -968 -121 -2363 0 0 0 0 1 66 80 23 
-1015 -44 -2674 -1113 -354 -2579 0 0 0 0 1 58 88 13 
-942 8 -2509 -1315 -574 -2795 0 0 0 0 1 74 82 19 
-828 92 -2167 -1461 -652 -2874 0 0 0 0 1 67 89 15 
-727 121 -1943 -1664 -727 -2926 0 0 0 0 1 80 83 23 
-688 129 -1713 -1767 -820 -2985 0 0 0 0 1 77 88 20 
-1020 117 -1633 -1760 -883 -3095 0 0 0 0 1 79 89 22 
-1264 146 -1630 -1683 -970 -3346 0 0 0 0 1 92 85 37 
-1850 267 -1283 -1684 -1047 -3536 0 0 0 0 1 95 82 40 
-2030 246 -1100 -1762 -1414 -3587 0 0 0 0 1 101 78 37 
-2020 256 -857 -1899 -1884 -3283 0 0 0 0 1 113 71 46 
-2185 266 -539 -2017 -1974 -3018 0 0 0 0 1 116 79 40 
-2177 344 -328 -2189 -1526 -2664 0 0 0 0 1 126 69 64 
-2344 550 -100 -2273 -858 -2528 0 0 0 0 1 129 76 53 
-2706 439 -224 -2231 -502 -2549 0 0 0 0 1 138 79 71 
-2904 287 -184 -2173 111 -2546 0 0 0 0 1 141 71 69 
-3165 -38 256 -2221 555 -2455 0 0 0 0 1 147 69 71 
-3236 -167 744 -2439 1050 -2148 0 0 0 0 1 136 76 65 
-3228 -65 951 -2691 1247 -1768 0 0 0 0 1 133 82 75 
-3229 401 1082 -2795 1238 -1560 0 0 0 0 1 134 80 79 
-3331 581 1026 -2750 1019 -1364 0 0 0 0 1 136 83 65 
-3509 619 895 -2601 882 -1310 0 0 0 0 1 139 85 72 
-3810 476 871 -2288 855 -1349 0 0 0 0 1 139 98 79 
-4148 -22 891 -2081 967 -1389 0 0 0 0 1 134 98 79 
-4258 -310 1025 -1893 1287 -1402 0 0 0 0 1 133 106 71 
-4418 -618 1245 -1857 1562 -1388 0 0 0 0 1 129 110 62 
-4595 -706 1340 -1880 1609 -1390 0 0 0 0 1 127 100 74 
-4630 -655 1384 -1940 1385 -1392 0 0 0 0 1 127 105 72 
-4560 -585 1364 -1974 1062 -1349 0 0 0 0 1 117 107 69 
-4289 -573 1428 -2024 408 -1156 0 0 0 0 1 132 105 65 
-4063 -535 1456 -2050 -260 -772 0 0 0 0 1 126 111 84 
-3673 -465 1416 -2016 -604 -435 0 0 0 0 1 136 115 74 
-3485 -374 1308 -1874 -751 94 0 0 0 0 1 132 117 81 
-3208 -294 1299 -1771 -560 423 0 0 0 0 1 133 123 89 
-3026 -256 1157 -1612 -134 829 0 0 0 0 1 134 132 97 
-2935 -244 1236 -1565 237 1095 0 0 0 0 1 130 138 96 
-2835 -458 1433 -1629 445 1215 0 0 0 0 1 127 147 93 
-2721 -583 1724 -1943 831 1404 0 0 0 0 1 116 160 98 
-2603 -663 2487 -2284 996 1569 0 0 0 0 1 115 159 97 
-2577 -601 2732 -2695 835 1938 0 0 0 0 1 116 172 103 
-2593 -689 3083 -2862 1023 2507 0 0 0 0 1 109 195 110 
-3077 -698 4391 -2825 899 3083 0 0 0 0 1 108 201 107 
-3233 -643 4612 -1719 -673 4604 0 0 0 0 1 87 213 116 
-3387 -559 4146 114 -1993 5908 0 0 0 0 1 70 235 121 
-3568 -735 3717 4322 -3138 7559 0 0 0 0 1 64 231 115 
-4161 -869 3606 9142 -4543 8269 0 0 0 0 1 55 236 101 
-4255 -1382 3432 12110 -6851 8301 0 0 0 0 1 44 218 76 
-3726 -1942 1964 16262 -11842 7950 0 0 0 0 1 48 197 54 
-1495 -3819 -78 18355 -14048 8083 0 0 0 0 1 67 145 40 
-1267 -7490 -3018 20100 -12230 9117 0 0 0 0 1 101 107 34 
-4546 -9699 -5395 17165 -2153 8659 0 0 0 0 1 122 26 30 
-10948 -10306 -6216 13010 1562 6306 0 0 0 0 1 120 12 9 
-10219 -10370 -6947 7026 2893 2352 0 0 0 0 1 97 -15 22 
814 -6040 -11869 3747 4161 1600 0 0 0 0 1 90 -11 3 
1559 -3488 -10459 1972 4573 1038 0 0 0 0 1 74 -25 -3 
191 -2954 -7113 -1788 1367 -916 0 0 0 0 1 74 -35 -8 
-413 -3201 -2995 -4741 -721 -2150 0 0 0 0 1 61 -26 -2 
-774 -3115 -2000 -7480 -1502 -3535 0 0 0 0 1 75 4 -9 
-977 -2912 -1974 -7178 -984 -4204 0 0 0 0 1 70 26 4 
-1108 -2186 -1993 -5935 -321 -4182 0 0 0 0 1 73 44 2 
-1007 -1694 -1495 -4037 884 -3569 0 0 0 0 1 76 50 -3 
-945 -1158 -708 -2789 1147 -2568 0 0 0 0 1 76 57 1 
-944 -718 -419 -2282 710 -1854 0 0 0 0 1 74 62 10 
-1014 -517 -616 -1685 307 -1055 0 0 0 0 1 84 58 18 
-1014 -471 -1506 -1112 503 -604 0 0 0 0 1 74 67 17 
-1146 -512 -1788 -814 805 -479 0 0 0 0 1 76 72 17 
-1288 -533 -1860 -625 1244 -493 0 0 0 0 1 69 79 12 
-1499 -418 -1837 -668 1344 -606 0 0 0 0 1 76 77 12 
-1618 -269 -1820 -907 1267 -854 0 0 0 0 1 76 69 15 
-1571 -163 -1775 -1244 1092 -1074 0 0 0 0 1 60 67 12 
-1369 7 -1738 -1438 920 -1170 0 0 0 0 1 63 83 16 
-1217 95 -1655 -1640 650 -1260 0 0 0 0 1 58 88 11 
-1203 181 -1601 -1682 370 -1341 0 0 0 0 1 74 82 12 
-1333 183 -1576 -1643 -139 -1561 0 0 0 0 1 67 84 15 
-1620 410 -1441 -1613 -458 -1792 0 0 0 0 1 67 79 17 
-1847 422 -1284 -1620 -912 -2149 0 0 0 0 1 70 88 16 
-1874 440 -948 -1732 -1200 -2398 0 0 0 0 1 79 99 19 
-1770 566 -676 -1827 -1225 -2480 0 0 0 0 1 86 82 24 
-1688 775 -444 -1987 -1172 -2492 0 0 0 0 1 93 87 38 
-1535 1056 -205 -2083 -1252 -2421 0 0 0 0 1 102 91 40 
-1407 1134 3 -2190 -1559 -2206 0 0 0 0 1 95 91 45 
-1492 1063 -45 -2150 -2015 -2053 0 0 0 0 1 117 98 48 
-1831 971 -196 -2038 -2221 -2068 0 0 0 0 1 119 104 66 
-1965 898 -150 -1836 -2066 -2213 0 0 0 0 1 122 98 67 
-1994 681 38 -1653 -1305 -2388 0 0 0 0 1 132 93 79 
-2102 696 401 -1605 -607 -2515 0 0 0 0 1 143 95 83 
-2187 938 1148 -1717 144 -2687 0 0 0 0 1 143 98 86 
-2223 1076 1434 -1928 -222 -2730 0 0 0 0 1 141 93 79 
-1988 1194 1440 -1991 -974 -2593 0 0 0 0 1 160 98 79 
-1926 1051 1133 -1786 -1933 -2241 0 0 0 0 1 159 89 82 
-2369 835 902 -1512 -2011 -2082 0 0 0 0 1 154 82 94 
-2598 411 911 -1028 -1214 -1940 0 0 0 0 1 166 69 105 
-2815 112 1069 -627 262 -1910 0 0 0 0 1 173 77 115 
-4741 -248 905 -1505 863 -421 0 0 0 0 1 159 65 82 
-4628 -224 801 -1709 808 -345 0 0 0 0 1 153 71 83 
-4631 -320 855 -1866 606 -383 0 0 0 0 1 151 56 79 
-4438 -313 819 -2088 8 -437 0 0 0 0 1 156 65 77 
-4135 -378 783 -2242 -368 -427 0 0 0 0 1 155 76 79 
-3673 -386 741 -2464 -618 -272 0 0 0 0 1 159 77 98 
-3306 -221 649 -2590 -686 43 0 0 0 0 1 162 85 88 
-2734 129 681 -2606 -765 320 0 0 0 0 1 168 99 98 
-2456 352 708 -2529 -955 760 0 0 0 0 1 155 112 109 
-2091 712 768 -2439 -1067 1039 0 0 0 0 1 165 112 116 
-1736 840 952 -2383 -1015 1546 0 0 0 0 1 175 123 117 
-914 732 1415 -2496 -672 2040 0 0 0 0 1 163 123 119 
-191 617 1962 -2985 597 3037 0 0 0 0 1 165 147 128 
-7 192 3153 -3436 1561 3601 0 0 0 0 1 159 155 122 
-130 56 3370 -3953 2307 3995 0 0 0 0 1 139 183 130 
-779 -604 4881 -4101 2026 3984 0 0 0 0 1 117 201 139 
-1591 -1182 4880 -2733 275 4155 0 0 0 0 1 108 218 135 
-2268 -1305 5162 -871 -633 4381 0 0 0 0 1 119 217 138 
-2323 -1282 5069 3434 -2334 4867 0 0 0 0 1 97 236 147 
-2577 -1664 4366 6968 -3519 4913 0 0 0 0 1 96 245 137 
-3138 -2416 3891 11768 -5757 4211 0 0 0 0 1 88 209 110 
-2036 -3221 2840 15352 -9135 3905 0 0 0 0 1 102 195 87 
-650 -4133 880 17098 -11108 4025 0 0 0 0 1 116 148 87 
-1059 -6547 -3258 19385 -10602 4088 0 0 0 0 1 141 122 72 
-5752 -9896 -9478 18186 -1936 3100 0 0 0 0 1 156 77 71 
-8116 -9004 -10319 14898 2485 2133 0 0 0 0 1 154 47 45 
-8272 -8346 -9231 8054 4262 529 0 0 0 0 1 135 13 38 
-3882 -5980 -8998 3815 3373 225 0 0 0 0 1 128 -3 24 
-1103 -3510 -9198 -561 1175 681 0 0 0 0 1 104 -20 17 
-545 -2286 -5150 -3248 577 203 0 0 0 0 1 113 -19 20 
-262 -2337 -2990 -4220 229 -388 0 0 0 0 1 121 -3 5 
-268 -2479 -1131 -4663 -475 -1227 0 0 0 0 1 110 12 9 
-1030 -2664 351 -4342 -713 -1760 0 0 0 0 1 117 22 20 
-1544 -2386 433 -3020 -347 -2261 0 0 0 0 1 116 42 19 
-1486 -1504 -423 -1119 617 -2032 0 0 0 0 1 125 41 20 
-1299 -638 -1054 0 1241 -1552 0 0 0 0 1 122 34 23 
-1251 -436 -1277 1024 1801 -563 0 0 0 0 1 112 30 17 
-1295 -384 -1559 1304 1974 73 0 0 0 0 1 106 31 16 
-1332 -516 -1782 1317 2043 783 0 0 0 0 1 108 14 16 
-1247 -798 -2158 1024 2031 1103 0 0 0 0 1 108 22 13 
-1154 -1018 -2312 698 2102 1059 0 0 0 0 1 81 11 3 
-1058 -1066 -2420 178 2145 764 0 0 0 0 1 88 8 -3 
-1009 -1154 -2568 -133 2060 475 0 0 0 0 1 68 9 -4 
-1064 -1138 -2591 -500 1747 -68 0 0 0 0 1 62 20 -8 
-1140 -1045 -2533 -804 1127 -732 0 0 0 0 1 48 18 -10 
-1173 -665 -2343 -1003 641 -1230 0 0 0 0 1 54 14 -11 
-1102 -236 -2233 -1321 -202 -1977 0 0 0 0 1 60 20 8 
-1049 67 -2169 -1649 -1044 -2584 0 0 0 0 1 56 19 -9 
-1064 166 -2269 -1831 -1471 -2845 0 0 0 0 1 62 20 3 
-1186 195 -2308 -2034 -1719 -2989 0 0 0 0 1 66 17 -4 
-1471 253 -2451 -2102 -1564 -2972 0 0 0 0 1 69 28 10 
-1637 431 -2318 -2173 -855 -2851 0 0 0 0 1 76 40 3 
-1639 1024 -1999 -2256 -20 -2582 0 0 0 0 1 80 36 16 
-1450 1332 -1696 -2316 438 -2317 0 0 0 0 1 82 34 9 
-1594 1543 -1550 -2398 778 -1980 0 0 0 0 1 82 26 18 
-1984 1661 -1305 -2496 725 -1721 0 0 0 0 1 75 58 13 
-2527 1378 -1124 -2546 704 -1599 0 0 0 0 1 81 52 19 
-2981 1275 -995 -2626 1055 -1564 0 0 0 0 1 66 49 11 
-3303 1306 -718 -2703 1542 -1543 0 0 0 0 1 69 55 15 
-3329 1354 -508 -2854 2274 -1456 0 0 0 0 1 57 77 12 
-3424 1682 -139 -3035 2495 -1424 0 0 0 0 1 61 80 13 
-3555 1843 196 -3155 2211 -1424 0 0 0 0 1 49 80 20 
-3752 1794 497 -3373 1496 -1472 0 0 0 0 1 44 93 16 
-4212 1654 849 -3516 1061 -1538 0 0 0 0 1 43 101 26 
-4442 1472 808 -3573 526 -1622 0 0 0 0 1 44 112 32 
-4748 1314 776 -3458 225 -1694 0 0 0 0 1 34 126 19 
-4685 1419 1109 -3384 187 -1707 0 0 0 0 1 34 136 36 
-4539 1440 1300 -3286 229 -1655 0 0 0 0 1 56 137 44 
-4302 1366 1546 -3242 229 -1594 0 0 0 0 1 57 138 50 
-4173 1280 1625 -3167 163 -1492 0 0 0 0 1 56 157 55 
-4113 897 1661 -3103 88 -1445 0 0 0 0 1 49 164 55 
-4049 640 1776 -3056 -128 -1373 0 0 0 0 1 56 174 69 
-3709 291 1814 -3026 -302 -1272 0 0 0 0 1 61 176 72 
-3280 127 1765 -2954 -375 -1056 0 0 0 0 1 62 180 87 
-2953 147 1618 -2777 -261 -876 0 0 0 0 1 64 182 80 
-2778 181 1485 -2579 -126 -804 0 0 0 0 1 68 196 97 
-2639 216 1523 -2292 140 -812 0 0 0 0 1 70 196 93 
-2576 278 1689 -2140 179 -918 0 0 0 0 1 81 202 103 
-2584 167 1727 -1951 -66 -1154 0 0 0 0 1 76 202 108 
-2528 -102 1838 -1858 -215 -1304 0 0 0 0 1 87 208 123 
-2413 -344 1941 -1726 -172 -1433 0 0 0 0 1 95 202 117 
-2419 -406 2272 -1612 18 -1429 0 0 0 0 1 100 212 129 
-2379 -444 3280 -1574 -65 -1218 0 0 0 0 1 96 220 125 
-2447 -492 3753 -1210 -1130 -509 0 0 0 0 1 104 209 133 
-2990 -886 4885 -58 -3128 692 0 0 0 0 1 109 209 138 
-2787 -1012 4221 1803 -5039 1853 0 0 0 0 1 109 229 138 
-2983 -1369 2843 6465 -6816 3161 0 0 0 0 1 119 224 145 
-2993 -1477 1629 11586 -4952 3692 0 0 0 0 1 125 215 130 
-2054 -1853 520 14674 -3134 4449 0 0 0 0 1 116 187 112 
-1248 -1704 37 17951 -2807 6601 0 0 0 0 1 113 166 90 
-894 -3317 -1655 19294 -4776 8377 0 0 0 0 1 119 148 57 
-2269 -5921 -2934 19509 -5734 9919 0 0 0 0 1 113 100 32 
-5592 -10468 -6796 17640 -2451 9350 0 0 0 0 1 113 63 20 
-6479 -10923 -7459 11459 2842 6421 0 0 0 0 1 96 12 13 
-3304 -7923 -11422 7683 4652 4055 0 0 0 0 1 92 -2 0 
750 -3919 -10465 2606 5536 991 0 0 0 0 1 66 -4 -2 
-50 -2707 -6296 -3033 311 -2369 0 0 0 0 1 66 -14 -13 
-885 -1819 -3062 -6058 -3857 -3914 0 0 0 0 1 63 2 -13 
-549 -1540 -4214 -7355 -5284 -4459 0 0 0 0 1 84 7 -9 
68 -2008 -3340 -6151 -2892 -3777 0 0 0 0 1 119 50 19 
-914 -2483 -266 -4839 -1275 -3286 0 0 0 0 1 125 46 39 
-1311 -1971 537 -2479 114 -2588 0 0 0 0 1 126 52 38 
-899 -593 762 -325 822 -1537 0 0 0 0 1 120 53 30 
-839 -112 479 785 937 -679 0 0 0 0 1 120 41 32 
-1036 59 -17 1957 953 470 0 0 0 0 1 113 49 27 
-1324 72 -895 2447 1007 1051 0 0 0 0 1 114 33 29 
-1360 -7 -1489 2742 1433 1640 0 0 0 0 1 114 30 29 
-1298 -174 -2003 2610 1844 1846 0 0 0 0 1 97 18 12 
-1222 -297 -2153 2078 2009 1845 0 0 0 0 1 89 22 2 
-1252 -470 -2116 1393 1506 1473 0 0 0 0 1 92 17 6 
-1294 -533 -2081 986 1141 1073 0 0 0 0 1 74 11 5 
-1243 -707 -2119 581 878 388 0 0 0 0 1 77 22 9 
-1119 -653 -2146 431 782 -33 0 0 0 0 1 84 4 0 
-1025 -640 -2166 338 490 -561 0 0 0 0 1 71 6 -3 
-911 -630 -2274 346 283 -846 0 0 0 0 1 62 3 3 
-790 -561 -2241 382 184 -1184 0 0 0 0 1 74 1 5 
-849 -476 -2166 406 256 -1474 0 0 0 0 1 70 0 -4 
-930 -415 -2085 391 311 -1611 0 0 0 0 1 76 -15 -3 
-939 -299 -2030 340 375 -1723 0 0 0 0 1 73 -4 2 
-1041 -203 -2001 306 386 -1754 0 0 0 0 1 66 -14 2 
-1141 -45 -1933 264 299 -1710 0 0 0 0 1 57 -33 1 
-1142 -31 -1896 257 152 -1502 0 0 0 0 1 66 -31 -2 
-1136 112 -1760 207 260 -1244 0 0 0 0 1 57 -42 -3 
-1242 299 -1617 141 415 -1122 0 0 0 0 1 60 -40 3 
-1353 461 -1555 54 521 -1070 0 0 0 0 1 54 -36 -4 
-1615 608 -1489 -7 417 -1164 0 0 0 0 1 63 -46 2 
-1756 641 -1455 -28 301 -1248 0 0 0 0 1 49 -51 0 
-1807 606 -1435 -50 136 -1335 0 0 0 0 1 56 -44 0 
-1776 538 -1468 -44 83 -1339 0 0 0 0 1 46 -50 1 
-1737 546 -1472 6 149 -1250 0 0 0 0 1 53 -55 8 
-1584 564 -1406 66 355 -1043 0 0 0 0 1 51 -53 6 
-1551 772 -1179 81 506 -925 0 0 0 0 1 33 -53 4 
-1590 882 -1060 93 619 -821 0 0 0 0 1 47 -56 -2 
-1564 843 -1124 178 470 -790 0 0 0 0 1 36 -45 10 
-1720 818 -1241 279 293 -846 0 0 0 0 1 21 -73 6 
-1937 808 -1255 441 115 -1063 0 0 0 0 1 35 -61 4 
-2141 752 -1184 535 85 -1250 0 0 0 0 1 25 -71 -2 
-2388 742 -1113 631 143 -1587 0 0 0 0 1 31 -74 12 
-2576 785 -911 638 199 -1843 0 0 0 0 1 25 -78 4 
-2452 767 -862 614 128 -1882 0 0 0 0 1 18 -73 13 
-2302 742 -823 572 -190 -1750 0 0 0 0 1 18 -88 -2 
-2089 724 -870 564 -498 -1580 0 0 0 0 1 25 -90 11 
-1894 696 -1033 610 -958 -1272 0 0 0 0 1 30 -100 6 
-1851 626 -1120 733 -1218 -1045 0 0 0 0 1 24 -91 15 
-2066 553 -1101 817 -1223 -1021 0 0 0 0 1 16 -112 13 
-2321 380 -844 837 -1019 -1190 0 0 0 0 1 29 -111 24 
-2397 264 -699 736 -762 -1459 0 0 0 0 1 25 -110 20 
-2342 110 -523 563 -744 -1695 0 0 0 0 1 17 -116 24 
-2261 89 -462 426 -919 -1792 0 0 0 0 1 20 -128 26 
-2106 66 -418 224 -1397 -1790 0 0 0 0 1 28 -122 34 
-1912 -18 -471 88 -1942 -1657 0 0 0 0 1 30 -130 32 
-1789 -83 -590 51 -2217 -1550 0 0 0 0 1 31 -131 33 
-1799 -117 -636 74 -2444 -1451 0 0 0 0 1 31 -136 45 
-1815 -211 -684 131 -2502 -1438 0 0 0 0 1 53 -141 40 
-1861 -266 -729 248 -2464 -1508 0 0 0 0 1 49 -139 41 
-1950 -377 -703 339 -2308 -1697 0 0 0 0 1 53 -136 57 
-2031 -463 -638 371 -2171 -1857 0 0 0 0 1 60 -148 45 
-2012 -503 -658 397 -2058 -2084 0 0 0 0 1 64 -141 54 
-1990 -611 -789 421 -2052 -2251 0 0 0 0 1 58 -157 65 
-1981 -718 -871 427 -1986 -2339 0 0 0 0 1 62 -163 66 
-1993 -834 -818 403 -1828 -2354 0 0 0 0 1 58 -161 76 
-1980 -933 -796 358 -1418 -2305 0 0 0 0 1 74 -177 75 
-2098 -1132 -686 280 -1000 -2280 0 0 0 0 1 60 -177 82 
-2376 -1335 -548 163 -723 -2335 0 0 0 0 1 54 -183 79 
-1816 -1034 -236 -1431 -1896 -1140 0 0 0 0 1 42 -191 81 
-1763 -1118 -174 -1339 -1662 -705 0 0 0 0 1 49 -188 86 
-1830 -1308 -253 -1146 -1464 -343 0 0 0 0 1 57 -192 82 
-1874 -1477 -361 -971 -1315 -164 0 0 0 0 1 67 -192 84 
-1948 -1554 -427 -667 -1012 -26 0 0 0 0 1 62 -192 77 
-2010 -1565 -450 -345 -608 -18 0 0 0 0 1 33 -210 90 
-1620 -1193 -436 1420 1159 -228 0 0 0 0 1 25 -210 102 
-1735 -1313 -215 1329 1304 -157 0 0 0 0 1 20 -217 96 
-1592 -1343 -216 1204 1213 -15 0 0 0 0 1 33 -225 100 
-1612 -1313 -231 1064 951 69 0 0 0 0 1 17 -219 108 
-1646 -1292 -252 970 727 82 0 0 0 0 1 14 -223 111 
-1683 -1284 -234 829 449 35 0 0 0 0 1 16 -235 114 
-1720 -1312 -287 724 242 -68 0 0 0 0 1 10 -244 119 
-1715 -1337 -352 683 163 -152 0 0 0 0 1 12 -246 117 
-1694 -1325 -403 655 158 -278 0 0 0 0 1 14 -235 107 
-1646 -1296 -465 666 212 -348 0 0 0 0 1 14 -240 121 
-1587 -1261 -514 706 362 -426 0 0 0 0 1 8 -241 119 
-1532 -1234 -529 772 571 -456 0 0 0 0 1 2 -245 118 
-1482 -1216 -529 810 720 -452 0 0 0 0 1 7 -242 116 
-1463 -1217 -545 888 892 -406 0 0 0 0 1 5 -251 126 
-1439 -1210 -552 936 949 -353 0 0 0 0 1 -10 -248 122 
-1356 -1201 -564 994 938 -216 0 0 0 0 1 -9 -262 130 
