Data Quantity : 14  Accelerometer : 3  Gyroscope : 3  FSR : 5







-1755 827 -394 -285 -442 19 0 0 0 0 1 181 -44 111 
-1763 796 -510 -283 -351 18 0 0 0 0 1 195 -46 107 
-1786 803 -563 -252 -207 30 0 0 0 0 1 189 -52 105 
-1793 886 -567 -223 -114 39 0 0 0 0 1 193 -46 100 
-1852 909 -527 -202 48 17 0 0 0 0 1 187 -60 110 
-1877 982 -522 -179 156 -3 0 0 0 0 1 192 -40 103 
-1832 1086 -410 -142 335 -37 0 0 0 0 1 175 -38 103 
-1899 1011 -445 -62 517 -99 0 0 0 0 1 186 -39 109 
-1874 918 -562 12 554 -121 0 0 0 0 1 193 -46 109 
-1737 997 -411 73 580 -86 0 0 0 0 1 171 -30 91 
-1800 1064 -335 41 623 -4 0 0 0 0 1 180 -45 112 
-1688 1109 -229 6 621 47 0 0 0 0 1 185 -47 103 
-1739 1281 -200 -72 615 52 0 0 0 0 1 175 -40 94 
-1792 1296 -142 -187 611 -19 0 0 0 0 1 169 -44 93 
-1744 1318 -140 -282 598 -47 0 0 0 0 1 169 -44 90 
-1716 1349 -144 -430 531 -59 0 0 0 0 1 173 -33 84 
-1686 1374 -142 -525 524 -56 0 0 0 0 1 171 -40 89 
-1654 1406 -241 -635 659 -67 0 0 0 0 1 173 -40 89 
-1630 1429 -314 -693 955 -123 0 0 0 0 1 168 -38 73 
-1580 1460 -396 -700 1152 -166 0 0 0 0 1 162 -24 74 
-1560 1441 -409 -694 1303 -202 0 0 0 0 1 158 -31 79 
-1463 1418 -395 -677 1244 -169 0 0 0 0 1 165 -17 79 
-1495 1377 -372 -675 1104 -128 0 0 0 0 1 152 -38 68 
-1488 1358 -311 -696 821 -91 0 0 0 0 1 148 -36 69 
-1510 1395 -312 -715 599 -91 0 0 0 0 1 153 -36 62 
-1459 1389 -340 -739 188 -76 0 0 0 0 1 155 -26 65 
-1426 1355 -382 -777 -201 -58 0 0 0 0 1 153 -14 62 
-1378 1270 -407 -816 -346 -44 0 0 0 0 1 152 -25 75 
-1325 1220 -390 -905 -365 -3 0 0 0 0 1 149 -23 73 
-1316 1086 -427 -961 -308 10 0 0 0 0 1 155 -22 58 
-1288 1027 -483 -1002 -203 3 0 0 0 0 1 141 -14 60 
-1360 874 -596 -961 -109 -74 0 0 0 0 1 165 -19 65 
-1458 766 -701 -916 -37 -157 0 0 0 0 1 162 -12 65 
-1500 755 -755 -881 114 -251 0 0 0 0 1 156 -6 54 
-1559 679 -820 -922 307 -291 0 0 0 0 1 161 -11 71 
-1614 676 -962 -976 398 -297 0 0 0 0 1 161 1 57 
-1591 677 -1047 -1085 585 -276 0 0 0 0 1 141 -2 67 
-1653 605 -1121 -1171 735 -257 0 0 0 0 1 153 2 67 
-1674 498 -1146 -1309 878 -231 0 0 0 0 1 139 44 48 
-2037 16 -1575 -1807 1242 -864 0 0 0 0 1 141 46 37 
-2052 39 -1442 -1728 1160 -1011 0 0 0 0 1 141 51 48 
-2043 77 -1282 -1716 1030 -1126 0 0 0 0 1 132 46 53 
-2074 88 -1185 -1756 839 -1309 0 0 0 0 1 138 52 52 
-2069 110 -1135 -1852 822 -1486 0 0 0 0 1 130 55 47 
-2152 200 -1155 -1914 844 -1604 0 0 0 0 1 121 62 43 
-2183 229 -1192 -2008 843 -1760 0 0 0 0 1 130 57 40 
-2214 293 -1136 -2096 849 -1850 0 0 0 0 1 129 66 41 
-2229 407 -1063 -2252 888 -1977 0 0 0 0 1 120 68 44 
-2335 481 -1047 -2390 925 -2099 0 0 0 0 1 114 65 45 
-2376 610 -947 -2494 1016 -2180 0 0 0 0 1 125 73 48 
-2456 682 -901 -2664 1201 -2320 0 0 0 0 1 122 78 39 
-2636 846 -719 -2883 1363 -2454 0 0 0 0 1 125 73 44 
-2709 853 -594 -3076 1443 -2510 0 0 0 0 1 119 79 47 
-2807 882 -462 -3418 1618 -2560 0 0 0 0 1 110 88 41 
-3056 909 -81 -3705 1783 -2575 0 0 0 0 1 113 100 53 
-3174 956 295 -4220 1872 -2517 0 0 0 0 1 104 96 45 
-3332 1037 541 -4526 1721 -2437 0 0 0 0 1 106 103 44 
-3481 1014 518 -4787 1406 -2336 0 0 0 0 1 104 114 61 
-3633 851 625 -4805 1252 -2267 0 0 0 0 1 107 118 52 
-3685 828 658 -4651 1115 -2157 0 0 0 0 1 115 130 65 
-3691 775 801 -4320 1029 -2076 0 0 0 0 1 112 145 64 
-3713 769 974 -4032 914 -1987 0 0 0 0 1 119 158 82 
-3519 522 1082 -3515 605 -1725 0 0 0 0 1 112 165 80 
-3320 367 1255 -3148 476 -1473 0 0 0 0 1 117 164 95 
-3003 168 1507 -2655 713 -917 0 0 0 0 1 121 168 87 
-2658 -182 1827 -2345 1090 -465 0 0 0 0 1 125 176 97 
-2583 -555 2292 -1924 1765 227 0 0 0 0 1 112 175 101 
-2534 -904 3070 -1631 2346 987 0 0 0 0 1 103 196 97 
-2982 -1230 3917 -1490 2343 1496 0 0 0 0 1 103 196 97 
-3289 -1011 5590 -944 393 2776 0 0 0 0 1 94 191 90 
-3172 -1869 3865 1069 -2525 4215 0 0 0 0 1 93 195 101 
-3599 -2120 3268 6154 -4460 5850 0 0 0 0 1 86 202 96 
-3814 -1482 2824 11577 -2646 6646 0 0 0 0 1 75 193 83 
-3079 -1565 2099 14568 -2167 7738 0 0 0 0 1 75 186 55 
-1907 -1878 1397 17511 -3798 10528 0 0 0 0 1 60 153 47 
-1397 -4050 -697 18492 -3644 12366 0 0 0 0 1 63 117 9 
-2666 -6341 -2836 18071 -615 13605 0 0 0 0 1 53 62 3 
-4581 -9890 -6214 16034 2336 12860 0 0 0 0 1 47 -12 -32 
-3747 -10875 -7741 9979 5561 9766 0 0 0 0 1 23 -36 -37 
-261 -9796 -8604 3568 6543 5120 0 0 0 0 1 -4 -66 -32 
2819 -6599 -8325 545 5668 1809 0 0 0 0 1 -22 -67 -43 
2756 -4199 -5044 -3141 1598 -2440 0 0 0 0 1 -33 -56 -37 
1920 -3419 -2843 -6366 -2924 -4855 0 0 0 0 1 -36 -45 -45 
889 -2805 -1550 -7410 -4329 -5447 0 0 0 0 1 -21 -29 -34 
-13 -2699 -756 -6717 -3599 -5552 0 0 0 0 1 9 12 -39 
-885 -1774 166 -5156 -2491 -5138 0 0 0 0 1 25 34 -11 
-880 -936 744 -2448 -1082 -3759 0 0 0 0 1 28 41 -16 
-1018 -489 861 -428 -88 -2158 0 0 0 0 1 43 42 -17 
-1099 -95 506 441 120 -1119 0 0 0 0 1 36 40 -12 
-1252 10 88 1211 341 109 0 0 0 0 1 42 22 -25 
-1494 -50 -871 1472 534 646 0 0 0 0 1 36 30 -19 
-1562 -193 -1603 1524 894 1051 0 0 0 0 1 25 31 -25 
-1537 -200 -1944 1273 909 1084 0 0 0 0 1 23 17 -25 
-1403 -137 -2349 1027 679 970 0 0 0 0 1 24 18 -24 
-1224 -273 -2809 736 364 772 0 0 0 0 1 16 14 -18 
-924 -108 -2900 471 517 484 0 0 0 0 1 22 11 -33 
-745 -83 -2786 337 576 269 0 0 0 0 1 16 2 -25 
-621 -125 -2544 142 455 -67 0 0 0 0 1 14 17 -25 
-581 -233 -2173 -4 316 -329 0 0 0 0 1 9 4 -27 
-636 -253 -2072 -259 -37 -761 0 0 0 0 1 10 -1 -19 
-773 -204 -2078 -433 -412 -1065 0 0 0 0 1 15 -1 -15 
-895 -11 -2181 -668 -1193 -1452 0 0 0 0 1 17 -1 -19 
-1018 -138 -2278 -822 -1765 -1733 0 0 0 0 1 30 -4 -16 
-1104 -197 -2215 -944 -1824 -1864 0 0 0 0 1 22 6 -22 
-1156 -69 -2204 -1142 -1764 -1964 0 0 0 0 1 34 3 -8 
-1236 43 -2232 -1284 -1735 -1946 0 0 0 0 1 33 2 -18 
-1272 126 -2069 -1608 -1601 -1797 0 0 0 0 1 53 11 -12 
-1259 202 -1721 -1853 -1554 -1627 0 0 0 0 1 56 12 -9 
-1348 333 -1870 -2044 -1571 -1425 0 0 0 0 1 66 22 -2 
-1599 458 -1502 -2164 -1653 -1412 0 0 0 0 1 73 29 -2 
-2147 643 -1617 -2108 -1818 -1551 0 0 0 0 1 81 38 -1 
-2312 628 -1473 -2026 -2055 -1817 0 0 0 0 1 80 41 -4 
-2380 717 -1136 -2038 -2205 -1960 0 0 0 0 1 92 41 11 
-2389 899 -966 -2155 -2311 -2109 0 0 0 0 1 107 38 3 
-2345 1158 -741 -2334 -2177 -2159 0 0 0 0 1 103 51 23 
-2570 998 -570 -2606 -1740 -2057 0 0 0 0 1 116 35 33 
-2028 1045 -144 -2798 -1421 -1850 0 0 0 0 1 119 38 29 
-2334 1328 -245 -2925 -1308 -1628 0 0 0 0 1 122 58 46 
-2687 1264 -161 -2949 -1337 -1544 0 0 0 0 1 126 55 45 
-2803 1180 13 -2993 -1208 -1467 0 0 0 0 1 134 61 44 
-2938 1184 303 -3025 -1017 -1475 0 0 0 0 1 142 67 57 
-3173 1236 525 -3063 -645 -1590 0 0 0 0 1 151 83 62 
-3261 1243 705 -3084 -402 -1688 0 0 0 0 1 148 80 65 
-3282 1253 791 -3147 -86 -1756 0 0 0 0 1 149 87 77 
-3312 1103 953 -3203 50 -1645 0 0 0 0 1 149 84 84 
-3232 988 1173 -3261 90 -1483 0 0 0 0 1 153 95 79 
-3335 908 1252 -3309 102 -1313 0 0 0 0 1 156 96 80 
-3348 886 1233 -3285 206 -1090 0 0 0 0 1 143 100 88 
-3588 41 1269 -2942 -566 -1831 0 0 0 0 1 148 152 121 
-3048 -59 1345 -3025 -619 -1889 0 0 0 0 1 154 153 136 
-2733 -129 1471 -3211 -617 -1775 0 0 0 0 1 156 155 124 
-2248 -221 1719 -3428 -472 -1429 0 0 0 0 1 167 144 142 
-1614 -471 2198 -3597 -215 -1027 0 0 0 0 1 171 165 143 
-1108 -758 2613 -3872 678 -91 0 0 0 0 1 162 159 151 
-492 -1045 3358 -4021 1546 695 0 0 0 0 1 167 174 172 
-669 -1071 4097 -4113 2459 1889 0 0 0 0 1 160 196 165 
-1070 -1255 4494 -3429 2018 3298 0 0 0 0 1 153 201 165 
-1627 -2354 4257 -2316 1628 4331 0 0 0 0 1 135 224 166 
-2425 -2725 4779 38 1482 5660 0 0 0 0 1 129 235 169 
-3052 -2446 5046 2382 486 6608 0 0 0 0 1 109 241 161 
-3722 -2346 3865 7382 -1790 7728 0 0 0 0 1 84 247 153 
-4392 -2338 3958 12011 -2692 7959 0 0 0 0 1 73 255 128 
-3457 -3343 2608 14463 -3571 8281 0 0 0 0 1 56 213 81 
-1998 -3835 534 17139 -6543 9093 0 0 0 0 1 43 177 43 
-1209 -5128 -2357 19603 -9081 9646 0 0 0 0 1 60 138 17 
-2514 -7825 -7512 20835 -8585 9125 0 0 0 0 1 76 96 8 
-3340 -10589 -8744 18810 -1602 8493 0 0 0 0 1 88 28 1 
-3589 -12851 -7700 13819 5103 8032 0 0 0 0 1 92 -19 -6 
-4127 -11507 -9278 5848 9368 4638 0 0 0 0 1 30 -53 -34 
-229 -8887 -10289 1165 9176 1429 0 0 0 0 1 3 -47 -29 
3683 -3379 -7270 -2549 5549 -220 0 0 0 0 1 -30 -46 -46 
2059 -1758 -3237 -4705 1571 -1330 0 0 0 0 1 -42 -29 -48 
702 -2283 -2292 -6314 -1732 -2958 0 0 0 0 1 -44 -26 -48 
31 -2637 -990 -6154 -2248 -4286 0 0 0 0 1 -28 4 -51 
-1042 -1941 -283 -5255 -2380 -4918 0 0 0 0 1 -11 49 -34 
-1082 -1108 -110 -3465 -1916 -5078 0 0 0 0 1 -1 50 -24 
-912 16 -544 -1648 -1294 -4355 0 0 0 0 1 27 47 -22 
-1207 1032 -1230 -270 -764 -3253 0 0 0 0 1 20 60 -17 
-1200 1114 -1609 316 -404 -2425 0 0 0 0 1 18 51 -25 
-1161 991 -1916 686 308 -1216 0 0 0 0 1 23 44 -18 
-1215 610 -2289 679 724 -578 0 0 0 0 1 12 42 -22 
-1187 375 -2500 444 1014 20 0 0 0 0 1 -4 39 -23 
-1076 104 -2696 211 990 199 0 0 0 0 1 0 41 -20 
-870 -109 -2813 -200 829 264 0 0 0 0 1 8 47 -26 
-634 -311 -2818 -488 750 201 0 0 0 0 1 3 38 -24 
-526 -412 -2753 -902 545 -7 0 0 0 0 1 1 42 -24 
-322 -431 -2728 -1137 293 -209 0 0 0 0 1 1 60 -29 
-208 -296 -2655 -1416 -234 -609 0 0 0 0 1 -5 55 -22 
-339 5 -2526 -1619 -994 -1129 0 0 0 0 1 -3 57 -29 
-395 -32 -2615 -1679 -1571 -1455 0 0 0 0 1 11 66 -18 
-747 66 -2560 -1788 -2192 -1994 0 0 0 0 1 22 62 -5 
-1076 121 -2404 -2014 -2887 -2465 0 0 0 0 1 29 72 -5 
-1062 21 -2152 -2232 -3541 -2586 0 0 0 0 1 31 74 -12 
-1006 88 -1877 -2648 -4296 -2593 0 0 0 0 1 50 72 8 
-1010 346 -1506 -3029 -4463 -2565 0 0 0 0 1 71 79 5 
-1149 403 -1451 -3164 -4327 -2579 0 0 0 0 1 104 89 38 
-1333 283 -1486 -3166 -3810 -2657 0 0 0 0 1 112 96 57 
-1572 430 -1263 -3122 -3217 -2762 0 0 0 0 1 121 84 52 
-1671 488 -898 -3086 -2471 -2803 0 0 0 0 1 141 98 60 
-1761 327 -591 -3064 -2261 -2712 0 0 0 0 1 142 104 77 
-2007 365 -268 -3157 -1811 -2570 0 0 0 0 1 155 105 93 
-2067 586 355 -3400 -815 -2379 0 0 0 0 1 148 105 90 
-2289 610 1030 -3588 19 -2262 0 0 0 0 1 167 98 93 
-2453 690 1231 -3920 1161 -2221 0 0 0 0 1 155 110 104 
-2743 622 1552 -4213 1606 -2115 0 0 0 0 1 163 116 91 
-3093 236 1919 -4397 1688 -2000 0 0 0 0 1 159 114 103 
-3334 -15 2150 -4587 1694 -1797 0 0 0 0 1 163 114 112 
-3798 -224 2568 -4617 1609 -1644 0 0 0 0 1 156 118 119 
-3902 -291 2654 -4455 1382 -1437 0 0 0 0 1 158 147 109 
-4211 -153 2989 -4210 1171 -1339 0 0 0 0 1 152 133 119 
-4278 -134 2983 -3629 760 -1243 0 0 0 0 1 151 147 128 
-4378 -205 2961 -2919 517 -1183 0 0 0 0 1 147 150 126 
-4375 -386 2950 -2469 565 -1107 0 0 0 0 1 154 153 136 
-4328 -587 2900 -1888 775 -926 0 0 0 0 1 149 153 136 
-4302 -795 2824 -1578 836 -776 0 0 0 0 1 159 148 126 
-4118 -796 2736 -1250 598 -510 0 0 0 0 1 161 145 133 
-3689 -691 2516 -1022 54 -110 0 0 0 0 1 151 157 137 
-3531 -626 2434 -898 -295 218 0 0 0 0 1 162 161 137 
-2903 -394 2056 -714 -615 745 0 0 0 0 1 163 165 140 
-2762 -342 1966 -577 -622 1077 0 0 0 0 1 162 159 146 
-2469 -274 1721 -376 -390 1479 0 0 0 0 1 158 171 146 
-2365 -302 1598 -265 -195 1665 0 0 0 0 1 151 176 149 
-2297 -315 1589 -179 30 1818 0 0 0 0 1 141 181 149 
-2253 -322 1637 -170 139 1838 0 0 0 0 1 143 186 158 
-2214 -240 1682 -207 243 1734 0 0 0 0 1 143 201 144 
-2266 -152 1624 -231 255 1587 0 0 0 0 1 139 186 144 
-2145 -186 1666 -299 371 1406 0 0 0 0 1 142 195 143 
-1775 -231 1948 -375 548 1377 0 0 0 0 1 130 199 138 
-1565 -311 2219 -548 940 1551 0 0 0 0 1 132 208 151 
-982 -415 3018 -669 1210 1914 0 0 0 0 1 115 220 160 
-814 -565 3104 -498 1172 2765 0 0 0 0 1 117 225 146 
-1013 -574 4668 -200 498 3478 0 0 0 0 1 112 234 147 
-815 -229 4715 1932 -2914 4885 0 0 0 0 1 108 242 153 
-1721 -750 1285 7254 -6586 5622 0 0 0 0 1 97 246 152 
-2635 -96 1539 11122 -6137 5108 0 0 0 0 1 82 235 139 
-3307 -865 -208 17052 -2832 4061 0 0 0 0 1 84 223 114 
-2948 -1604 -3112 20455 69 4159 0 0 0 0 1 74 155 36 
-2094 -3280 -4100 22861 2302 6576 0 0 0 0 1 63 95 9 
-3169 -8042 -4528 20272 1314 8789 0 0 0 0 1 47 22 -18 
-4051 -10244 -3443 15321 1167 8474 0 0 0 0 1 40 -34 -32 
-2939 -10820 -5404 6371 2256 5698 0 0 0 0 1 37 -56 -34 
350 -9508 -9623 1722 4717 2851 0 0 0 0 1 24 -55 -36 
1964 -6373 -11392 -1686 5707 -1623 0 0 0 0 1 -4 -66 -34 
2346 -2549 -5012 -3666 3108 -3602 0 0 0 0 1 -12 -50 -36 
2037 -2089 -2928 -7182 -2653 -4300 0 0 0 0 1 -3 -25 -45 
1123 -2512 -2482 -8600 -3411 -3959 0 0 0 0 1 15 -3 -36 
-374 -3166 -2501 -7186 -1259 -3780 0 0 0 0 1 28 36 -30 
-1109 -2274 -1411 -5664 -37 -3506 0 0 0 0 1 20 38 -24 
-1030 -1516 -517 -3726 827 -2587 0 0 0 0 1 25 68 -25 
-1263 -1242 -180 -2588 1540 -1776 0 0 0 0 1 23 76 -11 
-1601 -808 -237 -2122 1931 -1451 0 0 0 0 1 22 79 -12 
-1558 -444 -751 -1547 2010 -1138 0 0 0 0 1 12 79 -5 
-1378 -174 -1137 -987 1667 -949 0 0 0 0 1 7 88 -13 
-1211 55 -1582 -640 1267 -924 0 0 0 0 1 18 95 -6 
-1355 150 -1876 -205 353 -1165 0 0 0 0 1 10 91 -15 
-1586 201 -2150 -45 -713 -1601 0 0 0 0 1 2 83 -6 
-1619 73 -2293 -158 -1313 -1880 0 0 0 0 1 10 74 -8 
-1547 -24 -2310 -652 -1780 -2216 0 0 0 0 1 17 91 -10 
-1452 44 -2142 -1109 -1922 -2351 0 0 0 0 1 36 89 -3 
-1346 171 -1921 -1757 -2215 -2357 0 0 0 0 1 30 93 2 
-1265 501 -1696 -2217 -2393 -2203 0 0 0 0 1 48 96 5 
-1389 710 -1615 -2362 -2449 -2119 0 0 0 0 1 47 100 2 
-1521 728 -1667 -2304 -2626 -2017 0 0 0 0 1 63 100 25 
-1769 678 -1493 -2172 -2775 -1990 0 0 0 0 1 82 100 32 
-1916 700 -1335 -1957 -3108 -1977 0 0 0 0 1 86 109 31 
-2759 544 1164 -3055 -980 -1953 0 0 0 0 1 175 116 136 
-2634 573 1384 -3043 -360 -1859 0 0 0 0 1 179 122 128 
-2572 572 1637 -3040 470 -1655 0 0 0 0 1 182 111 138 
-2567 544 2052 -3060 830 -1476 0 0 0 0 1 180 118 133 
-2621 448 2208 -3071 830 -1121 0 0 0 0 1 195 120 146 
-2724 239 2377 -2995 458 -736 0 0 0 0 1 180 118 150 
-3012 6 2458 -2896 273 -527 0 0 0 0 1 185 136 138 
-3065 -45 2588 -2722 413 -289 0 0 0 0 1 199 145 147 
-3089 -67 2721 -2582 723 -164 0 0 0 0 1 187 133 159 
-3069 -27 2758 -2359 1283 -11 0 0 0 0 1 184 134 151 
-3054 -42 2800 -2217 1522 74 0 0 0 0 1 180 138 154 
-3029 -68 2775 -1992 1616 167 0 0 0 0 1 171 145 157 
-2975 -69 2714 -1857 1491 221 0 0 0 0 1 178 145 150 
-2876 -128 2659 -1695 1197 363 0 0 0 0 1 181 159 158 
-2316 -347 2656 -1639 1108 569 0 0 0 0 1 161 163 152 
-2157 -366 2680 -1631 1243 1065 0 0 0 0 1 161 158 143 
-1569 -398 2847 -1697 1658 1722 0 0 0 0 1 167 176 160 
-1436 -484 3022 -1759 1983 2197 0 0 0 0 1 152 180 159 
-1312 -787 3254 -1838 2431 2951 0 0 0 0 1 148 196 155 
-1426 -1544 4137 -1888 2482 3401 0 0 0 0 1 140 187 145 
-1891 -1853 5583 -1838 982 3803 0 0 0 0 1 126 204 143 
-2241 -1621 5496 -952 -1764 4079 0 0 0 0 1 119 222 159 
-2118 -1480 4340 2713 -5962 4485 0 0 0 0 1 107 234 157 
-2546 -1053 3767 7947 -6122 3988 0 0 0 0 1 109 236 154 
-2574 -508 1807 13325 -3695 3226 0 0 0 0 1 112 231 140 
-2829 276 846 16432 -2631 3084 0 0 0 0 1 110 201 118 
-2062 312 -700 20299 -3286 4355 0 0 0 0 1 112 180 89 
-1906 -1528 -2194 21965 -3775 5988 0 0 0 0 1 119 84 40 
-3050 -4633 -3389 22525 -1487 8564 0 0 0 0 1 117 26 13 
-6739 -8457 -5047 19409 5295 9042 0 0 0 0 1 93 -1 12 
-7018 -9170 -5976 14720 8895 8047 0 0 0 0 1 70 -51 -11 
-3795 -8746 -6684 6302 7717 4595 0 0 0 0 1 55 -79 -22 
-85 -8109 -5464 -597 3567 -1063 0 0 0 0 1 17 -87 -26 
443 -5817 -5592 -3544 474 -4612 0 0 0 0 1 15 -87 -33 
172 -4394 -5078 -6723 -3858 -6946 0 0 0 0 1 20 -55 -36 
-1011 -2615 -3097 -8853 -6067 -6137 0 0 0 0 1 44 -46 -18 
-1613 -2606 -2577 -9157 -5237 -5009 0 0 0 0 1 60 -15 -19 
-1874 -2594 -2424 -7770 -2286 -3474 0 0 0 0 1 87 12 -6 
-1740 -1781 -1788 -5520 370 -2147 0 0 0 0 1 79 11 3 
-1017 -1179 -638 -4282 1327 -1189 0 0 0 0 1 84 34 -9 
-802 -968 258 -3078 1495 39 0 0 0 0 1 74 50 3 
-1083 -802 379 -2078 731 589 0 0 0 0 1 67 60 1 
-1247 -721 -9 -1371 385 574 0 0 0 0 1 61 66 11 
-1312 -525 -425 -403 384 244 0 0 0 0 1 74 77 8 
-1393 -389 -939 65 493 -52 0 0 0 0 1 74 74 1 
-1457 -347 -1099 383 525 -510 0 0 0 0 1 57 87 1 
-1529 -261 -1412 368 284 -784 0 0 0 0 1 61 73 2 
-1564 -151 -1542 41 -274 -1091 0 0 0 0 1 63 63 11 
-1496 -94 -1688 -309 -623 -1203 0 0 0 0 1 71 60 3 
-1457 42 -1794 -875 -958 -1274 0 0 0 0 1 82 53 9 
-1457 120 -1847 -1359 -1038 -1307 0 0 0 0 1 75 68 6 
-1482 322 -1772 -1602 -948 -1318 0 0 0 0 1 92 61 13 
-1414 438 -1781 -1803 -872 -1239 0 0 0 0 1 80 78 4 
-1207 740 -1664 -1848 -836 -1139 0 0 0 0 1 71 69 17 
-1231 863 -1593 -1826 -578 -1060 0 0 0 0 1 87 78 20 
-1455 936 -1266 -1800 -397 -1121 0 0 0 0 1 95 84 19 
-1642 1014 -1071 -1783 -218 -1333 0 0 0 0 1 93 72 33 
-1857 1037 -911 -1775 -198 -1469 0 0 0 0 1 94 93 34 
-1811 1005 -821 -1757 -300 -1511 0 0 0 0 1 99 95 41 
-1757 1130 -664 -1795 -317 -1398 0 0 0 0 1 103 98 30 
-2824 1517 1062 -3267 -620 -2575 0 0 0 0 1 139 112 83 
-2761 1422 1081 -3209 -776 -2359 0 0 0 0 1 132 122 88 
-2945 1072 1371 -3192 -712 -2231 0 0 0 0 1 145 123 89 
-3145 792 1567 -3201 -479 -2123 0 0 0 0 1 141 132 104 
-3285 494 1685 -3205 -275 -2066 0 0 0 0 1 143 132 104 
-3270 287 1788 -3197 -173 -2018 0 0 0 0 1 152 123 108 
-3062 202 1854 -3180 43 -1882 0 0 0 0 1 160 132 118 
-2923 159 1801 -3109 330 -1697 0 0 0 0 1 169 139 135 
-2748 102 1804 -3043 468 -1542 0 0 0 0 1 176 142 139 
-2617 5 1789 -2900 514 -1242 0 0 0 0 1 156 131 129 
-2358 -81 1794 -2787 474 -984 0 0 0 0 1 166 145 133 
-2226 -126 1805 -2591 394 -580 0 0 0 0 1 162 147 149 
-2105 -179 1781 -2436 355 -336 0 0 0 0 1 172 149 146 
-1945 -503 1792 -1877 640 158 0 0 0 0 1 171 168 152 
-1755 -614 1879 -1712 964 324 0 0 0 0 1 163 160 152 
-1692 -674 1930 -1467 1472 538 0 0 0 0 1 155 164 149 
-1802 -832 1881 -1204 1918 702 0 0 0 0 1 167 174 146 
-1612 -1187 2191 -1072 2246 876 0 0 0 0 1 152 172 140 
-1554 -1411 2589 -952 2375 1197 0 0 0 0 1 152 185 138 
-1552 -1498 3329 -851 1905 1425 0 0 0 0 1 149 177 143 
-1569 -1696 3632 -309 112 1741 0 0 0 0 1 151 181 137 
-1923 -1915 3161 1124 -1855 1645 0 0 0 0 1 142 185 136 
-2908 -1931 3382 2334 -2451 1204 0 0 0 0 1 139 201 146 
-2711 -1882 3835 4695 -3032 691 0 0 0 0 1 147 187 131 
-2370 -1683 2191 7204 -3890 578 0 0 0 0 1 147 185 131 
-2416 -1383 1593 11521 -4461 493 0 0 0 0 1 161 165 129 
-2177 -1228 1065 14309 -4348 714 0 0 0 0 1 159 155 112 
-1976 -1413 -673 18540 -4453 2033 0 0 0 0 1 178 118 105 
-1476 -2518 -2645 22137 -2857 4703 0 0 0 0 1 179 49 86 
-3643 -6355 -5725 23868 531 6819 0 0 0 0 1 180 18 61 
-5900 -8328 -6793 23545 8512 9613 0 0 0 0 1 167 -34 58 
-6499 -9274 -7252 20653 12672 10972 0 0 0 0 1 132 -56 23 
-2536 -7448 -7242 13117 14948 10472 0 0 0 0 1 100 -84 -8 
-161 -6467 -6962 5844 11034 5197 0 0 0 0 1 54 -100 -16 
-845 -5146 -4793 21 6428 -2628 0 0 0 0 1 10 -123 -15 
-412 -4828 -1876 -3574 2492 -5998 0 0 0 0 1 -1 -111 -26 
-448 -3308 -999 -8117 -3805 -6942 0 0 0 0 1 -9 -95 -30 
-1776 -1986 -1594 -10124 -7696 -5090 0 0 0 0 1 9 -73 -34 
-2061 -2234 -2604 -9583 -6891 -3754 0 0 0 0 1 41 -33 -31 
-1862 -2250 -3345 -6756 -1461 -2428 0 0 0 0 1 57 -13 -22 
-1461 -1679 -2236 -4630 2384 -1842 0 0 0 0 1 49 26 -13 
-1530 -1210 -1066 -2539 5150 -1122 0 0 0 0 1 30 34 -23 
-1625 -843 -13 -1969 4465 -719 0 0 0 0 1 9 31 -30 
-1519 -371 464 -1958 2944 -592 0 0 0 0 1 11 39 -25 
-1249 -18 -101 -1788 884 -519 0 0 0 0 1 -1 40 -19 
-1261 185 -832 -1164 47 -608 0 0 0 0 1 2 36 -23 
-1232 503 -1951 -438 109 -667 0 0 0 0 1 3 50 -22 
-1063 445 -2187 -128 371 -557 0 0 0 0 1 3 45 -26 
-944 411 -2244 -40 730 -266 0 0 0 0 1 -8 52 -12 
-943 236 -2209 -185 889 -92 0 0 0 0 1 1 45 -22 
-1028 148 -2116 -517 960 -37 0 0 0 0 1 9 49 -27 
-1074 134 -1958 -838 682 -247 0 0 0 0 1 -8 60 -19 
-1130 333 -1811 -996 360 -516 0 0 0 0 1 -2 53 -25 
-1188 440 -1800 -1093 -176 -998 0 0 0 0 1 -12 55 -24 
-1218 563 -1709 -1093 -617 -1419 0 0 0 0 1 -3 69 -12 
-1041 743 -1683 -1064 -966 -1526 0 0 0 0 1 7 66 -18 
-932 915 -1657 -1040 -1387 -1479 0 0 0 0 1 8 55 -8 
-1043 1123 -1562 -1048 -1505 -1378 0 0 0 0 1 5 55 -3 
-1166 1148 -1467 -1079 -1432 -1314 0 0 0 0 1 14 66 2 
-1205 1091 -1360 -1199 -1143 -1250 0 0 0 0 1 18 71 0 
-1329 1061 -1227 -1302 -948 -1254 0 0 0 0 1 34 87 -8 
-1442 1116 -1148 -1446 -877 -1284 0 0 0 0 1 34 82 15 
-1489 1433 -802 -1521 -1110 -1259 0 0 0 0 1 47 80 -2 
-1400 999 -761 -1522 -1546 -1125 0 0 0 0 1 42 88 18 
-1440 1089 -288 -1701 -1346 -996 0 0 0 0 1 43 91 3 
-1565 1458 -131 -1842 -1049 -1009 0 0 0 0 1 53 94 12 
-1698 1579 -220 -1976 -826 -1131 0 0 0 0 1 55 104 17 
-1636 1527 -130 -2068 -900 -1268 0 0 0 0 1 61 103 23 
-2001 1656 45 -2132 -989 -1399 0 0 0 0 1 75 103 37 
-2007 1635 138 -2221 -1284 -1498 0 0 0 0 1 73 112 34 
-2215 1300 232 -2261 -1529 -1567 0 0 0 0 1 77 115 48 
-2436 1356 274 -2305 -1625 -1750 0 0 0 0 1 82 120 48 
-2489 1343 474 -2337 -1487 -1868 0 0 0 0 1 93 111 57 
-2436 1316 576 -2374 -1127 -2018 0 0 0 0 1 99 127 60 
-2346 1325 618 -2365 -863 -2107 0 0 0 0 1 107 126 64 
-2210 1405 672 -2314 -544 -2196 0 0 0 0 1 127 127 67 
-2129 1298 695 -2247 -425 -2224 0 0 0 0 1 123 133 87 
-2188 1166 742 -2146 -300 -2284 0 0 0 0 1 120 130 83 
-2497 945 1006 -2151 -187 -2434 0 0 0 0 1 126 138 71 
-2748 718 1164 -2207 -146 -2573 0 0 0 0 1 127 134 88 
-2860 641 1191 -2329 -219 -2805 0 0 0 0 1 132 132 93 
-2897 749 1340 -2450 -419 -2925 0 0 0 0 1 135 133 89 
-2631 706 1252 -2602 -910 -2890 0 0 0 0 1 142 123 103 
-2489 696 1195 -2652 -1174 -2672 0 0 0 0 1 155 125 116 
-2429 698 1121 -2601 -1043 -2491 0 0 0 0 1 156 121 112 
-2379 555 889 -2414 -366 -2216 0 0 0 0 1 167 127 123 
-2447 334 936 -2300 319 -2064 0 0 0 0 1 165 127 137 
-2590 181 1017 -2194 1235 -1902 0 0 0 0 1 173 121 117 
-2563 15 1111 -2170 1805 -1740 0 0 0 0 1 173 116 138 
-2513 -52 1311 -2234 2072 -1620 0 0 0 0 1 171 121 126 
-2483 -33 1376 -2403 2234 -1484 0 0 0 0 1 168 123 124 
-2570 39 1603 -2555 2086 -1434 0 0 0 0 1 159 136 122 
-2621 113 1750 -2795 1453 -1324 0 0 0 0 1 161 131 126 
-2612 24 1759 -2871 939 -1165 0 0 0 0 1 162 130 125 
-2644 -206 1901 -2883 624 -830 0 0 0 0 1 171 141 117 
-2691 -548 2383 -2795 984 -296 0 0 0 0 1 154 143 122 
-2217 -966 2930 -2618 1453 266 0 0 0 0 1 169 144 128 
-2095 -878 3424 -2061 1860 1355 0 0 0 0 1 159 155 138 
-2317 -529 4083 -1277 1416 2259 0 0 0 0 1 152 158 138 
-2745 -352 4618 716 -251 3778 0 0 0 0 1 149 175 129 
-3323 -232 4674 2761 -1720 4790 0 0 0 0 1 142 190 117 
-3629 -276 4808 6395 -2720 5835 0 0 0 0 1 139 181 121 
-3720 -551 4340 10101 -3163 6509 0 0 0 0 1 130 170 115 
-3377 -957 4202 12294 -3886 7072 0 0 0 0 1 135 175 84 
-2957 -1945 3986 14896 -5255 8089 0 0 0 0 1 112 155 80 
-3338 -4399 1741 16664 -5602 8702 0 0 0 0 1 121 143 68 
-3833 -6365 300 17152 -5592 9084 0 0 0 0 1 130 96 38 
-4917 -8867 -2987 17268 -3040 9281 0 0 0 0 1 128 65 33 
-5192 -11087 -9001 15172 6015 9327 0 0 0 0 1 123 25 22 
-1464 -9330 -11938 12338 12168 9394 0 0 0 0 1 82 7 -20 
617 -7115 -11573 7903 15383 7351 0 0 0 0 1 40 -7 -39 
1305 -5713 -8353 3206 10589 2021 0 0 0 0 1 -53 -45 -50 
328 -4901 -3420 -2116 263 -4384 0 0 0 0 1 -61 -53 -58 
-704 -4418 -3252 -5559 -4763 -7416 0 0 0 0 1 -53 -38 -57 
-1185 -3717 -3860 -9342 -7077 -9307 0 0 0 0 1 -33 -9 -41 
-1684 -3220 -4201 -10125 -4318 -8830 0 0 0 0 1 3 35 -31 
-1764 -2741 -2895 -9236 -1973 -7851 0 0 0 0 1 25 68 -13 
-1832 -1896 -2153 -6863 120 -6159 0 0 0 0 1 38 79 -8 
-1816 -1386 -1741 -4608 689 -4494 0 0 0 0 1 38 101 8 
-1729 -745 -1459 -3525 385 -3457 0 0 0 0 1 43 109 8 
-1789 -589 -1639 -2408 -422 -2194 0 0 0 0 1 46 114 5 
-1700 -645 -2124 -1808 -313 -1398 0 0 0 0 1 66 122 18 
-2027 -920 -2119 -1748 262 -1224 0 0 0 0 1 54 120 13 
-2320 -1009 -1789 -2156 954 -1404 0 0 0 0 1 69 118 15 
-2447 -752 -1446 -2576 928 -1649 0 0 0 0 1 60 118 24 
-2344 -499 -1206 -3176 309 -1890 0 0 0 0 1 56 137 25 
-1910 -112 -835 -3451 -231 -1879 0 0 0 0 1 56 139 34 
-1662 230 -870 -3492 -1016 -1701 0 0 0 0 1 70 152 41 
-1525 741 -770 -3181 -1372 -1556 0 0 0 0 1 76 158 47 
-1486 937 -631 -2881 -1322 -1523 0 0 0 0 1 76 163 61 
-1477 917 -628 -2293 -1116 -1547 0 0 0 0 1 84 161 65 
-1746 811 -660 -1856 -894 -1641 0 0 0 0 1 95 170 73 
-2011 753 -577 -1230 -376 -1849 0 0 0 0 1 97 170 82 
-2134 822 -444 -775 280 -2046 0 0 0 0 1 108 169 79 
-2122 1239 216 -683 679 -2108 0 0 0 0 1 96 161 74 
-1981 1445 553 -762 682 -1947 0 0 0 0 1 108 166 86 
-1913 1499 645 -873 276 -1737 0 0 0 0 1 102 160 66 
-2267 1381 740 -1079 -184 -1507 0 0 0 0 1 126 153 91 
-2368 1297 753 -1213 -39 -1431 0 0 0 0 1 122 161 88 
-2727 940 851 -1379 610 -1453 0 0 0 0 1 110 154 88 
-3082 743 900 -1470 1086 -1552 0 0 0 0 1 123 168 91 
-3245 693 1015 -1629 1608 -1765 0 0 0 0 1 115 164 90 
-3295 706 1401 -1786 1754 -1900 0 0 0 0 1 112 148 96 
-3152 796 1657 -2064 1540 -1988 0 0 0 0 1 113 161 95 
-3123 766 1694 -2297 1059 -1979 0 0 0 0 1 114 155 98 
-3211 609 1820 -2425 775 -1977 0 0 0 0 1 112 155 89 
-3345 402 1788 -2549 508 -2022 0 0 0 0 1 120 164 107 
-3420 176 1814 -2608 419 -2081 0 0 0 0 1 123 168 101 
-3355 24 1853 -2622 394 -2099 0 0 0 0 1 126 165 103 
-3278 -55 1873 -2601 321 -2083 0 0 0 0 1 133 175 119 
-3070 -70 1962 -2530 270 -2007 0 0 0 0 1 121 170 126 
-2846 -55 2038 -2449 270 -1919 0 0 0 0 1 138 172 129 
-2678 -171 2088 -2273 401 -1644 0 0 0 0 1 133 175 119 
-2146 -565 2483 -2160 732 -1276 0 0 0 0 1 142 180 136 
-1785 -599 2826 -1978 1488 -449 0 0 0 0 1 148 183 130 
-1510 -609 2913 -1754 1938 178 0 0 0 0 1 138 185 131 
-1656 -613 2925 -1207 2198 996 0 0 0 0 1 125 186 128 
-2015 -818 2855 -723 2170 1473 0 0 0 0 1 127 186 125 
-2336 -1106 3233 -85 1969 2072 0 0 0 0 1 115 193 111 
-2878 -1283 4607 273 1168 2536 0 0 0 0 1 113 206 123 
-2824 -1418 4044 1890 -1388 3582 0 0 0 0 1 101 201 109 
-3388 -1346 3617 3629 -2157 3999 0 0 0 0 1 95 212 110 
-4203 -1214 4016 6642 -1922 4030 0 0 0 0 1 96 208 102 
-4098 -855 3607 8971 -2652 4083 0 0 0 0 1 95 202 87 
-4168 -363 3202 12419 -4818 4034 0 0 0 0 1 94 181 74 
-3164 -1112 2062 14422 -6034 4177 0 0 0 0 1 96 134 53 
-2887 -2000 588 16827 -6744 4755 0 0 0 0 1 121 99 31 
-2888 -4511 -2065 17809 -5255 5457 0 0 0 0 1 138 62 29 
-3711 -6477 -4469 18448 -805 6607 0 0 0 0 1 112 15 17 
-5627 -9453 -8632 16869 6183 7076 0 0 0 0 1 114 -20 -1 
-3632 -8641 -11180 13865 9613 7049 0 0 0 0 1 83 -52 -3 
-644 -6411 -11501 7475 9181 5606 0 0 0 0 1 43 -84 -26 
1006 -5140 -7840 -233 4796 1171 0 0 0 0 1 18 -93 -27 
333 -5196 -5394 -6133 -1965 -3718 0 0 0 0 1 24 -87 -40 
134 -4878 -5438 -8330 -4291 -5552 0 0 0 0 1 25 -63 -39 
257 -4835 -4233 -9855 -3757 -6057 0 0 0 0 1 53 -42 -31 
-598 -5049 -2409 -9261 -289 -5659 0 0 0 0 1 68 -19 -25 
-824 -3621 -933 -8104 1295 -5111 0 0 0 0 1 60 23 -19 
-553 -2498 144 -6391 1129 -3495 0 0 0 0 1 55 38 -5 
-378 -1388 877 -4796 519 -1638 0 0 0 0 1 66 53 -9 
-711 -1130 688 -3581 687 -703 0 0 0 0 1 62 67 -3 
-837 -1027 235 -1624 924 247 0 0 0 0 1 53 67 -3 
-1155 -752 -61 -52 932 701 0 0 0 0 1 55 74 -1 
-1485 -462 -597 711 732 763 0 0 0 0 1 49 78 -4 
-1595 -411 -980 1396 375 643 0 0 0 0 1 53 69 3 
-1677 -390 -1307 1547 116 489 0 0 0 0 1 48 67 -1 
-1842 -496 -1721 1381 -265 241 0 0 0 0 1 46 62 -10 
-1799 -558 -1742 1023 -381 112 0 0 0 0 1 47 58 -11 
-1632 -497 -1649 257 -430 2 0 0 0 0 1 53 55 -1 
-1181 -187 -1510 -541 -553 -46 0 0 0 0 1 47 56 -6 
-925 50 -1500 -979 -693 -90 0 0 0 0 1 53 52 -12 
-849 18 -1563 -1392 -1003 -172 0 0 0 0 1 57 57 -5 
-1124 286 -1389 -1563 -1247 -298 0 0 0 0 1 57 65 5 
-1389 361 -1400 -1667 -1763 -540 0 0 0 0 1 69 62 8 
-1440 351 -1555 -1635 -2048 -640 0 0 0 0 1 76 74 10 
-1494 422 -1529 -1532 -2095 -734 0 0 0 0 1 66 78 16 
-1331 760 -1176 -1478 -1610 -774 0 0 0 0 1 89 85 23 
-1269 881 -951 -1480 -1144 -772 0 0 0 0 1 95 77 22 
-1257 974 -663 -1519 -654 -763 0 0 0 0 1 89 85 20 
-1459 1107 -325 -1578 -636 -769 0 0 0 0 1 102 101 36 
-1730 1150 -202 -1669 -1165 -832 0 0 0 0 1 99 90 37 
-2244 1067 -153 -1758 -1959 -980 0 0 0 0 1 109 87 40 
-2511 1045 146 -1858 -2353 -1096 0 0 0 0 1 112 101 57 
-2535 1089 249 -2010 -2588 -1205 0 0 0 0 1 120 107 62 
-2255 1240 424 -2101 -2520 -1203 0 0 0 0 1 128 96 71 
-2111 1489 605 -2212 -2209 -1162 0 0 0 0 1 135 99 87 
-2068 1700 780 -2272 -1954 -1145 0 0 0 0 1 127 110 81 
-2185 1673 838 -2326 -1696 -1181 0 0 0 0 1 143 105 100 
-2492 1463 986 -2383 -1537 -1299 0 0 0 0 1 154 121 105 
-2657 1289 1247 -2445 -1424 -1372 0 0 0 0 1 158 107 116 
-2707 1191 1325 -2533 -1301 -1403 0 0 0 0 1 161 111 112 
-2571 1121 1392 -2566 -1244 -1348 0 0 0 0 1 179 117 123 
-2450 1062 1515 -2574 -1071 -1178 0 0 0 0 1 169 127 125 
-2427 1037 1636 -2576 -621 -1019 0 0 0 0 1 176 120 137 
-2581 801 1708 -2578 -142 -970 0 0 0 0 1 176 115 144 
-2720 649 1739 -2585 741 -1017 0 0 0 0 1 188 132 149 
-2952 534 1714 -2602 1494 -1134 0 0 0 0 1 173 128 145 
-3010 330 1671 -2630 1852 -1188 0 0 0 0 1 175 123 140 
-2912 244 1883 -2798 2154 -1146 0 0 0 0 1 168 131 147 
-2834 139 2075 -2961 2115 -1064 0 0 0 0 1 174 142 142 
-2811 105 1982 -3138 1672 -883 0 0 0 0 1 165 144 139 
-2757 187 2017 -3227 1286 -746 0 0 0 0 1 168 131 138 
-2591 145 2025 -3283 882 -502 0 0 0 0 1 165 147 153 
-2438 130 1983 -3207 846 -233 0 0 0 0 1 172 164 158 
-2341 167 2029 -3094 984 -78 0 0 0 0 1 165 161 146 
-2392 85 2012 -2831 1259 64 0 0 0 0 1 165 161 158 
-2457 -16 2098 -2628 1404 98 0 0 0 0 1 163 168 164 
-2506 -54 2142 -2293 1452 84 0 0 0 0 1 165 174 160 
-2457 -153 2148 -2065 1399 70 0 0 0 0 1 158 171 160 
-2343 -207 2184 -1753 1384 71 0 0 0 0 1 154 177 159 
-2123 -489 2288 -1509 1642 225 0 0 0 0 1 165 176 165 
-1850 -909 2557 -1375 1977 454 0 0 0 0 1 154 192 161 
-1841 -1052 2863 -1223 2406 889 0 0 0 0 1 152 190 157 
-1904 -979 3744 -1114 2192 1311 0 0 0 0 1 138 202 157 
-1847 -925 4033 -345 517 2373 0 0 0 0 1 140 202 159 
-1872 -1126 3643 919 -907 3239 0 0 0 0 1 133 207 150 
-2219 -1158 3690 3925 -2069 4225 0 0 0 0 1 130 219 150 
-2493 -899 2946 8320 -3009 4784 0 0 0 0 1 113 223 139 
-2503 -698 2041 11561 -3487 4924 0 0 0 0 1 109 202 108 
-2463 -993 1447 16014 -4459 5077 0 0 0 0 1 115 179 86 
-2493 -2218 -1048 18603 -4874 5291 0 0 0 0 1 114 150 64 
-1878 -5154 -3538 20847 -2388 6466 0 0 0 0 1 117 122 48 
-2093 -6789 -5835 20694 2018 8382 0 0 0 0 1 112 69 15 
-3235 -9313 -6816 18746 6271 8956 0 0 0 0 1 92 26 -4 
-2716 -9628 -7281 13026 8873 7753 0 0 0 0 1 28 -58 -30 
171 -8048 -7073 5977 4312 3408 0 0 0 0 1 14 -83 -34 
-105 -6052 -6282 1513 866 -936 0 0 0 0 1 16 -85 -37 
-633 -4231 -6780 -3956 -3206 -6164 0 0 0 0 1 12 -82 -36 
-285 -2807 -6379 -7825 -5301 -6920 0 0 0 0 1 35 -80 -27 
-362 -2187 -4788 -9180 -5171 -5748 0 0 0 0 1 48 -57 -19 
-840 -2806 -3454 -9321 -2319 -3621 0 0 0 0 1 71 -13 -31 
-1362 -2954 -2074 -7595 1155 -2210 0 0 0 0 1 64 6 -5 
-1398 -1891 -1146 -6042 2310 -1533 0 0 0 0 1 61 22 -9 
-1090 -1345 -330 -4091 2502 -521 0 0 0 0 1 54 56 -6 
-969 -1061 498 -2744 2000 196 0 0 0 0 1 61 58 -9 
-1055 -776 202 -1964 1517 419 0 0 0 0 1 42 68 0 
-1077 -695 30 -885 890 435 0 0 0 0 1 43 79 -1 
-1251 -445 -620 -5 568 142 0 0 0 0 1 41 89 -22 
-1475 -216 -1078 377 467 -157 0 0 0 0 1 38 87 -1 
-1546 -172 -1294 572 227 -594 0 0 0 0 1 44 78 -4 
-1637 -87 -1588 378 -43 -931 0 0 0 0 1 30 80 -4 
-1638 -46 -1694 101 -184 -1058 0 0 0 0 1 34 69 1 
-1542 38 -1688 -393 -313 -1076 0 0 0 0 1 29 77 -10 
-1374 231 -1611 -690 -370 -1018 0 0 0 0 1 55 67 -1 
-1316 352 -1492 -1020 -494 -905 0 0 0 0 1 46 69 -3 
-1238 464 -1437 -1179 -680 -801 0 0 0 0 1 60 65 -10 
-1453 620 -1380 -1214 -826 -811 0 0 0 0 1 48 72 8 
-1611 705 -1462 -1158 -1112 -891 0 0 0 0 1 54 73 11 
-1598 707 -1536 -1027 -1300 -929 0 0 0 0 1 64 82 1 
-1471 737 -1551 -930 -1276 -913 0 0 0 0 1 58 83 16 
-1570 869 -1377 -872 -1127 -909 0 0 0 0 1 83 77 31 
-1565 1021 -1282 -886 -1108 -885 0 0 0 0 1 71 77 22 
-1444 1024 -1046 -958 -1150 -828 0 0 0 0 1 75 76 20 
-1621 953 -847 -1160 -1206 -826 0 0 0 0 1 79 87 17 
-1670 931 -746 -1303 -1168 -827 0 0 0 0 1 86 84 26 
-1789 863 -668 -1494 -1083 -840 0 0 0 0 1 92 85 30 
-1953 789 -560 -1677 -975 -926 0 0 0 0 1 106 85 41 
-2128 791 -390 -1810 -960 -1025 0 0 0 0 1 100 99 31 
-2270 898 -187 -2011 -1165 -1174 0 0 0 0 1 100 106 45 
-2229 1077 15 -2135 -1434 -1242 0 0 0 0 1 106 95 55 
-2160 1235 136 -2310 -1858 -1287 0 0 0 0 1 116 109 57 
-2191 1346 231 -2398 -2053 -1297 0 0 0 0 1 122 105 60 
-2138 1308 239 -2449 -1984 -1289 0 0 0 0 1 125 110 67 
-3078 123 2015 -3473 1448 -1711 0 0 0 0 1 153 132 114 
-3125 28 2086 -3846 1483 -1509 0 0 0 0 1 155 142 116 
-3256 -237 2245 -4137 1486 -1401 0 0 0 0 1 154 143 119 
-3250 -395 2383 -4259 1533 -1377 0 0 0 0 1 154 155 117 
-3197 -468 2433 -4307 1563 -1375 0 0 0 0 1 155 154 121 
-2998 -490 2506 -4254 1498 -1364 0 0 0 0 1 151 157 118 
-2769 -450 2624 -4072 1204 -1294 0 0 0 0 1 149 163 131 
-2543 -467 2598 -3720 796 -1056 0 0 0 0 1 153 169 146 
-2069 -632 2581 -3387 692 -746 0 0 0 0 1 148 176 151 
-1684 -760 2743 -2841 1147 -36 0 0 0 0 1 149 175 152 
-1359 -923 3447 -2533 1670 558 0 0 0 0 1 145 185 159 
-1253 -1139 3623 -1968 1871 1633 0 0 0 0 1 155 203 149 
-1459 -1456 3992 -1284 1515 2810 0 0 0 0 1 146 198 144 
-2090 -1751 4793 -606 670 3681 0 0 0 0 1 116 199 140 
-2351 -1930 4091 1842 -1527 5036 0 0 0 0 1 121 214 154 
-3398 -1731 3429 5819 -2409 5528 0 0 0 0 1 97 239 136 
-3998 -1548 2739 8889 -2685 5532 0 0 0 0 1 100 236 126 
-3753 -1433 2502 13266 -4625 5608 0 0 0 0 1 97 219 98 
-3365 -1641 936 15959 -6948 5677 0 0 0 0 1 100 195 80 
-3007 -2694 -657 19379 -8717 6005 0 0 0 0 1 109 143 64 
-2924 -5987 -3785 21235 -6084 7215 0 0 0 0 1 121 106 40 
-4660 -9563 -8118 21127 -1838 8699 0 0 0 0 1 112 33 10 
-5354 -10098 -8712 17600 8362 10599 0 0 0 0 1 81 -1 -12 
-4237 -8573 -11500 11437 13549 9660 0 0 0 0 1 35 -29 -34 
-1400 -6340 -9414 7043 13059 6739 0 0 0 0 1 8 -38 -43 
21 -5247 -6391 719 7552 721 0 0 0 0 1 -38 -65 -50 
1379 -4389 -3234 -3048 1886 -2721 0 0 0 0 1 -43 -67 -43 
466 -3689 -3597 -7038 -4668 -6078 0 0 0 0 1 -48 -52 -59 
-645 -3269 -3617 -8970 -6433 -7086 0 0 0 0 1 2 4 -44 
-1794 -3147 -2902 -8986 -5017 -6876 0 0 0 0 1 18 19 -32 
-1658 -1760 -1758 -7347 -1888 -5614 0 0 0 0 1 35 51 -16 
-1483 -518 -1107 -4829 -75 -3816 0 0 0 0 1 54 61 -18 
-1421 -321 -808 -3422 662 -2585 0 0 0 0 1 50 72 -10 
-1204 -87 -157 -1999 823 -874 0 0 0 0 1 41 82 -3 
-1175 -199 -103 -1331 625 -45 0 0 0 0 1 44 88 -6 
-1340 -285 -477 -410 523 465 0 0 0 0 1 42 76 -6 
-1510 -295 -1022 265 759 335 0 0 0 0 1 33 88 2 
-1425 -285 -1128 481 746 108 0 0 0 0 1 29 84 -3 
-1339 -108 -1352 474 213 -277 0 0 0 0 1 37 88 2 
-1274 -76 -1645 322 -320 -551 0 0 0 0 1 34 82 -5 
-1280 -38 -1748 -42 -1020 -970 0 0 0 0 1 29 65 -3 
-1238 38 -1797 -475 -1428 -1297 0 0 0 0 1 43 82 -5 
-1153 101 -1777 -766 -1543 -1450 0 0 0 0 1 43 72 -3 
-1111 168 -1800 -1119 -1543 -1625 0 0 0 0 1 54 78 0 
-1069 271 -1837 -1315 -1401 -1750 0 0 0 0 1 53 74 3 
-1177 365 -1856 -1361 -1285 -1819 0 0 0 0 1 67 74 5 
-1299 414 -1820 -1367 -1179 -1892 0 0 0 0 1 70 78 16 
-1426 529 -1591 -1378 -1205 -1899 0 0 0 0 1 82 83 16 
-1445 770 -1211 -1448 -1423 -1869 0 0 0 0 1 96 88 16 
-1373 959 -930 -1585 -1892 -1806 0 0 0 0 1 101 83 30 
-1215 1104 -799 -1654 -2345 -1774 0 0 0 0 1 106 88 41 
-1337 1180 -739 -1743 -2949 -1868 0 0 0 0 1 114 82 40 
-1748 1113 -647 -1816 -3139 -2045 0 0 0 0 1 132 98 53 
-2057 986 -587 -1966 -2954 -2410 0 0 0 0 1 130 82 57 
-2232 831 -394 -2104 -2606 -2604 0 0 0 0 1 145 89 61 
-2289 864 -156 -2381 -2197 -2692 0 0 0 0 1 149 87 73 
-2108 872 99 -2562 -2121 -2573 0 0 0 0 1 147 87 82 
-2021 914 215 -2811 -2142 -2288 0 0 0 0 1 167 83 93 
-2050 1128 367 -2937 -2142 -2123 0 0 0 0 1 185 84 108 
-2134 1077 446 -3064 -1987 -1946 0 0 0 0 1 169 85 109 
-2189 803 643 -3125 -1676 -1838 0 0 0 0 1 187 89 126 
-2213 672 874 -3213 -937 -1699 0 0 0 0 1 197 87 119 
-2361 496 1062 -3246 -411 -1623 0 0 0 0 1 197 79 126 
-2280 483 1221 -3272 382 -1446 0 0 0 0 1 201 91 136 
-2248 598 1624 -3298 926 -1221 0 0 0 0 1 198 98 128 
-2311 582 1697 -3279 1028 -1069 0 0 0 0 1 180 101 145 
-2401 573 1771 -3194 962 -867 0 0 0 0 1 197 104 145 
-2551 429 2017 -3134 937 -762 0 0 0 0 1 195 107 149 
-2624 318 2163 -3046 1043 -610 0 0 0 0 1 189 111 138 
-2648 42 2380 -3006 1190 -492 0 0 0 0 1 185 109 140 
-2643 -145 2559 -2992 1476 -308 0 0 0 0 1 187 121 138 
-2682 -393 2721 -2997 1677 -199 0 0 0 0 1 185 126 145 
-2769 -462 2780 -2994 1857 -99 0 0 0 0 1 187 121 140 
-2911 -493 2892 -2986 1835 -69 0 0 0 0 1 180 136 145 
-2913 -465 3067 -2975 1528 56 0 0 0 0 1 186 139 144 
-2727 -490 3054 -2890 1138 235 0 0 0 0 1 180 133 147 
-2641 -539 2989 -2653 672 538 0 0 0 0 1 162 139 151 
-2392 -684 2968 -2452 714 784 0 0 0 0 1 179 134 137 
-2125 -795 2994 -2123 1254 1242 0 0 0 0 1 161 165 154 
-1924 -973 3036 -1903 1714 1580 0 0 0 0 1 163 165 152 
-1874 -1235 3252 -1629 2333 2160 0 0 0 0 1 156 182 150 
-1814 -1678 3531 -1431 2593 2648 0 0 0 0 1 141 179 137 
-1864 -1978 3967 -1103 2717 3539 0 0 0 0 1 125 203 142 
-2265 -1694 5274 -698 2024 4239 0 0 0 0 1 125 213 149 
-2491 -1640 4711 1417 -626 5521 0 0 0 0 1 106 210 144 
-3028 -1526 4374 3788 -1691 6163 0 0 0 0 1 100 212 138 
-3606 -1557 3490 8345 -1659 6490 0 0 0 0 1 82 228 114 
-3733 -1288 2617 11394 -1194 6633 0 0 0 0 1 75 218 102 
-3254 -1037 1017 15318 -2063 7420 0 0 0 0 1 64 185 50 
-3140 -1522 -697 18133 -4029 8615 0 0 0 0 1 66 142 16 
-3366 -3906 -2898 18690 -3802 9432 0 0 0 0 1 51 95 0 
-3745 -6795 -5572 17555 -1980 10251 0 0 0 0 1 51 39 -16 
-4978 -9069 -8841 14283 3286 9625 0 0 0 0 1 42 0 -20 
-1992 -8679 -11204 10896 7385 8599 0 0 0 0 1 20 -38 -38 
-369 -6097 -11035 4805 8387 4897 0 0 0 0 1 -23 -71 -41 
49 -4983 -5624 -1447 3132 -853 0 0 0 0 1 -41 -77 -47 
860 -4652 -4077 -6236 -2963 -4397 0 0 0 0 1 -36 -57 -50 
439 -3619 -4654 -7792 -4966 -5302 0 0 0 0 1 -25 -44 -48 
-221 -3666 -3499 -8068 -3724 -5246 0 0 0 0 1 -9 -17 -37 
-791 -3482 -2060 -6717 -868 -4317 0 0 0 0 1 9 36 -32 
-916 -2516 -235 -4612 1158 -3148 0 0 0 0 1 22 40 -22 
-939 -1717 649 -3223 1895 -2426 0 0 0 0 1 14 58 -27 
-836 -1371 1085 -1645 1885 -1341 0 0 0 0 1 7 53 -16 
-743 -1063 1311 -836 1160 -675 0 0 0 0 1 4 73 -18 
-801 -622 848 283 74 21 0 0 0 0 1 0 68 -23 
-807 -339 -34 966 -248 310 0 0 0 0 1 1 67 -17 
-637 -222 -921 1768 -257 615 0 0 0 0 1 12 52 -22 
-507 -271 -1671 2091 -55 739 0 0 0 0 1 -5 45 -24 
-385 -334 -2002 2193 500 808 0 0 0 0 1 2 51 -23 
-289 -349 -2215 1866 931 796 0 0 0 0 1 -7 31 -27 
-296 -375 -2511 1529 1010 736 0 0 0 0 1 5 30 -29 
-430 -452 -2719 1028 1145 530 0 0 0 0 1 -10 28 -26 
-419 -517 -2986 756 1264 389 0 0 0 0 1 -10 15 -29 
-262 -516 -3063 438 1472 273 0 0 0 0 1 -24 18 -24 
2 -557 -2962 283 1596 242 0 0 0 0 1 -31 18 -36 
-13 -552 -2901 135 1658 143 0 0 0 0 1 -38 13 -26 
-53 -463 -2683 67 1517 -88 0 0 0 0 1 -38 18 -33 
-178 -377 -2518 83 1275 -310 0 0 0 0 1 -47 17 -32 
-432 -310 -2461 187 754 -762 0 0 0 0 1 -42 17 -30 
-806 -149 -2472 296 427 -1112 0 0 0 0 1 -46 3 -29 
-1027 -59 -2495 477 22 -1607 0 0 0 0 1 -53 -6 -19 
-1040 127 -2529 595 -228 -1821 0 0 0 0 1 -47 9 -39 
-1025 99 -2444 692 -565 -1967 0 0 0 0 1 -51 9 -27 
-990 251 -2260 695 -780 -1968 0 0 0 0 1 -40 -7 -23 
-873 284 -2150 629 -1090 -1841 0 0 0 0 1 -53 -18 -24 
-861 414 -1879 535 -1222 -1751 0 0 0 0 1 -37 -12 -13 
-1011 453 -1801 411 -1345 -1697 0 0 0 0 1 -34 -15 -22 
-1216 418 -1758 373 -1423 -1725 0 0 0 0 1 -33 -17 -18 
-1501 451 -1783 405 -1460 -1788 0 0 0 0 1 -21 -24 -25 
-1666 517 -1745 516 -1594 -1902 0 0 0 0 1 -33 -14 -23 
-1794 573 -1683 657 -1790 -1973 0 0 0 0 1 -12 -33 -15 
-1860 685 -1526 750 -1906 -1994 0 0 0 0 1 -5 -38 -8 
-1860 869 -1399 866 -2069 -1973 0 0 0 0 1 8 -45 -12 
-1832 952 -1389 1010 -2232 -1883 0 0 0 0 1 -3 -40 -8 
