Data Quantity : 14  Accelerometer : 3  Gyroscope : 3  FSR : 5







-1430 1384 -371 -50 -72 80 0 0 0 0 1 138 118 98 
-1427 1386 -380 -40 -44 89 0 0 0 0 1 139 120 102 
-1424 1383 -379 -18 -4 94 0 0 0 0 1 146 117 104 
-1426 1382 -369 -6 18 89 0 0 0 0 1 141 112 86 
-1425 1381 -358 11 43 76 0 0 0 0 1 141 122 95 
-1435 1376 -341 20 42 58 0 0 0 0 1 139 125 100 
-1439 1379 -332 7 14 37 0 0 0 0 1 149 114 105 
-1432 1373 -323 -7 -14 31 0 0 0 0 1 139 117 86 
-1418 1362 -326 -23 -46 29 0 0 0 0 1 130 121 96 
-1416 1369 -315 -40 -36 22 0 0 0 0 1 138 118 101 
-1424 1378 -341 -46 -27 12 0 0 0 0 1 140 123 112 
-1428 1374 -350 -35 -17 -7 0 0 0 0 1 140 123 96 
-1447 1390 -355 -25 -18 -23 0 0 0 0 1 133 123 89 
-1459 1400 -359 -5 -30 -45 0 0 0 0 1 129 122 93 
-1463 1410 -364 0 -22 -58 0 0 0 0 1 151 120 90 
-1455 1411 -370 -3 -6 -59 0 0 0 0 1 143 112 90 
-1468 1415 -373 -4 7 -48 0 0 0 0 1 138 109 89 
-1471 1410 -359 -12 9 -33 0 0 0 0 1 133 121 89 
-1470 1415 -362 -31 -4 -12 0 0 0 0 1 143 112 100 
-1477 1423 -371 -36 -16 2 0 0 0 0 1 135 121 96 
-1488 1421 -376 -51 -40 14 0 0 0 0 1 138 121 89 
-1458 1404 -388 -55 -30 37 0 0 0 0 1 142 116 103 
-1433 1399 -381 -63 -1 57 0 0 0 0 1 135 109 101 
-1422 1383 -377 -65 39 77 0 0 0 0 1 132 130 93 
-1387 1375 -359 -52 51 81 0 0 0 0 1 133 118 94 
-1381 1364 -351 -25 57 73 0 0 0 0 1 152 118 101 
-1348 1365 -357 4 64 65 0 0 0 0 1 133 128 105 
-1294 1366 -385 74 113 83 0 0 0 0 1 140 123 96 
-1210 1358 -415 152 182 110 0 0 0 0 1 149 123 87 
-1182 1343 -469 307 303 163 0 0 0 0 1 141 120 97 
-1063 1360 -573 453 398 222 0 0 0 0 1 133 118 91 
-984 1371 -645 720 629 327 0 0 0 0 1 132 117 93 
-866 1376 -735 924 834 399 0 0 0 0 1 135 116 94 
-878 1312 -816 1263 1082 443 0 0 0 0 1 126 114 77 
-1031 1240 -935 1487 1157 377 0 0 0 0 1 129 115 79 
-1155 1179 -1020 1790 1163 94 0 0 0 0 1 122 100 79 
-1381 1108 -1142 1922 1200 -219 0 0 0 0 1 116 89 71 
-1511 1068 -1158 1920 1401 -832 0 0 0 0 1 112 91 54 
-1653 946 -973 1501 1738 -1514 0 0 0 0 1 114 94 61 
-1659 905 -930 957 1999 -1944 0 0 0 0 1 101 83 48 
-1712 857 -757 -286 2225 -2471 0 0 0 0 1 112 72 59 
-1949 721 -654 -1340 2014 -2806 0 0 0 0 1 89 68 53 
-2203 828 -459 -3187 1149 -3370 0 0 0 0 1 94 71 46 
-2464 987 -354 -4453 284 -3736 0 0 0 0 1 102 77 45 
-2545 1291 -532 -6100 -824 -4230 0 0 0 0 1 101 98 48 
-2545 1474 -752 -7195 -1155 -4625 0 0 0 0 1 114 104 66 
-2457 1616 -938 -7609 -1096 -4790 0 0 0 0 1 123 106 68 
-2301 1618 -801 -7965 -906 -4812 0 0 0 0 1 127 122 93 
-2046 1438 -679 -8027 -750 -4681 0 0 0 0 1 149 123 98 
-1961 1301 -567 -7863 -184 -4429 0 0 0 0 1 152 126 115 
-1940 1053 -481 -7461 654 -4104 0 0 0 0 1 146 130 123 
-1910 816 -59 -7168 1210 -3837 0 0 0 0 1 154 145 145 
-1894 582 161 -6703 1825 -3345 0 0 0 0 1 160 142 155 
-1964 320 650 -6408 2065 -2961 0 0 0 0 1 161 141 161 
-1953 178 1018 -6008 2077 -2294 0 0 0 0 1 181 157 172 
-2001 -46 1368 -5728 1886 -1828 0 0 0 0 1 167 159 169 
-2076 -230 1512 -5223 1612 -1224 0 0 0 0 1 159 163 173 
-2537 -630 1748 -4629 1667 -872 0 0 0 0 1 168 160 185 
-2653 -749 1840 -4223 1916 -775 0 0 0 0 1 172 161 186 
-3038 -1185 2390 -3721 2209 -786 0 0 0 0 1 166 175 196 
-3210 -1531 3001 -3423 2101 -813 0 0 0 0 1 171 175 189 
-3249 -1634 3335 -2920 1455 -848 0 0 0 0 1 172 176 183 
-3427 -1707 3644 -2488 870 -862 0 0 0 0 1 168 175 196 
-3455 -2031 3996 -1722 193 -725 0 0 0 0 1 174 179 197 
-3026 -3127 4718 -1060 28 -365 0 0 0 0 1 160 181 200 
-2862 -4029 5271 449 119 452 0 0 0 0 1 176 179 200 
-3628 -4245 5338 2787 -89 1005 0 0 0 0 1 171 165 201 
-3846 -4749 6152 4694 -515 1529 0 0 0 0 1 165 186 186 
-4250 -4708 5839 8276 -3043 2623 0 0 0 0 1 163 182 187 
-5039 -3781 4369 12401 -6333 3097 0 0 0 0 1 169 174 172 
-5247 -4059 1961 14853 -7179 3470 0 0 0 0 1 167 159 158 
-5455 -4323 118 18006 -7358 4763 0 0 0 0 1 182 148 143 
-6593 -5814 -5194 20191 -6436 5940 0 0 0 0 1 173 143 145 
-7436 -6411 -9607 22467 -844 8105 0 0 0 0 1 180 121 131 
-4358 -5971 -13981 19585 8228 12843 0 0 0 0 1 135 87 50 
1754 -4299 -12528 14297 13114 15967 0 0 0 0 1 95 89 5 
1550 -5225 -9293 6069 13564 14322 0 0 0 0 1 30 85 -20 
-91 -6327 -2815 2862 7565 8758 0 0 0 0 1 -18 76 -34 
-837 -5728 29 48 -2013 -2211 0 0 0 0 1 -15 74 -38 
-1334 -5132 -839 -3839 -6184 -10008 0 0 0 0 1 2 63 -23 
-1483 -1839 -1970 -6928 -7124 -11485 0 0 0 0 1 41 62 -12 
-909 -23 -3366 -9004 -5562 -9227 0 0 0 0 1 103 90 25 
-174 356 -3433 -7965 -2922 -6552 0 0 0 0 1 125 88 46 
-816 394 -1490 -4363 1459 -3178 0 0 0 0 1 126 101 47 
-1429 784 -123 -870 1474 -627 0 0 0 0 1 117 105 51 
-1636 1072 824 675 180 747 0 0 0 0 1 113 100 58 
-1626 764 393 1937 -243 2047 0 0 0 0 1 117 105 46 
-1721 358 -1166 2279 554 2369 0 0 0 0 1 116 109 50 
-1800 276 -1349 1876 2053 2227 0 0 0 0 1 113 93 27 
-1856 364 -1163 1180 2068 1867 0 0 0 0 1 96 105 39 
-1805 438 -997 30 1246 1079 0 0 0 0 1 82 93 32 
-1607 479 -1214 -503 826 489 0 0 0 0 1 80 100 37 
-1463 481 -1526 -837 555 -323 0 0 0 0 1 87 110 25 
-1213 440 -1858 -868 508 -928 0 0 0 0 1 66 100 34 
-1151 405 -1953 -866 460 -1228 0 0 0 0 1 83 99 29 
-1194 315 -1996 -913 233 -1553 0 0 0 0 1 90 106 26 
-1315 271 -2080 -964 94 -1737 0 0 0 0 1 79 111 26 
-1314 265 -1978 -1111 -48 -1938 0 0 0 0 1 93 104 38 
-1184 218 -1982 -1220 -225 -1991 0 0 0 0 1 92 107 39 
-1096 108 -2033 -1338 -321 -1992 0 0 0 0 1 88 101 31 
-1023 -48 -2157 -1372 -251 -1971 0 0 0 0 1 99 115 44 
-1125 -101 -2114 -1388 -183 -1952 0 0 0 0 1 99 103 39 
-1272 -87 -1950 -1474 -425 -1969 0 0 0 0 1 110 98 51 
-1607 -55 -1763 -1565 -785 -2018 0 0 0 0 1 113 95 55 
-1720 -10 -1682 -1708 -1237 -2072 0 0 0 0 1 108 88 53 
-1715 67 -1558 -1794 -1303 -2048 0 0 0 0 1 117 103 72 
-1564 247 -1369 -1944 -1307 -1818 0 0 0 0 1 126 111 57 
-1189 412 -1173 -2021 -1393 -1511 0 0 0 0 1 127 112 72 
-1294 553 -951 -2085 -1843 -1032 0 0 0 0 1 135 109 73 
-1603 673 -769 -2153 -2907 -817 0 0 0 0 1 212 117 207 
-1573 805 1408 -2004 -384 -421 0 0 0 0 1 218 116 206 
-1564 908 1810 -1973 675 -403 0 0 0 0 1 217 117 211 
-1575 993 1913 -1932 1116 -377 0 0 0 0 1 202 117 223 
-1669 1048 2022 -1857 1336 -303 0 0 0 0 1 212 120 218 
-1853 1044 2175 -1952 1466 -236 0 0 0 0 1 218 121 208 
-2179 749 2388 -2150 1618 -183 0 0 0 0 1 213 111 213 
-2391 500 2726 -2752 2190 -96 0 0 0 0 1 199 123 220 
-2788 179 3329 -3343 2651 -30 0 0 0 0 1 206 128 208 
-3077 -117 3435 -4468 2759 141 0 0 0 0 1 191 132 207 
-3279 -166 3323 -4908 2552 202 0 0 0 0 1 197 128 203 
-3226 -160 3361 -4946 2248 261 0 0 0 0 1 185 148 208 
-3162 -229 3156 -4510 1414 390 0 0 0 0 1 191 161 209 
-3129 -369 3050 -3983 1038 438 0 0 0 0 1 189 155 203 
-3132 -473 2933 -2996 968 429 0 0 0 0 1 193 161 209 
-2942 -726 2521 -2308 1279 470 0 0 0 0 1 192 165 220 
-2627 -1111 2663 -1581 2348 683 0 0 0 0 1 167 171 218 
-2515 -1117 2578 -1300 3016 848 0 0 0 0 1 169 169 221 
-2549 -1197 2602 -1161 3692 990 0 0 0 0 1 168 187 208 
-2748 -1238 2799 -1344 3913 842 0 0 0 0 1 166 182 196 
-3084 -1224 2861 -1517 3604 614 0 0 0 0 1 163 192 194 
-3079 -1330 3433 -1867 2885 349 0 0 0 0 1 160 188 183 
-2676 -1496 3804 -1931 2165 358 0 0 0 0 1 154 182 180 
-2349 -1657 3961 -1498 1359 689 0 0 0 0 1 149 187 192 
-2115 -2031 4027 -741 1053 1080 0 0 0 0 1 149 212 192 
-2353 -2140 3851 1039 822 1659 0 0 0 0 1 146 206 190 
-2915 -2644 4558 2301 766 2091 0 0 0 0 1 130 209 178 
-2956 -2715 5082 4277 -779 3037 0 0 0 0 1 135 202 166 
-3314 -2285 5096 6588 -3989 4017 0 0 0 0 1 110 203 160 
-3042 -2694 4649 8551 -6814 4836 0 0 0 0 1 123 204 147 
-3057 -2802 3316 12454 -10553 5598 0 0 0 0 1 130 190 138 
-3893 -3156 -500 15511 -12169 5541 0 0 0 0 1 136 198 132 
-3959 -4383 -4032 20279 -10348 5318 0 0 0 0 1 142 177 129 
-4641 -6869 -9929 23847 -2956 6169 0 0 0 0 1 148 115 86 
-5184 -6955 -12206 24721 2211 7382 0 0 0 0 1 139 78 55 
-4477 -6222 -11017 20170 8630 8976 0 0 0 0 1 122 46 16 
-949 -188 915 423 2592 -136 0 0 0 0 1 115 66 30 
-1387 85 1184 2102 1652 1182 0 0 0 0 1 113 68 34 
-1839 78 542 2330 1214 1627 0 0 0 0 1 106 63 23 
-1963 27 32 1926 995 1613 0 0 0 0 1 100 67 22 
-1958 26 -425 1365 880 1247 0 0 0 0 1 93 50 24 
-1991 112 -532 408 248 386 0 0 0 0 1 99 49 20 
-1880 359 -831 -119 -211 -195 0 0 0 0 1 92 49 23 
-1716 454 -1195 -549 -376 -812 0 0 0 0 1 86 45 24 
-1499 619 -1684 -606 -309 -996 0 0 0 0 1 92 58 20 
-1400 675 -1832 -510 -201 -960 0 0 0 0 1 95 38 17 
-1359 798 -1830 -391 -109 -715 0 0 0 0 1 97 47 8 
-1482 800 -1719 -356 -152 -526 0 0 0 0 1 87 56 25 
-1487 760 -1714 -357 -374 -260 0 0 0 0 1 97 42 19 
-1477 651 -1805 -374 -443 -167 0 0 0 0 1 115 41 27 
-1464 526 -1971 -408 -345 -203 0 0 0 0 1 99 46 32 
-1386 304 -2121 -498 16 -326 0 0 0 0 1 115 49 32 
-1303 208 -2075 -605 233 -391 0 0 0 0 1 109 47 26 
-1255 131 -1973 -828 124 -442 0 0 0 0 1 106 44 34 
-1349 69 -1838 -1016 -339 -506 0 0 0 0 1 101 46 32 
-1307 14 -1754 -1346 -1063 -627 0 0 0 0 1 102 62 29 
-1159 -13 -1641 -1667 -1425 -781 0 0 0 0 1 106 58 32 
-1188 136 -1545 -1862 -1513 -916 0 0 0 0 1 116 72 43 
-1195 415 -1309 -2222 -1938 -1068 0 0 0 0 1 127 66 44 
-1107 546 -1259 -2460 -2590 -1101 0 0 0 0 1 126 82 54 
-1198 565 -1208 -2836 -3380 -1202 0 0 0 0 1 133 84 59 
-1482 570 -1171 -3219 -3434 -1444 0 0 0 0 1 147 79 75 
-1666 639 -936 -3510 -3135 -1655 0 0 0 0 1 151 90 83 
-1774 753 -651 -4006 -2660 -1923 0 0 0 0 1 161 87 96 
-1818 825 -248 -4309 -2479 -2026 0 0 0 0 1 171 82 110 
-1824 1000 32 -4669 -2893 -2079 0 0 0 0 1 198 107 125 
-1697 1257 6 -4774 -4260 -1973 0 0 0 0 1 187 101 133 
-1561 1460 -276 -4722 -4923 -1904 0 0 0 0 1 202 100 160 
-1753 1381 -188 -4684 -4528 -1970 0 0 0 0 1 215 96 185 
-1962 1177 251 -4769 -3553 -2083 0 0 0 0 1 214 93 200 
-1962 1082 569 -5078 -1833 -2185 0 0 0 0 1 221 107 225 
-1942 873 1433 -5771 -792 -2005 0 0 0 0 1 233 85 239 
-1698 919 1945 -6352 -1182 -1585 0 0 0 0 1 241 91 250 
-1492 687 1765 -6972 -2182 -633 0 0 0 0 1 241 104 257 
-1541 874 1477 -7099 -1856 128 0 0 0 0 1 232 89 278 
-1694 619 1192 -6947 -1145 445 0 0 0 0 1 228 100 288 
-1739 253 1151 -6579 351 761 0 0 0 0 1 237 96 294 
-1862 -563 1341 -6335 1602 904 0 0 0 0 1 224 103 309 
-2031 -933 1605 -6046 3436 998 0 0 0 0 1 228 107 293 
-2186 -1240 2082 -5743 3913 1187 0 0 0 0 1 234 104 280 
-2169 -1300 2065 -5408 3329 1408 0 0 0 0 1 217 105 286 
-2457 -1128 2396 -4858 2282 1593 0 0 0 0 1 220 131 287 
-2634 -1372 2506 -4442 1728 1649 0 0 0 0 1 221 125 281 
-2649 -1757 2500 -3805 1470 1674 0 0 0 0 1 204 126 287 
-2675 -2313 2599 -3425 1816 1668 0 0 0 0 1 208 128 278 
-2523 -2496 2535 -2873 2589 1729 0 0 0 0 1 206 141 282 
-2258 -2713 2410 -2519 3117 1855 0 0 0 0 1 207 147 284 
-2319 -2776 2747 -2124 3837 2026 0 0 0 0 1 201 163 275 
-2444 -2603 2947 -1814 3653 2103 0 0 0 0 1 191 161 277 
-2566 -2235 3058 -1552 3024 2101 0 0 0 0 1 192 182 257 
-2569 -2053 3074 -1026 2076 2042 0 0 0 0 1 184 164 265 
-2194 -1921 2848 -571 1654 2068 0 0 0 0 1 191 183 256 
-1770 -2109 2832 161 1559 2366 0 0 0 0 1 173 177 254 
-1386 -2377 2871 873 1920 2788 0 0 0 0 1 159 207 245 
-1718 -2365 2896 1330 2104 2940 0 0 0 0 1 165 215 235 
-2272 -2411 3034 1934 1929 2801 0 0 0 0 1 151 220 218 
-2929 -2551 3201 2279 1647 2577 0 0 0 0 1 135 212 220 
-2704 -3093 3755 2607 1539 2622 0 0 0 0 1 138 226 213 
-2229 -3396 4467 2910 1209 2959 0 0 0 0 1 132 223 195 
-2724 -3520 4861 3942 -24 3523 0 0 0 0 1 121 226 182 
-3045 -3699 5617 6062 -3359 4255 0 0 0 0 1 114 224 168 
-3737 -3710 3810 8807 -6403 4476 0 0 0 0 1 99 230 146 
-3665 -4107 1701 13801 -7457 4117 0 0 0 0 1 116 204 143 
-2684 -4942 -1979 18647 -8264 4229 0 0 0 0 1 121 195 119 
-2431 -5553 -4599 21407 -9098 4770 0 0 0 0 1 106 164 88 
-3376 -7485 -9111 24925 -7825 5438 0 0 0 0 1 123 116 66 
-4944 -8756 -12996 24818 -1369 5791 0 0 0 0 1 135 72 52 
-3036 -9298 -14506 18694 6789 7291 0 0 0 0 1 104 -8 22 
-91 -4980 -11486 8408 6322 4869 0 0 0 0 1 87 -31 -4 
-2791 -3952 -6416 -1893 -55 -2862 0 0 0 0 1 76 -30 -1 
-2434 -2335 -4852 -9246 -4373 -7427 0 0 0 0 1 87 -29 11 
-704 -566 -5223 -11536 -5763 -7278 0 0 0 0 1 104 -20 1 
-147 -1053 -4567 -11228 -3363 -4986 0 0 0 0 1 132 17 39 
-1006 -1914 -1848 -9068 106 -3616 0 0 0 0 1 132 39 48 
-1135 -937 -565 -4407 2499 -1937 0 0 0 0 1 127 51 44 
-1170 29 1039 -657 1476 49 0 0 0 0 1 133 45 43 
-1304 340 1442 941 639 1230 0 0 0 0 1 127 46 48 
-1446 108 846 2236 241 2290 0 0 0 0 1 119 57 33 
-1635 -480 -233 2434 828 2416 0 0 0 0 1 119 57 38 
-1745 -676 -490 1796 1900 1905 0 0 0 0 1 122 49 23 
-2056 -495 -450 1039 1620 1294 0 0 0 0 1 110 51 39 
-2107 -293 -575 18 517 378 0 0 0 0 1 104 50 31 
-1881 -4 -1172 -377 122 -96 0 0 0 0 1 96 44 23 
-1792 166 -1603 -548 21 -570 0 0 0 0 1 99 46 30 
-1630 243 -1992 -526 131 -706 0 0 0 0 1 113 39 30 
-1515 255 -2100 -496 316 -689 0 0 0 0 1 102 50 26 
-1281 116 -2191 -521 449 -616 0 0 0 0 1 95 45 31 
-1148 5 -2182 -634 710 -531 0 0 0 0 1 107 40 19 
-1125 -178 -2113 -745 819 -531 0 0 0 0 1 97 47 12 
-1138 -273 -2011 -929 700 -585 0 0 0 0 1 101 36 20 
-1069 -300 -1882 -1057 455 -649 0 0 0 0 1 94 46 20 
-940 -260 -1853 -1221 16 -781 0 0 0 0 1 101 36 25 
-843 -316 -1929 -1292 -258 -892 0 0 0 0 1 95 47 33 
-787 -355 -2002 -1366 -614 -1049 0 0 0 0 1 96 58 30 
-1062 -351 -2171 -1397 -721 -1166 0 0 0 0 1 110 56 34 
-1215 -354 -2126 -1512 -685 -1380 0 0 0 0 1 103 49 27 
-1557 -267 -1870 -1772 -855 -1572 0 0 0 0 1 108 58 37 
-1478 20 -1536 -2027 -1101 -1620 0 0 0 0 1 103 56 44 
-1389 150 -1431 -2422 -1369 -1562 0 0 0 0 1 117 66 46 
-1224 331 -1411 -2619 -1418 -1443 0 0 0 0 1 114 60 50 
-937 630 -1605 -2729 -1534 -1137 0 0 0 0 1 130 82 68 
-1166 906 -1756 -2715 -1570 -963 0 0 0 0 1 134 73 62 
-1543 836 -1573 -2737 -1186 -924 0 0 0 0 1 130 91 66 
-2203 806 -900 -2856 -795 -1102 0 0 0 0 1 154 87 71 
-2536 867 -568 -3151 -535 -1562 0 0 0 0 1 139 90 81 
-2603 1275 244 -3463 -662 -1840 0 0 0 0 1 138 94 82 
-2482 1636 610 -4042 -1756 -1916 0 0 0 0 1 152 91 84 
-2030 1990 967 -4433 -3095 -1607 0 0 0 0 1 156 104 96 
-1971 1868 626 -4749 -4691 -1020 0 0 0 0 1 155 105 109 
-2695 1640 652 -4846 -4389 -891 0 0 0 0 1 174 120 135 
-2912 1224 845 -4941 -2219 -1004 0 0 0 0 1 187 133 168 
-2843 779 1455 -4956 -421 -1131 0 0 0 0 1 189 128 180 
-2711 557 1864 -4898 1538 -1130 0 0 0 0 1 200 132 172 
-2589 367 2137 -4659 2063 -877 0 0 0 0 1 181 142 176 
-2711 441 2535 -4454 2000 -720 0 0 0 0 1 178 143 187 
-2879 492 3052 -4049 1418 -439 0 0 0 0 1 181 149 183 
-2981 269 3053 -3653 952 -221 0 0 0 0 1 181 142 179 
-3212 -120 3110 -3045 959 84 0 0 0 0 1 185 153 173 
-3289 -517 3266 -2683 1317 339 0 0 0 0 1 182 148 182 
-3087 -1128 3530 -2233 1879 812 0 0 0 0 1 173 155 187 
-3056 -1173 3625 -2008 2066 1120 0 0 0 0 1 173 172 180 
-2976 -870 3648 -1802 1890 1350 0 0 0 0 1 162 171 190 
-2973 -760 3535 -1419 1120 1474 0 0 0 0 1 159 180 180 
-2827 -466 3134 -993 489 1375 0 0 0 0 1 155 183 179 
-2721 -433 2977 -717 361 1267 0 0 0 0 1 146 193 186 
-2304 -299 2594 -405 616 1162 0 0 0 0 1 148 196 188 
-2045 -252 2487 -305 868 1152 0 0 0 0 1 142 195 189 
-1811 -194 2350 -294 1172 1163 0 0 0 0 1 148 198 186 
-1780 -220 2393 -366 1333 1124 0 0 0 0 1 141 203 193 
-1857 -259 2456 -476 1495 963 0 0 0 0 1 145 212 192 
-1817 -378 2522 -547 1678 823 0 0 0 0 1 130 219 178 
-1872 -425 2927 -617 1976 708 0 0 0 0 1 128 224 182 
-1678 -916 3027 -494 2106 825 0 0 0 0 1 123 217 168 
-1877 -1197 3194 -8 2435 1029 0 0 0 0 1 115 225 172 
-2842 -1973 4365 364 2597 1201 0 0 0 0 1 113 233 174 
-2793 -2110 6097 1290 345 2307 0 0 0 0 1 104 224 168 
-2005 -1943 5608 4598 -4594 4154 0 0 0 0 1 101 230 158 
-3128 -2534 4159 8209 -6628 5113 0 0 0 0 1 84 230 139 
-3696 -1830 2209 14764 -7154 5736 0 0 0 0 1 97 214 119 
-3601 -1536 -2056 19017 -7116 6185 0 0 0 0 1 88 187 94 
-2703 -2886 -4397 23775 -5005 8208 0 0 0 0 1 96 152 58 
-3179 -6366 -6253 25080 -822 10316 0 0 0 0 1 89 103 25 
-5155 -7087 -8692 23685 3393 12472 0 0 0 0 1 68 44 4 
-4408 -8381 -6730 15472 6186 11118 0 0 0 0 1 47 -26 -11 
-1149 -9595 -3017 5747 2774 5068 0 0 0 0 1 18 -66 -37 
-782 -7803 -5294 2025 -2004 -634 0 0 0 0 1 22 -89 -29 
-1098 -4000 -7945 -1451 -5663 -7153 0 0 0 0 1 41 -87 -12 
476 -1374 -6175 -4660 -5289 -7833 0 0 0 0 1 56 -76 -2 
-310 -511 -3135 -9446 -5300 -5366 0 0 0 0 1 67 -72 -1 
-939 -950 -1698 -10277 -3991 -2120 0 0 0 0 1 81 -52 -1 
-1002 -1606 -1847 -8396 -1301 -817 0 0 0 0 1 83 -8 10 
-1144 -1423 -1696 -3818 2448 -269 0 0 0 0 1 94 7 6 
-1358 -916 -521 -1070 3033 -108 0 0 0 0 1 74 20 12 
-1485 -530 311 1163 2035 296 0 0 0 0 1 70 24 0 
-1584 -308 143 1592 985 615 0 0 0 0 1 79 13 5 
-1612 -288 -327 1305 671 657 0 0 0 0 1 74 11 10 
-1543 -249 -1094 502 538 492 0 0 0 0 1 64 11 3 
-1561 -195 -1435 -31 376 264 0 0 0 0 1 61 17 2 
-1635 -164 -1850 -442 106 -16 0 0 0 0 1 64 8 5 
-1629 -165 -1977 -843 -185 -428 0 0 0 0 1 73 7 2 
-1448 -158 -2224 -1128 -279 -715 0 0 0 0 1 71 6 1 
-1299 -198 -2468 -1296 -313 -845 0 0 0 0 1 71 18 1 
-1263 -214 -2576 -1522 -113 -987 0 0 0 0 1 74 23 -3 
-1106 -126 -2548 -1681 57 -1044 0 0 0 0 1 67 23 1 
-1077 -79 -2520 -1904 166 -1170 0 0 0 0 1 67 23 5 
-1140 -136 -2310 -2075 145 -1318 0 0 0 0 1 66 26 13 
-1262 -181 -2090 -2405 -203 -1641 0 0 0 0 1 71 40 5 
-1378 -228 -1755 -2656 -643 -1851 0 0 0 0 1 74 38 10 
-1399 -189 -1671 -3048 -1277 -2075 0 0 0 0 1 68 44 18 
-1393 -97 -1676 -3329 -1450 -2192 0 0 0 0 1 88 60 29 
-1257 183 -1560 -3455 -1442 -2204 0 0 0 0 1 90 69 24 
-1229 414 -1459 -3587 -1876 -2141 0 0 0 0 1 108 66 34 
-1222 586 -1326 -3670 -2253 -2093 0 0 0 0 1 108 66 32 
-1591 667 -1001 -3915 -2102 -2234 0 0 0 0 1 135 82 61 
-1638 646 -780 -3958 -1749 -2314 0 0 0 0 1 146 85 76 
-1661 758 -607 -4004 -1162 -2385 0 0 0 0 1 156 94 87 
-1594 1070 -84 -4088 -941 -2320 0 0 0 0 1 156 104 96 
-1445 1180 96 -4123 -1045 -2189 0 0 0 0 1 153 110 95 
-1487 1257 271 -4156 -1149 -2041 0 0 0 0 1 155 115 114 
-1683 1262 412 -4184 -1232 -1902 0 0 0 0 1 166 118 122 
-2222 1052 450 -4208 -1048 -1963 0 0 0 0 1 172 125 130 
-2451 953 730 -4254 -675 -2048 0 0 0 0 1 178 118 126 
-2372 848 822 -4298 -59 -2047 0 0 0 0 1 185 126 145 
-2347 639 1124 -4321 288 -1963 0 0 0 0 1 176 130 144 
-2310 623 1197 -4272 577 -1722 0 0 0 0 1 176 127 155 
-2332 709 1292 -4172 582 -1514 0 0 0 0 1 184 132 165 
-2451 595 1462 -4020 537 -1231 0 0 0 0 1 181 132 172 
-2565 477 1639 -3927 533 -1056 0 0 0 0 1 187 136 182 
-2628 291 1719 -3726 522 -792 0 0 0 0 1 182 148 166 
-2723 53 1743 -3550 609 -630 0 0 0 0 1 192 136 175 
-2666 -127 1713 -3350 816 -463 0 0 0 0 1 189 136 185 
-2614 -120 1532 -2934 1129 -186 0 0 0 0 1 181 149 190 
-2668 -177 1516 -2520 1517 47 0 0 0 0 1 178 160 187 
-2885 -424 1711 -2343 1808 148 0 0 0 0 1 162 159 195 
-3023 -595 1889 -2279 2034 233 0 0 0 0 1 175 158 194 
-3163 -812 2138 -2361 1965 267 0 0 0 0 1 171 165 189 
-3151 -870 2244 -2533 1503 310 0 0 0 0 1 156 160 187 
-3038 -887 2152 -2589 1149 358 0 0 0 0 1 174 174 193 
-2897 -884 2078 -2535 918 482 0 0 0 0 1 167 179 188 
-2707 -954 1978 -2406 972 586 0 0 0 0 1 168 192 196 
-2667 -955 1880 -2082 1207 694 0 0 0 0 1 161 172 210 
-2657 -976 1825 -1822 1393 710 0 0 0 0 1 165 196 195 
-2510 -1066 2143 -1564 1508 729 0 0 0 0 1 146 198 190 
-2479 -1142 2198 -1151 1470 854 0 0 0 0 1 142 192 206 
-2463 -1307 2498 -757 1397 1011 0 0 0 0 1 141 208 186 
-2457 -1572 2851 -497 1330 1133 0 0 0 0 1 149 207 196 
-2663 -1750 3044 -56 1199 1208 0 0 0 0 1 138 197 203 
-3261 -2069 3465 244 1094 1143 0 0 0 0 1 136 206 193 
-3449 -2237 3846 797 586 1087 0 0 0 0 1 133 224 192 
-3605 -2091 4175 1721 -548 1178 0 0 0 0 1 143 208 181 
-3606 -2026 4589 2541 -1489 1439 0 0 0 0 1 122 218 179 
-3413 -2188 5588 4421 -3943 2313 0 0 0 0 1 125 208 165 
-2916 -2412 5022 6511 -5656 3106 0 0 0 0 1 126 212 178 
-2820 -2205 3927 10790 -6047 3969 0 0 0 0 1 117 228 165 
-2927 -1765 585 14014 -5089 4296 0 0 0 0 1 122 208 144 
-2628 -1625 -583 17627 -3246 5267 0 0 0 0 1 129 196 109 
-2500 -3008 -1259 18877 -3175 6441 0 0 0 0 1 123 163 84 
-4043 -4466 -4066 20381 -3955 7183 0 0 0 0 1 114 121 64 
-6547 -8431 -7417 20509 -1967 6840 0 0 0 0 1 126 74 26 
-6293 -10441 -8841 17668 3111 6472 0 0 0 0 1 112 42 19 
-762 -10666 -9718 13694 4316 6313 0 0 0 0 1 89 -19 16 
499 -6711 -10266 7433 2042 2666 0 0 0 0 1 81 -42 -10 
1329 -1219 -12939 3288 1646 -437 0 0 0 0 1 68 -58 -4 
344 -2606 -5630 -5918 1634 -3589 0 0 0 0 1 69 -45 5 
-1988 -2076 -1982 -10103 -2373 -4741 0 0 0 0 1 63 -34 -6 
-1387 -1944 -2678 -10766 -5620 -4486 0 0 0 0 1 86 -1 -5 
-264 -2619 -2913 -7680 -1398 -3773 0 0 0 0 1 96 2 18 
-3 -2269 -1247 -5161 955 -2857 0 0 0 0 1 110 31 20 
-142 -1297 33 -2242 1554 -894 0 0 0 0 1 114 42 29 
-891 -494 602 -1038 1198 179 0 0 0 0 1 103 51 32 
-1229 -342 342 10 675 1082 0 0 0 0 1 101 46 25 
-1260 -451 -181 382 538 1321 0 0 0 0 1 103 63 23 
-1196 -713 -809 525 464 1309 0 0 0 0 1 106 44 34 
-1288 -751 -901 420 225 1097 0 0 0 0 1 101 51 18 
-1704 -1055 -1342 181 -300 449 0 0 0 0 1 101 58 23 
-1777 -1108 -1407 25 -476 -156 0 0 0 0 1 93 57 31 
-1620 -1102 -1436 -267 -748 -1007 0 0 0 0 1 101 49 25 
-1455 -1119 -1455 -516 -1238 -1353 0 0 0 0 1 110 49 30 
-1374 -1073 -1454 -985 -2011 -1569 0 0 0 0 1 114 50 26 
-1409 -940 -1454 -1321 -2383 -1602 0 0 0 0 1 132 46 34 
-1433 -827 -1472 -1782 -2700 -1579 0 0 0 0 1 123 57 47 
-1429 -759 -1518 -2032 -2763 -1544 0 0 0 0 1 133 45 64 
-1354 -697 -1565 -2244 -2696 -1462 0 0 0 0 1 149 55 61 
-1289 -685 -1707 -2227 -2540 -1357 0 0 0 0 1 155 56 76 
-1246 -650 -1922 -2092 -2335 -1266 0 0 0 0 1 151 56 88 
-1185 -395 -1987 -1862 -1878 -1071 0 0 0 0 1 160 61 88 
-1228 126 -1661 -1797 -1729 -925 0 0 0 0 1 166 52 101 
-1395 434 -1174 -1988 -2211 -715 0 0 0 0 1 187 60 105 
-1563 862 -832 -2235 -3123 -537 0 0 0 0 1 187 62 110 
-1580 897 -852 -2621 -3953 -232 0 0 0 0 1 199 72 119 
-1526 870 -955 -2855 -3584 -60 0 0 0 0 1 209 68 139 
-1479 953 -882 -3223 -2225 312 0 0 0 0 1 199 74 150 
-1291 1040 -394 -3536 -1127 718 0 0 0 0 1 211 77 164 
-1295 672 8 -3886 154 1275 0 0 0 0 1 199 82 147 
-1993 915 828 -3938 273 1304 0 0 0 0 1 208 104 157 
-2667 1383 1157 -3714 -717 767 0 0 0 0 1 197 104 166 
-2737 1415 1106 -3412 -1189 210 0 0 0 0 1 202 105 172 
-2762 769 3018 -3926 -2099 -414 0 0 0 0 1 184 149 202 
-2448 195 3265 -3974 -588 -246 0 0 0 0 1 186 157 221 
-2324 -210 3370 -4047 905 123 0 0 0 0 1 179 159 230 
-2314 -574 3353 -4007 1552 345 0 0 0 0 1 191 161 242 
-2374 -594 3467 -3771 1980 536 0 0 0 0 1 182 168 233 
-2449 -448 3448 -3187 1362 615 0 0 0 0 1 184 174 242 
-2481 -219 3360 -2588 477 612 0 0 0 0 1 184 176 225 
-2633 38 2963 -1445 -735 456 0 0 0 0 1 175 187 247 
-2582 119 2615 -701 -968 298 0 0 0 0 1 176 183 249 
-2457 59 2416 140 -667 152 0 0 0 0 1 174 181 260 
-2321 36 1985 472 -427 157 0 0 0 0 1 185 180 259 
-2152 37 1901 561 231 364 0 0 0 0 1 178 187 264 
-1817 63 1928 372 720 625 0 0 0 0 1 166 180 259 
-1627 156 1837 -82 937 1056 0 0 0 0 1 178 185 245 
-1611 217 1818 -392 781 1246 0 0 0 0 1 173 185 245 
-1472 291 1631 -712 646 1279 0 0 0 0 1 171 195 245 
-1414 269 1565 -819 847 1150 0 0 0 0 1 166 199 254 
-1223 171 1431 -846 1393 783 0 0 0 0 1 168 190 247 
-1238 44 1398 -811 1764 455 0 0 0 0 1 152 204 236 
-1156 -191 1429 -750 2503 2 0 0 0 0 1 163 212 240 
-945 -384 1571 -705 3088 -245 0 0 0 0 1 160 208 232 
-1088 -460 1673 -707 3815 -651 0 0 0 0 1 158 206 228 
-1453 -235 3121 -983 3883 -870 0 0 0 0 1 159 209 226 
-1312 -263 3711 -1440 2059 -743 0 0 0 0 1 159 202 213 
-1476 -341 3746 -1308 -811 -270 0 0 0 0 1 166 202 222 
-1584 -389 3630 -713 -2235 69 0 0 0 0 1 156 199 224 
-1519 -745 3000 1248 -3364 659 0 0 0 0 1 153 203 225 
-1609 -1233 2662 2965 -2856 1087 0 0 0 0 1 171 202 238 
-841 -2413 3152 5802 -1045 2223 0 0 0 0 1 156 212 231 
-799 -2436 2847 7960 -667 3041 0 0 0 0 1 161 219 217 
-1947 -1465 3016 11146 -2599 4045 0 0 0 0 1 160 213 183 
-2027 -1603 2652 13642 -6008 4824 0 0 0 0 1 146 210 169 
-3442 -2134 -692 18203 -10363 4649 0 0 0 0 1 140 187 157 
-5206 -3815 -5166 20962 -10548 3895 0 0 0 0 1 159 172 129 
-5161 -5524 -6212 22773 -4932 4050 0 0 0 0 1 158 142 125 
-4710 -5938 -7087 22431 1748 5248 0 0 0 0 1 166 111 82 
-4582 -4541 -8095 20546 9300 6912 0 0 0 0 1 138 20 29 
-1861 -518 -1335 -3309 2124 -779 0 0 0 0 1 134 39 32 
-1732 -243 -809 -1179 1229 96 0 0 0 0 1 126 45 26 
-1341 -12 -383 -375 969 614 0 0 0 0 1 132 53 27 
-1144 -57 -452 168 1080 1156 0 0 0 0 1 108 51 27 
-1131 -226 -938 272 1369 1273 0 0 0 0 1 114 50 26 
-1333 -281 -1218 144 1857 1021 0 0 0 0 1 112 52 15 
-1600 -490 -1656 -198 1822 516 0 0 0 0 1 101 51 32 
-1707 -624 -1809 -481 1494 111 0 0 0 0 1 88 57 19 
-1752 -572 -1982 -924 1074 -609 0 0 0 0 1 89 46 18 
-1522 -394 -2215 -1228 966 -1059 0 0 0 0 1 75 58 16 
-1213 -288 -2289 -1724 935 -1550 0 0 0 0 1 79 55 24 
-958 -260 -2160 -2242 1007 -1895 0 0 0 0 1 74 65 24 
-956 -252 -2107 -2543 1050 -2085 0 0 0 0 1 73 66 9 
-1004 -155 -2047 -2834 930 -2266 0 0 0 0 1 74 72 17 
-1066 -95 -1999 -2943 835 -2299 0 0 0 0 1 76 77 12 
-1032 41 -1921 -3029 729 -2241 0 0 0 0 1 76 69 29 
-829 362 -1778 -3054 615 -2128 0 0 0 0 1 70 88 39 
-629 469 -1777 -3037 494 -1876 0 0 0 0 1 67 99 33 
-629 606 -1788 -2969 594 -1740 0 0 0 0 1 73 107 39 
-792 550 -1949 -2783 1050 -1644 0 0 0 0 1 63 115 34 
-1193 614 -1716 -2685 1522 -1734 0 0 0 0 1 71 109 52 
-1500 581 -1509 -2630 2008 -1975 0 0 0 0 1 68 130 39 
-1960 750 -757 -2696 2166 -2173 0 0 0 0 1 62 114 40 
-1863 1102 -355 -2962 1936 -2338 0 0 0 0 1 57 123 38 
-1548 1359 -158 -3272 858 -2029 0 0 0 0 1 66 125 46 
-1142 1481 -283 -3368 31 -1624 0 0 0 0 1 56 144 58 
-1370 1469 -431 -3281 -457 -1220 0 0 0 0 1 66 139 51 
-2184 1305 -443 -3127 -114 -1262 0 0 0 0 1 55 148 66 
-2784 1048 -324 -2866 1140 -1746 0 0 0 0 1 63 159 69 
-3288 786 132 -2762 2074 -2181 0 0 0 0 1 67 165 71 
-3461 835 530 -2751 2590 -2752 0 0 0 0 1 60 165 71 
-3373 1200 1105 -2829 1982 -2916 0 0 0 0 1 66 179 74 
-3010 1544 1352 -2994 -13 -2758 0 0 0 0 1 54 161 74 
-2942 1621 1186 -3044 -1340 -2517 0 0 0 0 1 67 172 80 
-3100 1559 1036 -2893 -2311 -2333 0 0 0 0 1 79 177 96 
-3849 872 980 -2679 -1758 -2466 0 0 0 0 1 100 170 122 
-3942 658 1126 -2662 -960 -2613 0 0 0 0 1 115 183 114 
-4179 145 1584 -2854 -261 -2756 0 0 0 0 1 116 190 133 
-4037 -89 1896 -3059 -292 -2709 0 0 0 0 1 120 186 130 
-3727 -90 2130 -3341 -548 -2414 0 0 0 0 1 117 179 142 
-3353 94 2054 -3428 -734 -2096 0 0 0 0 1 133 187 145 
-3106 189 1809 -3237 -944 -1500 0 0 0 0 1 133 177 159 
-2984 169 1628 -2723 -714 -944 0 0 0 0 1 141 171 172 
-3047 35 1569 -2156 -55 -615 0 0 0 0 1 143 193 179 
-3154 -277 1607 -1847 374 -487 0 0 0 0 1 134 191 181 
-3041 -472 1753 -1587 650 -323 0 0 0 0 1 141 201 195 
-2938 -518 1848 -1525 569 -235 0 0 0 0 1 142 197 196 
-2791 -514 1843 -1508 378 -169 0 0 0 0 1 143 193 181 
-2603 -532 1798 -1515 366 -189 0 0 0 0 1 142 190 196 
-2503 -604 1792 -1528 523 -323 0 0 0 0 1 142 199 199 
-2555 -693 1854 -1542 661 -496 0 0 0 0 1 143 203 195 
-2679 -800 1969 -1595 716 -819 0 0 0 0 1 145 197 196 
-2679 -1057 2106 -1630 739 -959 0 0 0 0 1 153 206 195 
-2465 -1532 2477 -1633 900 -1035 0 0 0 0 1 145 204 203 
-2430 -1685 2699 -1511 929 -1066 0 0 0 0 1 148 188 216 
-2579 -1779 3020 -1000 755 -1113 0 0 0 0 1 156 212 203 
-2936 -1942 2921 -310 470 -1122 0 0 0 0 1 154 199 201 
-3317 -2255 3422 1052 -39 -895 0 0 0 0 1 166 192 220 
-3003 -2480 4309 2315 -1049 -308 0 0 0 0 1 160 188 209 
-3049 -2195 4048 5036 -3285 738 0 0 0 0 1 166 185 199 
-3327 -2144 3543 7136 -3967 1404 0 0 0 0 1 179 179 188 
-2791 -2950 2830 10519 -4237 2927 0 0 0 0 1 171 172 182 
-3326 -2155 1701 14301 -5117 4458 0 0 0 0 1 171 165 182 
-3360 -1887 -343 17065 -5437 5621 0 0 0 0 1 162 159 162 
-3614 -2878 -2789 20906 -2613 7566 0 0 0 0 1 168 150 129 
-4456 -4598 -6987 22889 839 9137 0 0 0 0 1 158 130 100 
-4525 -4887 -8672 23187 5627 11794 0 0 0 0 1 141 103 67 
-3138 -5282 -7469 20743 7378 12935 0 0 0 0 1 89 61 25 
-2217 -5678 -4490 13788 7496 11450 0 0 0 0 1 70 22 4 
-1025 -8307 -1639 8552 5209 8187 0 0 0 0 1 34 -13 -29 
-269 -8885 -1085 2185 -795 1142 0 0 0 0 1 40 -36 -30 
-347 -6426 -3355 -1765 -4359 -5452 0 0 0 0 1 37 -31 -6 
-92 -3390 -5475 -3706 -4407 -7691 0 0 0 0 1 68 -39 0 
-272 -1936 -4693 -6231 -3818 -7500 0 0 0 0 1 74 -45 3 
-833 -806 -2649 -7340 -3613 -5901 0 0 0 0 1 93 -20 15 
-971 -393 -1875 -7435 -2058 -3114 0 0 0 0 1 99 -14 13 
-1120 -607 -1849 -5613 84 -1032 0 0 0 0 1 107 20 24 
-1274 -326 -2111 -3825 1125 -194 0 0 0 0 1 99 39 25 
-1234 -321 -1762 -1493 1957 562 0 0 0 0 1 92 44 27 
-1213 -421 -903 -548 2125 839 0 0 0 0 1 87 58 23 
-1238 -485 -550 15 2023 955 0 0 0 0 1 81 45 26 
-1306 -566 -400 9 1790 852 0 0 0 0 1 77 61 18 
-1464 -532 -729 -244 1350 473 0 0 0 0 1 86 55 24 
-1397 -502 -1292 -442 1113 198 0 0 0 0 1 60 57 8 
-1372 -480 -1489 -704 861 -118 0 0 0 0 1 58 49 9 
-1395 -444 -1966 -970 740 -362 0 0 0 0 1 66 58 13 
-1300 -491 -2098 -1177 730 -495 0 0 0 0 1 56 61 18 
-1227 -457 -2162 -1484 704 -718 0 0 0 0 1 60 79 5 
-1134 -397 -2206 -1669 739 -895 0 0 0 0 1 58 68 11 
-1033 -382 -2232 -1872 843 -1161 0 0 0 0 1 44 66 6 
-922 -347 -2274 -1947 899 -1323 0 0 0 0 1 55 72 19 
-870 -313 -2219 -2015 1038 -1537 0 0 0 0 1 55 82 17 
-856 -251 -2106 -2053 1111 -1667 0 0 0 0 1 57 82 5 
-948 -121 -1938 -2147 937 -1843 0 0 0 0 1 47 90 25 
-1044 124 -1771 -2234 470 -1926 0 0 0 0 1 49 90 23 
-992 255 -1743 -2354 -319 -2010 0 0 0 0 1 41 94 31 
-990 402 -1665 -2440 -566 -2085 0 0 0 0 1 51 100 23 
-1215 597 -1530 -2562 -546 -2299 0 0 0 0 1 56 107 25 
-1656 815 -1288 -2640 -378 -2506 0 0 0 0 1 66 112 27 
-2067 1009 -878 -2787 -241 -2824 0 0 0 0 1 69 114 29 
-2073 1185 -522 -2935 -463 -2918 0 0 0 0 1 74 114 52 
-1903 1296 -198 -3200 -1396 -2745 0 0 0 0 1 69 121 45 
-1638 1345 -160 -3382 -2523 -2259 0 0 0 0 1 82 130 48 
-1796 1530 -105 -3418 -2956 -2013 0 0 0 0 1 101 125 74 
-2242 1632 55 -3449 -2854 -2023 0 0 0 0 1 112 143 87 
-2946 1616 641 -3554 -2409 -2256 0 0 0 0 1 115 142 93 
-3216 1624 1013 -3875 -1753 -2682 0 0 0 0 1 117 152 104 
-2977 1284 1539 -4135 -1638 -2806 0 0 0 0 1 136 152 118 
-2899 1180 1737 -4579 -2077 -2696 0 0 0 0 1 139 157 123 
-2732 1244 1815 -4808 -3118 -2359 0 0 0 0 1 143 171 132 
-2430 1305 1308 -4687 -3772 -2059 0 0 0 0 1 172 157 162 
-2472 1179 1411 -4290 -3891 -1687 0 0 0 0 1 173 145 194 
-2533 1014 1715 -3937 -2751 -1461 0 0 0 0 1 186 149 207 
-2545 371 1913 -3713 -1716 -1315 0 0 0 0 1 189 155 222 
-2486 -139 2170 -3461 -234 -1026 0 0 0 0 1 185 158 231 
-2524 -523 2720 -3380 445 -821 0 0 0 0 1 189 168 231 
-2392 -552 2855 -3218 501 -417 0 0 0 0 1 186 157 223 
-2030 -572 2763 -2990 13 -74 0 0 0 0 1 198 161 242 
-2011 -476 2637 -2436 -720 323 0 0 0 0 1 185 168 254 
-2058 -236 2286 -1953 -939 465 0 0 0 0 1 187 172 254 
-2130 -181 2002 -1177 -737 499 0 0 0 0 1 189 172 257 
-2258 -463 1946 -645 42 471 0 0 0 0 1 194 177 264 
-2171 -801 2235 -518 703 496 0 0 0 0 1 185 168 264 
-2102 -879 2363 -573 1393 591 0 0 0 0 1 195 174 267 
-2040 -974 2359 -679 1585 650 0 0 0 0 1 180 192 264 
-2092 -934 2430 -914 1708 617 0 0 0 0 1 180 180 252 
-2201 -922 2539 -1089 1735 513 0 0 0 0 1 162 188 244 
-2272 -961 2583 -1339 1737 284 0 0 0 0 1 178 187 250 
-2246 -1052 2721 -1487 1709 135 0 0 0 0 1 172 186 249 
-2302 -1407 2892 -1695 1758 -107 0 0 0 0 1 176 188 251 
-2580 -1921 2985 -1802 2080 -483 0 0 0 0 1 171 190 243 
-2655 -2153 2825 -1719 2632 -821 0 0 0 0 1 178 175 245 
-2677 -2404 2665 -1339 3931 -1382 0 0 0 0 1 168 187 247 
-2868 -2535 2662 -1055 4813 -1798 0 0 0 0 1 171 187 226 
-3317 -2266 4046 -841 4839 -2112 0 0 0 0 1 175 180 217 
-2894 -1864 4538 -524 3221 -1812 0 0 0 0 1 171 163 220 
-2388 -1567 4147 580 -23 -815 0 0 0 0 1 182 165 208 
-2219 -1589 3989 1627 -909 17 0 0 0 0 1 194 170 196 
-1521 -1812 3974 3757 -796 1926 0 0 0 0 1 194 172 208 
-960 -1640 2615 5722 -773 3436 0 0 0 0 1 175 168 192 
-1252 -1539 2528 8634 -794 5761 0 0 0 0 1 171 177 182 
-1552 -1556 614 12010 -3265 8340 0 0 0 0 1 163 182 173 
-2366 -1654 -1399 14849 -5055 9516 0 0 0 0 1 152 182 143 
-3618 -2655 -4342 19359 -4461 9882 0 0 0 0 1 140 170 129 
-4326 -4814 -7356 21134 -1507 9555 0 0 0 0 1 125 144 60 
-4580 -5546 -8912 19746 -741 8872 0 0 0 0 1 103 107 30 
-1956 -8186 -6008 15411 -1230 8390 0 0 0 0 1 93 72 15 
-526 -8303 -6253 7227 1127 5777 0 0 0 0 1 82 68 9 
835 -6778 -8748 3013 1513 2812 0 0 0 0 1 83 52 3 
362 -4074 -8877 -1041 -827 -2558 0 0 0 0 1 75 51 -4 
-786 -1817 -5750 -3547 -2720 -5244 0 0 0 0 1 86 38 1 
-181 -935 -3983 -6673 -4043 -6135 0 0 0 0 1 114 45 15 
64 -1020 -3726 -6895 -2070 -4747 0 0 0 0 1 143 61 46 
-815 -1106 -1862 -5742 -329 -3630 0 0 0 0 1 138 69 45 
-1347 -616 -714 -3249 565 -2022 0 0 0 0 1 147 79 73 
-1425 169 -621 -1565 774 -1100 0 0 0 0 1 155 85 55 
-1406 195 -713 52 1418 -19 0 0 0 0 1 141 80 62 
-1636 246 -283 310 1357 493 0 0 0 0 1 142 65 61 
-1679 150 -488 64 583 988 0 0 0 0 1 130 77 52 
-1669 145 -1235 -187 714 1083 0 0 0 0 1 141 76 55 
-1669 154 -1483 -233 1081 999 0 0 0 0 1 128 91 36 
-1700 159 -1853 -284 1347 807 0 0 0 0 1 127 76 48 
-1543 160 -1885 -365 1271 700 0 0 0 0 1 108 88 46 
-1403 96 -1977 -510 1094 512 0 0 0 0 1 110 83 48 
-1344 29 -2189 -588 1034 292 0 0 0 0 1 104 91 45 
-1259 2 -2292 -688 1060 -174 0 0 0 0 1 112 94 43 
-1242 -21 -2184 -845 1085 -704 0 0 0 0 1 101 90 46 
-1276 -2 -1998 -967 937 -1043 0 0 0 0 1 87 103 27 
-1234 25 -1919 -1169 528 -1463 0 0 0 0 1 99 95 44 
-1009 11 -1722 -1336 303 -1651 0 0 0 0 1 107 96 54 
-861 82 -1702 -1558 -51 -1848 0 0 0 0 1 95 96 43 
-785 220 -1825 -1693 -298 -1936 0 0 0 0 1 109 106 52 
-697 276 -1853 -1913 -523 -1965 0 0 0 0 1 110 103 41 
-882 280 -1907 -2097 -497 -1989 0 0 0 0 1 119 96 57 
-1297 359 -1707 -2232 -414 -2087 0 0 0 0 1 114 101 61 
-1683 471 -1359 -2505 -552 -2305 0 0 0 0 1 125 95 67 
-2131 563 -886 -2791 -1288 -2487 0 0 0 0 1 135 104 68 
-2172 616 -703 -2954 -1927 -2564 0 0 0 0 1 138 111 77 
-2112 770 -507 -3134 -2800 -2542 0 0 0 0 1 143 105 83 
-1812 883 -668 -3123 -3289 -2395 0 0 0 0 1 160 107 93 
-1856 883 -715 -2921 -3476 -2118 0 0 0 0 1 168 104 103 
-2308 868 -199 -2850 -2815 -2097 0 0 0 0 1 163 101 126 
-2942 488 766 -3017 -2172 -2222 0 0 0 0 1 184 110 153 
-3099 476 1237 -3243 -2093 -2279 0 0 0 0 1 186 93 155 
-2995 652 1863 -3809 -2629 -2049 0 0 0 0 1 207 112 160 
-2593 689 2007 -4129 -3494 -1605 0 0 0 0 1 198 107 172 
-2367 829 1523 -4228 -4678 -764 0 0 0 0 1 209 100 181 
-2721 486 1543 -4108 -4759 -320 0 0 0 0 1 213 106 217 
-2771 34 1971 -4023 -3426 141 0 0 0 0 1 234 106 231 
-2592 -369 2515 -4148 -1217 610 0 0 0 0 1 231 112 244 
-2412 -996 3042 -4228 -49 945 0 0 0 0 1 220 116 264 
-2410 -1062 3042 -4150 847 1351 0 0 0 0 1 206 133 266 
-2601 -974 2959 -3775 1138 1473 0 0 0 0 1 212 132 265 
-2814 -692 2839 -3369 1123 1409 0 0 0 0 1 209 134 267 
-2924 -542 2726 -2652 1064 1190 0 0 0 0 1 201 153 273 
-3088 -892 2745 -2259 1141 1029 0 0 0 0 1 200 161 260 
-3060 -1335 2912 -1964 1543 923 0 0 0 0 1 205 166 265 
-2791 -1779 3032 -1929 1816 969 0 0 0 0 1 199 155 273 
-2482 -2010 2785 -1914 2171 1154 0 0 0 0 1 197 172 261 
-2326 -2028 2746 -1903 2762 1329 0 0 0 0 1 185 170 264 
-2400 -1851 2340 -1819 3247 1337 0 0 0 0 1 181 176 256 
-2510 -1695 2064 -1593 4034 1160 0 0 0 0 1 178 182 254 
-2626 -1243 2129 -1481 4335 972 0 0 0 0 1 174 179 242 
-2677 -1131 2085 -1371 3941 723 0 0 0 0 1 184 196 237 
-2739 -964 2529 -1488 2786 549 0 0 0 0 1 169 191 235 
-2488 -805 2747 -1581 1552 599 0 0 0 0 1 161 199 224 
-2121 -1048 2625 -1534 7 988 0 0 0 0 1 161 197 226 
-1665 -1194 2623 -1367 -207 1311 0 0 0 0 1 165 203 237 
-1548 -1174 2329 -746 184 1691 0 0 0 0 1 165 203 237 
-1363 -1224 2110 -171 758 1886 0 0 0 0 1 155 210 235 
-1388 -1289 2226 686 1830 2056 0 0 0 0 1 158 215 225 
-1879 -1405 2240 1212 2316 2044 0 0 0 0 1 142 219 245 
-2227 -1764 2607 1764 2430 2004 0 0 0 0 1 146 228 216 
-2950 -2281 3195 2047 1849 1966 0 0 0 0 1 132 225 202 
-3366 -2503 4251 2378 -147 2113 0 0 0 0 1 127 233 193 
-2591 -2721 4045 3932 -4771 3014 0 0 0 0 1 130 231 194 
-2468 -2660 3308 6120 -7469 3589 0 0 0 0 1 117 237 190 
-2360 -2716 2226 10804 -8683 3980 0 0 0 0 1 121 224 182 
-2244 -2753 -1170 14493 -8277 3992 0 0 0 0 1 120 220 162 
-2555 -2617 -3701 19701 -7262 3941 0 0 0 0 1 129 215 144 
-1921 -5158 -8280 22392 -5302 4363 0 0 0 0 1 138 182 117 
-4103 -6526 -9267 22299 -27 4907 0 0 0 0 1 115 93 44 
-4004 -6629 -8955 15797 -302 4730 0 0 0 0 1 115 58 32 
-2162 -7240 -5570 9401 1183 3924 0 0 0 0 1 110 46 27 
74 -5204 -9090 2478 2291 1736 0 0 0 0 1 102 47 10 
302 -2765 -10054 308 1841 -412 0 0 0 0 1 97 33 3 
-801 -857 -8178 -2320 210 -3953 0 0 0 0 1 88 23 12 
-501 -174 -3712 -4659 -1998 -4960 0 0 0 0 1 94 12 9 
-276 -66 -2531 -7428 -3846 -4478 0 0 0 0 1 106 22 16 
-186 -773 -2516 -7370 -2137 -3022 0 0 0 0 1 123 52 45 
-888 -728 -2459 -5833 -464 -2155 0 0 0 0 1 128 69 59 
-1072 -278 -2046 -2851 1483 -1082 0 0 0 0 1 135 69 52 
-966 -164 -1132 -813 2485 -111 0 0 0 0 1 126 87 61 
-959 -255 -44 -332 2409 445 0 0 0 0 1 128 84 43 
-1100 -317 327 -403 1584 908 0 0 0 0 1 127 73 39 
-1192 -407 -196 -475 1070 923 0 0 0 0 1 122 90 44 
-1272 -392 -721 -314 940 522 0 0 0 0 1 110 83 53 
-1450 -348 -1252 -122 879 98 0 0 0 0 1 102 87 45 
-1522 -218 -1405 44 475 -529 0 0 0 0 1 97 82 40 
-1406 -38 -1685 17 216 -836 0 0 0 0 1 96 93 34 
-1262 -4 -1856 -206 138 -1052 0 0 0 0 1 108 83 37 
-1056 15 -2041 -415 288 -1043 0 0 0 0 1 101 85 34 
-904 -8 -2061 -769 749 -901 0 0 0 0 1 93 72 43 
-665 39 -1908 -1098 1218 -736 0 0 0 0 1 109 82 43 
-612 2 -1904 -1232 1401 -652 0 0 0 0 1 87 83 44 
-573 -79 -1957 -1254 1520 -642 0 0 0 0 1 92 80 32 
-1143 -29 -1917 -1208 1513 -835 0 0 0 0 1 81 89 26 
-1459 76 -1827 -1123 1134 -1259 0 0 0 0 1 76 94 43 
-1514 87 -1862 -1045 637 -1488 0 0 0 0 1 82 83 32 
-1428 40 -1765 -968 -74 -1708 0 0 0 0 1 84 88 37 
-1537 61 -1721 -963 -450 -1938 0 0 0 0 1 84 85 27 
-1654 177 -1458 -1021 -466 -2099 0 0 0 0 1 79 87 43 
-3259 701 274 -2472 -803 -2009 0 0 0 0 1 119 87 75 
-3275 789 565 -2822 -1639 -1902 0 0 0 0 1 142 91 82 
-3145 870 387 -2930 -2486 -1754 0 0 0 0 1 139 93 79 
-3291 934 423 -2998 -3250 -1701 0 0 0 0 1 141 105 97 
-3480 904 779 -3081 -3119 -1791 0 0 0 0 1 154 111 112 
-3467 715 970 -3241 -2297 -1925 0 0 0 0 1 161 114 112 
-3362 268 1328 -3366 -1601 -1943 0 0 0 0 1 166 104 126 
-3465 -132 2032 -3653 -843 -1860 0 0 0 0 1 166 109 136 
-3457 -113 2205 -3854 -1006 -1655 0 0 0 0 1 175 118 140 
-3307 40 2041 -3645 -1940 -1244 0 0 0 0 1 185 111 159 
-3155 -23 2204 -3461 -2015 -1011 0 0 0 0 1 197 131 178 
-3049 -289 2160 -3097 -1579 -633 0 0 0 0 1 186 125 186 
-2961 -627 2104 -2732 -657 -247 0 0 0 0 1 191 122 197 
-2732 -1060 2072 -2519 72 45 0 0 0 0 1 193 130 197 
-2732 -1240 2114 -2291 1080 434 0 0 0 0 1 189 136 192 
-2814 -1343 2194 -2200 1534 625 0 0 0 0 1 189 133 196 
-2904 -1321 2239 -2119 1740 764 0 0 0 0 1 200 139 190 
-2946 -1072 2343 -2090 1572 788 0 0 0 0 1 180 145 189 
-2982 -972 2197 -1979 1028 730 0 0 0 0 1 184 161 190 
-2792 -794 1955 -1794 721 635 0 0 0 0 1 178 160 208 
-2522 -649 1652 -1638 780 577 0 0 0 0 1 167 169 202 
-2314 -692 1500 -1424 1216 507 0 0 0 0 1 168 170 203 
-2173 -706 1475 -1350 1574 425 0 0 0 0 1 171 170 187 
-2199 -730 1548 -1358 1822 200 0 0 0 0 1 174 166 195 
-2199 -870 1699 -1472 1673 -72 0 0 0 0 1 175 187 192 
-2135 -849 2179 -1661 1539 -200 0 0 0 0 1 161 177 201 
-1876 -751 2508 -1988 1021 -102 0 0 0 0 1 168 185 194 
-1558 -1026 2486 -2050 630 122 0 0 0 0 1 165 181 186 
-1761 -1110 2646 -1872 433 364 0 0 0 0 1 166 185 199 
-2637 -1761 2442 -1105 368 434 0 0 0 0 1 169 196 202 
-2791 -2071 2565 -345 567 515 0 0 0 0 1 171 190 201 
-3003 -2960 3775 1173 658 1296 0 0 0 0 1 166 192 208 
-2420 -3812 4322 2726 -378 2531 0 0 0 0 1 155 186 202 
-2693 -4095 5323 6666 -4271 4660 0 0 0 0 1 158 210 179 
-3421 -4101 3040 10574 -5667 5468 0 0 0 0 1 145 195 171 
-4221 -3826 554 16380 -3750 5800 0 0 0 0 1 146 201 132 
-3296 -3777 -2046 20556 -2724 7228 0 0 0 0 1 130 165 119 
-2133 -4705 -4947 21636 -2708 8764 0 0 0 0 1 114 155 73 
-2940 -6048 -6184 20729 -4442 10228 0 0 0 0 1 113 130 46 
-3343 -9128 -9463 17409 -3262 9162 0 0 0 0 1 113 63 25 
-1360 -9105 -9005 13379 -795 7471 0 0 0 0 1 112 33 19 
126 -7675 -8774 6727 1062 3478 0 0 0 0 1 112 13 15 
-882 -5539 -7535 2615 491 -257 0 0 0 0 1 114 3 8 
-1746 -3405 -6805 -2619 -2247 -4900 0 0 0 0 1 114 1 8 
-1052 -819 -5606 -6621 -4435 -5739 0 0 0 0 1 138 -8 33 
-661 218 -4831 -8013 -4376 -4663 0 0 0 0 1 138 3 36 
-384 -214 -3718 -7986 -1493 -2394 0 0 0 0 1 154 18 54 
-586 -1433 -1696 -6797 596 -1231 0 0 0 0 1 160 36 62 
-948 -1304 -1036 -3987 2370 -396 0 0 0 0 1 155 61 58 
-897 -1115 -322 -2134 2822 -107 0 0 0 0 1 146 68 65 
-884 -905 212 -193 2388 204 0 0 0 0 1 138 65 57 
-983 -711 599 468 1766 318 0 0 0 0 1 141 73 53 
-1037 -664 361 831 888 285 0 0 0 0 1 136 63 46 
-1071 -672 -335 840 631 136 0 0 0 0 1 121 60 47 
-1044 -645 -812 687 652 -191 0 0 0 0 1 121 50 52 
-873 -522 -1398 546 746 -373 0 0 0 0 1 133 62 43 
-777 -477 -1671 322 988 -514 0 0 0 0 1 126 57 45 
-613 -378 -2054 189 1262 -518 0 0 0 0 1 123 47 31 
-589 -370 -2264 62 1830 -435 0 0 0 0 1 128 45 36 
-818 -321 -2326 -21 2360 -398 0 0 0 0 1 120 51 37 
-987 -336 -2238 -68 2542 -443 0 0 0 0 1 116 38 22 
-1061 -343 -2101 -157 2561 -573 0 0 0 0 1 95 40 29 
-954 -298 -1803 -261 2491 -673 0 0 0 0 1 90 50 22 
-934 -283 -1773 -395 2172 -855 0 0 0 0 1 95 40 19 
-907 -311 -1841 -447 1871 -991 0 0 0 0 1 74 50 26 
-1273 -328 -1969 -462 1504 -1274 0 0 0 0 1 66 39 4 
-1429 -315 -1978 -461 1312 -1544 0 0 0 0 1 63 39 4 
-1413 -313 -1923 -470 1199 -1628 0 0 0 0 1 55 35 10 
-1293 -136 -1719 -490 1147 -1589 0 0 0 0 1 61 34 13 
-1209 28 -1615 -511 982 -1418 0 0 0 0 1 50 50 3 
-1147 295 -1521 -495 823 -1268 0 0 0 0 1 48 38 15 
-1104 378 -1552 -381 573 -1017 0 0 0 0 1 50 35 1 
-1333 406 -1628 -167 443 -873 0 0 0 0 1 46 35 3 
-1771 401 -1543 -21 503 -887 0 0 0 0 1 42 29 0 
-2002 386 -1496 174 707 -1001 0 0 0 0 1 40 31 2 
-2153 427 -1372 303 727 -1118 0 0 0 0 1 50 28 -1 
-2129 638 -1170 330 452 -1105 0 0 0 0 1 42 29 4 
-1930 687 -1175 362 -235 -868 0 0 0 0 1 28 26 -4 
-1716 903 -1095 386 -541 -663 0 0 0 0 1 35 22 2 
-1943 1012 -1228 509 -623 -498 0 0 0 0 1 71 -13 31 
-3204 799 -165 -345 -2983 -798 0 0 0 0 1 90 -20 26 
-3088 677 -81 -574 -3184 -941 0 0 0 0 1 97 -23 38 
-3026 672 -66 -885 -3472 -1121 0 0 0 0 1 112 -28 45 
-2848 643 -93 -1123 -3663 -1163 0 0 0 0 1 109 -23 36 
-2667 573 -210 -1228 -3695 -1112 0 0 0 0 1 135 -18 54 
-2593 535 -172 -1370 -3422 -992 0 0 0 0 1 136 -19 65 
-2441 457 9 -1461 -3066 -876 0 0 0 0 1 146 -9 72 
-2316 381 90 -1588 -2430 -685 0 0 0 0 1 142 -8 75 
-2116 17 678 -1800 165 -1839 0 0 0 0 1 175 -1 91 
-2522 54 1460 -2299 521 -2087 0 0 0 0 1 167 12 100 
-2344 -100 1388 -2517 583 -2080 0 0 0 0 1 165 0 93 
-2168 -263 1091 -2590 353 -1854 0 0 0 0 1 165 7 102 
-2078 -279 627 -2482 107 -1680 0 0 0 0 1 167 0 88 
-2014 -263 377 -2158 -263 -1477 0 0 0 0 1 168 11 98 
-1955 -329 35 -1864 -437 -1415 0 0 0 0 1 165 4 97 
-1967 -437 -84 -1404 -463 -1454 0 0 0 0 1 169 0 95 
-1988 -552 -259 -958 -235 -1620 0 0 0 0 1 171 3 89 
-1910 -645 -437 -674 -38 -1751 0 0 0 0 1 159 -8 101 
