Data Quantity : 14  Accelerometer : 3  Gyroscope : 3  FSR : 5







-1600 1319 -81 139 -307 -480 0 0 0 0 1 175 94 122 
-1556 1279 -183 108 -172 -375 0 0 0 0 1 179 100 125 
-1596 1268 -184 61 29 -289 0 0 0 0 1 178 94 129 
-1635 1301 -205 -6 318 -165 0 0 0 0 1 174 90 123 
-1659 1361 -238 -30 483 -91 0 0 0 0 1 168 94 124 
-1684 1407 -239 -23 661 -89 0 0 0 0 1 165 90 118 
-1759 1306 -138 -8 621 -107 0 0 0 0 1 172 93 107 
-1699 1242 -53 1 256 -105 0 0 0 0 1 176 93 114 
-1707 1293 -124 13 -86 -108 0 0 0 0 1 173 101 124 
-1701 1339 -99 12 -439 -111 0 0 0 0 1 173 96 119 
-1717 1301 15 -79 -466 -101 0 0 0 0 1 169 83 121 
-1678 1201 54 -153 -390 -66 0 0 0 0 1 182 91 117 
-1697 1177 28 -253 -218 51 0 0 0 0 1 179 93 121 
-1544 1118 96 -353 -39 186 0 0 0 0 1 186 103 123 
-1614 1119 47 -451 -50 307 0 0 0 0 1 174 105 128 
-1588 1288 -82 -443 -168 348 0 0 0 0 1 174 93 116 
-1657 1279 -120 -378 -241 306 0 0 0 0 1 173 109 124 
-1628 1297 -137 -222 -240 180 0 0 0 0 1 175 91 126 
-1571 1346 -185 -97 -178 77 0 0 0 0 1 176 95 116 
-1587 1338 -198 90 -73 -103 0 0 0 0 1 180 101 126 
-1566 1324 -185 182 -12 -220 0 0 0 0 1 188 98 121 
-1548 1290 -198 292 83 -343 0 0 0 0 1 174 93 121 
-1516 1247 -212 354 137 -394 0 0 0 0 1 175 101 117 
-1498 1240 -179 414 218 -436 0 0 0 0 1 179 88 125 
-1468 1239 -181 452 298 -416 0 0 0 0 1 176 83 123 
-1431 1213 -249 467 364 -364 0 0 0 0 1 181 83 121 
-1424 1172 -285 472 480 -283 0 0 0 0 1 174 85 121 
-1421 1166 -350 473 548 -249 0 0 0 0 1 174 88 121 
-1419 1158 -395 442 653 -256 0 0 0 0 1 176 88 118 
-1431 1088 -387 374 768 -304 0 0 0 0 1 178 91 112 
-1436 1089 -377 211 888 -415 0 0 0 0 1 175 87 112 
-1475 1070 -339 57 869 -505 0 0 0 0 1 162 63 102 
-1450 1037 -299 -240 732 -627 0 0 0 0 1 172 85 109 
-1482 1042 -341 -566 616 -750 0 0 0 0 1 166 79 96 
-1531 1079 -348 -798 629 -821 0 0 0 0 1 174 80 97 
-1548 1048 -402 -1114 720 -916 0 0 0 0 1 172 68 104 
-1664 1091 -534 -1390 897 -1048 0 0 0 0 1 171 77 96 
-1689 1139 -529 -1570 1088 -1162 0 0 0 0 1 165 85 100 
-1716 1172 -588 -1799 1375 -1325 0 0 0 0 1 161 72 101 
-1829 1222 -630 -1934 1617 -1430 0 0 0 0 1 152 72 89 
-1892 1248 -632 -2136 2037 -1568 0 0 0 0 1 155 88 86 
-1980 1085 -562 -2402 2483 -1661 0 0 0 0 1 156 82 94 
-2102 1398 -338 -2625 2611 -1785 0 0 0 0 1 147 84 89 
-2143 1449 -195 -2987 2601 -1989 0 0 0 0 1 141 78 83 
-2209 1352 125 -3279 2620 -2123 0 0 0 0 1 139 93 81 
-2308 1440 353 -3765 2735 -2356 0 0 0 0 1 133 91 80 
-2485 1409 615 -4175 2800 -2539 0 0 0 0 1 127 110 74 
-2646 1332 864 -4379 2836 -2641 0 0 0 0 1 134 105 60 
-2761 1386 1171 -4581 2728 -2779 0 0 0 0 1 128 109 73 
-2982 1377 1347 -4584 2434 -2870 0 0 0 0 1 114 118 66 
-3193 1432 1723 -4494 1860 -3000 0 0 0 0 1 121 118 71 
-3337 1133 2339 -4328 1494 -2981 0 0 0 0 1 122 132 76 
-3336 1049 2947 -3884 1200 -2700 0 0 0 0 1 126 143 82 
-3006 846 3573 -3312 1013 -2262 0 0 0 0 1 120 144 88 
-3107 922 4164 -2096 1112 -1504 0 0 0 0 1 127 142 90 
-3294 678 4783 -833 1635 -744 0 0 0 0 1 119 138 96 
-3682 235 5463 -3 1978 -195 0 0 0 0 1 127 159 93 
-4078 358 6917 974 1191 943 0 0 0 0 1 122 137 88 
-4179 1141 7760 1989 -1802 2130 0 0 0 0 1 121 141 82 
-4535 1082 6938 4880 -6549 3840 0 0 0 0 1 127 137 86 
-4878 828 5204 8401 -6446 5020 0 0 0 0 1 135 133 89 
-4829 240 2404 10777 -6010 6320 0 0 0 0 1 139 132 90 
-5187 -188 -194 14834 -3932 9143 0 0 0 0 1 147 116 77 
-6338 -1463 -5494 18287 -14 11335 0 0 0 0 1 142 104 66 
-8189 -1462 -9569 22313 11258 14788 0 0 0 0 1 115 71 25 
-9248 -3651 -8695 18829 18279 17588 0 0 0 0 1 55 40 3 
-7690 -8201 -1391 12198 13665 16361 0 0 0 0 1 -60 -52 -40 
-3868 -12619 5787 1103 4456 9677 0 0 0 0 1 -63 -58 -48 
4583 -13785 3188 -3170 -1664 2119 0 0 0 0 1 -68 -39 -46 
5047 -10394 -3470 -1912 -3519 -5466 0 0 0 0 1 -55 -38 -45 
-48 -7261 -4180 -1987 -4301 -9515 0 0 0 0 1 -34 -25 -45 
-3583 -4603 327 -6447 -6466 -11609 0 0 0 0 1 1 -18 -31 
-4466 -2513 -281 -9956 -8010 -9672 0 0 0 0 1 35 9 -25 
-3586 -763 -3551 -8350 -6036 -6293 0 0 0 0 1 53 30 -10 
-2267 -83 -2128 -5943 -2528 -4092 0 0 0 0 1 73 39 6 
-1588 311 -1735 -2074 1486 -1214 0 0 0 0 1 75 46 20 
-1584 -6 -415 100 3551 899 0 0 0 0 1 56 58 6 
-2099 -433 705 633 3795 1560 0 0 0 0 1 53 74 5 
-2295 -305 777 844 2633 1449 0 0 0 0 1 40 63 2 
-2058 -238 211 883 1583 1000 0 0 0 0 1 42 61 -4 
-1699 -308 -562 866 558 342 0 0 0 0 1 23 66 2 
-1407 -387 -1640 758 201 -18 0 0 0 0 1 23 53 -6 
-1404 -448 -2117 338 -25 -541 0 0 0 0 1 34 47 -5 
-1292 -423 -2225 -369 230 -1056 0 0 0 0 1 21 56 -9 
-1168 -224 -2330 -832 329 -1405 0 0 0 0 1 29 52 -5 
-1012 -100 -2370 -1361 307 -1853 0 0 0 0 1 23 46 -9 
-913 -12 -2468 -1639 133 -2279 0 0 0 0 1 35 63 -4 
-1040 136 -2529 -1717 -32 -2593 0 0 0 0 1 23 56 -4 
-1183 222 -2465 -1796 -327 -3025 0 0 0 0 1 28 71 -2 
-1300 273 -2400 -1835 -545 -3212 0 0 0 0 1 35 53 -4 
-1365 475 -2139 -1911 -815 -3314 0 0 0 0 1 43 62 8 
-1400 591 -1972 -2028 -1185 -3261 0 0 0 0 1 46 69 5 
-1315 780 -1736 -2126 -1287 -3175 0 0 0 0 1 58 73 9 
-1299 896 -1661 -2244 -1105 -3050 0 0 0 0 1 57 72 15 
-1521 1058 -1567 -2280 -713 -3005 0 0 0 0 1 70 76 18 
-1677 1053 -1455 -2270 -492 -3022 0 0 0 0 1 80 66 27 
-1921 1080 -1273 -2304 -422 -3141 0 0 0 0 1 75 93 37 
-2205 1188 -947 -2448 -634 -3281 0 0 0 0 1 81 77 33 
-3084 979 829 -2647 579 -1675 0 0 0 0 1 115 105 74 
-3280 797 968 -2524 1121 -1492 0 0 0 0 1 117 117 69 
-3567 635 1388 -2562 1357 -1401 0 0 0 0 1 119 118 80 
-3741 535 1526 -2619 1236 -1354 0 0 0 0 1 122 117 88 
-3804 435 1579 -2729 1125 -1281 0 0 0 0 1 125 122 79 
-3738 226 1700 -2840 1389 -1196 0 0 0 0 1 125 132 79 
-3838 50 1798 -2910 1571 -1196 0 0 0 0 1 104 128 94 
-3971 -157 2076 -3033 1596 -1315 0 0 0 0 1 119 136 82 
-3962 -251 2151 -3098 1196 -1507 0 0 0 0 1 109 150 89 
-3889 -439 2227 -3093 862 -1645 0 0 0 0 1 115 139 90 
-3732 -434 2281 -2999 408 -1786 0 0 0 0 1 113 144 90 
-3351 -381 2082 -2832 104 -1810 0 0 0 0 1 129 157 109 
-3086 -333 1873 -2461 -169 -1770 0 0 0 0 1 115 159 109 
-2764 -350 1530 -1997 5 -1654 0 0 0 0 1 130 158 122 
-2405 -634 1306 -1668 498 -1513 0 0 0 0 1 132 164 114 
-2202 -701 1847 -1409 1568 -1134 0 0 0 0 1 140 160 115 
-1807 -711 2703 -1199 1744 -402 0 0 0 0 1 129 176 111 
-2163 -998 2863 -831 1233 124 0 0 0 0 1 130 165 108 
-2772 -1324 3303 47 507 713 0 0 0 0 1 136 164 107 
-3529 -1934 3866 903 200 990 0 0 0 0 1 130 155 101 
-3861 -2198 4043 2617 -118 1299 0 0 0 0 1 114 175 115 
-4014 -2158 4905 3918 -728 1641 0 0 0 0 1 120 164 111 
-3940 -2200 4681 6362 -2707 2603 0 0 0 0 1 126 155 96 
-4169 -1893 4859 8861 -4712 3834 0 0 0 0 1 132 147 93 
-3893 -1451 4365 10579 -6639 5026 0 0 0 0 1 136 132 76 
-4205 -1995 2341 13815 -9121 7157 0 0 0 0 1 156 106 89 
-4704 -4153 -924 16122 -7802 8589 0 0 0 0 1 172 80 81 
-5650 -5436 -3630 18851 -1180 10593 0 0 0 0 1 151 68 67 
-6653 -6884 -7460 19851 3412 13027 0 0 0 0 1 141 66 41 
-6410 -7657 -8522 19537 5661 14446 0 0 0 0 1 122 36 23 
-2842 -9827 -7597 15229 9998 14335 0 0 0 0 1 102 11 5 
-1509 -10748 -4130 10345 9518 11225 0 0 0 0 1 67 -8 -17 
715 -11107 -2597 4035 3351 3383 0 0 0 0 1 42 -41 -27 
3741 -8934 -2439 502 -809 -1506 0 0 0 0 1 36 -50 -36 
1663 -5855 -2972 -4774 -5479 -6317 0 0 0 0 1 44 -39 -16 
-253 -4142 -2373 -9268 -5834 -7728 0 0 0 0 1 66 -22 -4 
-1223 -2375 -3016 -9465 -3661 -6982 0 0 0 0 1 92 -2 2 
-1590 -1605 -2734 -7468 -1992 -6071 0 0 0 0 1 100 11 10 
-1429 -681 -1719 -3654 1836 -4416 0 0 0 0 1 114 18 10 
-1213 265 -905 -906 3431 -2256 0 0 0 0 1 89 26 13 
-1459 370 -334 -103 2804 -801 0 0 0 0 1 87 26 2 
-2022 336 -20 141 1626 486 0 0 0 0 1 81 6 3 
-2339 251 -700 179 968 797 0 0 0 0 1 73 22 4 
-2124 144 -1175 244 559 818 0 0 0 0 1 69 23 1 
-1850 -62 -1752 238 344 641 0 0 0 0 1 67 15 -1 
-1727 -80 -1902 -37 -293 202 0 0 0 0 1 74 18 1 
-1679 -136 -1851 -590 -970 -289 0 0 0 0 1 67 20 5 
-1671 -222 -2205 -917 -1022 -552 0 0 0 0 1 81 20 5 
-1665 -305 -2292 -1254 -659 -865 0 0 0 0 1 70 29 11 
-1700 -31 -2298 -1446 -731 -1146 0 0 0 0 1 81 30 5 
-1696 78 -2244 -1585 -993 -1312 0 0 0 0 1 83 33 12 
-1662 176 -2059 -1857 -1361 -1529 0 0 0 0 1 95 28 17 
-1970 263 -1868 -2126 -1590 -1677 0 0 0 0 1 99 31 16 
-2260 444 -1587 -2698 -1987 -1851 0 0 0 0 1 99 41 23 
-2310 546 -1338 -3116 -2290 -1815 0 0 0 0 1 115 39 34 
-2261 634 -1217 -3659 -2717 -1555 0 0 0 0 1 112 47 33 
-2199 723 -1115 -4038 -2927 -1175 0 0 0 0 1 138 67 50 
-1907 814 -1081 -4145 -2901 -886 0 0 0 0 1 139 66 53 
-1808 837 -1088 -4044 -2604 -561 0 0 0 0 1 147 77 66 
-1826 908 -891 -3771 -1950 -482 0 0 0 0 1 148 95 76 
-1881 931 -512 -3576 -1414 -546 0 0 0 0 1 149 96 94 
-1883 994 -225 -3343 -823 -768 0 0 0 0 1 147 106 98 
-2047 867 168 -3262 -726 -970 0 0 0 0 1 154 109 105 
-2083 823 483 -3308 -873 -1285 0 0 0 0 1 179 117 114 
-2014 789 789 -3391 -985 -1478 0 0 0 0 1 167 100 114 
-1942 841 857 -3495 -1017 -1691 0 0 0 0 1 180 121 124 
-1661 1065 911 -3512 -1102 -1795 0 0 0 0 1 176 117 139 
-1708 811 778 -3446 -1070 -1861 0 0 0 0 1 176 115 139 
-1751 687 934 -3362 -497 -2061 0 0 0 0 1 188 112 158 
-2119 433 1258 -3336 438 -2413 0 0 0 0 1 193 117 160 
-2276 279 1630 -3351 990 -2627 0 0 0 0 1 192 121 159 
-2248 360 2041 -3484 1233 -2716 0 0 0 0 1 197 109 164 
-1987 510 2307 -3564 856 -2557 0 0 0 0 1 204 121 164 
-1971 616 2179 -3521 -109 -2183 0 0 0 0 1 200 112 162 
-2194 622 1947 -3305 -464 -1841 0 0 0 0 1 213 106 161 
-2466 229 1916 -3138 -66 -1638 0 0 0 0 1 207 115 176 
-2813 -409 1907 -2914 1301 -1392 0 0 0 0 1 207 112 183 
-2904 -626 2126 -2840 3132 -1097 0 0 0 0 1 200 107 181 
-2971 -780 2571 -2899 3975 -825 0 0 0 0 1 209 120 165 
-3081 -823 2760 -3038 4016 -354 0 0 0 0 1 205 112 179 
-3414 -711 3143 -3165 3009 20 0 0 0 0 1 191 132 155 
-3568 -520 3196 -3093 2102 261 0 0 0 0 1 182 111 159 
-3507 -499 2943 -2634 1157 659 0 0 0 0 1 174 149 155 
-3343 -498 2794 -2199 1104 917 0 0 0 0 1 173 138 150 
-3199 -443 2641 -1442 1685 1278 0 0 0 0 1 185 126 145 
-2860 -463 2609 -975 2289 1569 0 0 0 0 1 172 149 153 
-2654 -434 2822 -502 3023 2070 0 0 0 0 1 149 150 154 
-2701 -434 3030 -300 3140 2359 0 0 0 0 1 151 166 142 
-2889 -584 3588 -174 2989 2678 0 0 0 0 1 136 179 137 
-3266 -718 4012 -51 2639 2856 0 0 0 0 1 128 192 126 
-3546 -836 4458 287 2014 3014 0 0 0 0 1 115 183 109 
-3808 -821 5231 796 1190 3262 0 0 0 0 1 104 202 115 
-4117 -916 5647 2378 -995 4012 0 0 0 0 1 96 193 104 
-4016 -804 5727 4304 -3100 4921 0 0 0 0 1 102 212 94 
-4057 -1068 5048 8354 -4997 6560 0 0 0 0 1 99 196 95 
-3274 -1595 3467 12715 -5330 8566 0 0 0 0 1 87 183 86 
-2891 -2197 1741 15462 -5325 10297 0 0 0 0 1 82 144 48 
-2781 -3934 -1127 19180 -3541 13376 0 0 0 0 1 84 122 23 
-3810 -6930 -5276 20918 -56 15319 0 0 0 0 1 60 91 -1 
-4989 -9677 -8540 21051 4529 17014 0 0 0 0 1 47 34 -18 
-3639 -11473 -7388 14708 7634 14700 0 0 0 0 1 15 -18 -26 
-363 -13682 -4257 8667 6559 9679 0 0 0 0 1 -10 -50 -33 
1478 -10525 -4589 1502 -1602 -842 0 0 0 0 1 -11 -83 -39 
1400 -8231 -6141 -5198 -7329 -8086 0 0 0 0 1 2 -68 -27 
-214 -4901 -6117 -11451 -7208 -8729 0 0 0 0 1 17 -60 -31 
-1598 -3112 -4997 -12778 -4719 -7396 0 0 0 0 1 46 -23 -15 
-1883 -2706 -4646 -9869 -953 -5546 0 0 0 0 1 53 11 -5 
-1995 -1280 -67 -5600 2512 -4194 0 0 0 0 1 67 42 3 
-1528 -599 1117 -3405 3052 -3066 0 0 0 0 1 53 45 -10 
-1384 -235 2226 -1747 1770 -1249 0 0 0 0 1 27 74 3 
-1611 -77 2175 -874 380 -181 0 0 0 0 1 37 63 4 
-1874 119 558 -275 111 20 0 0 0 0 1 47 68 0 
-1654 129 -368 439 375 54 0 0 0 0 1 46 57 3 
-1338 66 -1241 661 449 42 0 0 0 0 1 34 65 3 
-1199 -67 -1511 582 217 -20 0 0 0 0 1 38 60 1 
-1104 -194 -1939 363 -38 -121 0 0 0 0 1 24 62 -5 
-1069 -302 -2168 -47 -251 -375 0 0 0 0 1 44 56 4 
-1090 -474 -2375 -308 -333 -612 0 0 0 0 1 42 53 13 
-1157 -456 -2500 -584 -504 -1048 0 0 0 0 1 40 58 0 
-1142 -419 -2541 -754 -662 -1457 0 0 0 0 1 55 55 5 
-871 -395 -2493 -865 -639 -1641 0 0 0 0 1 42 58 -16 
-704 -350 -2293 -1087 -607 -1822 0 0 0 0 1 49 58 0 
-719 -324 -2106 -1418 -866 -1976 0 0 0 0 1 51 61 2 
-1134 -103 -1818 -1669 -1287 -2092 0 0 0 0 1 51 56 6 
-1354 -21 -1816 -1989 -2162 -2206 0 0 0 0 1 68 58 13 
-1466 73 -1894 -2189 -2750 -2209 0 0 0 0 1 79 74 15 
-1506 328 -1955 -2254 -2838 -2190 0 0 0 0 1 92 63 30 
-1545 459 -1865 -2318 -2556 -2198 0 0 0 0 1 106 76 32 
-1533 751 -1628 -2380 -1986 -2210 0 0 0 0 1 108 71 44 
-1631 857 -1390 -2412 -1584 -2210 0 0 0 0 1 119 82 36 
-1876 910 -1114 -2558 -1299 -2164 0 0 0 0 1 128 65 54 
-2131 990 -408 -2768 -1550 -2056 0 0 0 0 1 130 77 66 
-2534 1165 -72 -3106 -2582 -1873 0 0 0 0 1 127 85 67 
-2896 1208 112 -3394 -3219 -1857 0 0 0 0 1 146 88 79 
-3074 1412 395 -3551 -3077 -1921 0 0 0 0 1 154 87 84 
-2967 1463 472 -3672 -2353 -1919 0 0 0 0 1 162 90 97 
-2731 1366 761 -3714 -1737 -1806 0 0 0 0 1 171 96 110 
-2610 1330 1013 -3730 -909 -1466 0 0 0 0 1 179 100 121 
-2420 1260 1152 -3630 -516 -1147 0 0 0 0 1 186 112 125 
-2447 1068 1137 -3264 -11 -682 0 0 0 0 1 171 116 138 
-2680 926 1338 -2804 760 -427 0 0 0 0 1 175 121 131 
-2921 828 1540 -2497 1395 -368 0 0 0 0 1 189 121 129 
-3005 756 1717 -2133 2306 -370 0 0 0 0 1 167 125 132 
-3108 778 2046 -1987 2763 -410 0 0 0 0 1 162 117 128 
-3196 647 2127 -1992 2713 -420 0 0 0 0 1 162 127 128 
-3330 514 2348 -2196 2412 -492 0 0 0 0 1 160 127 125 
-3469 335 2354 -2370 2186 -576 0 0 0 0 1 153 130 128 
-3525 262 2291 -2574 1959 -709 0 0 0 0 1 140 138 119 
-3616 15 2183 -2683 1908 -847 0 0 0 0 1 147 126 117 
-3643 -22 2023 -2669 1974 -936 0 0 0 0 1 145 143 126 
-3533 -63 1944 -2573 2119 -989 0 0 0 0 1 132 152 111 
-3422 -130 1859 -2471 2138 -986 0 0 0 0 1 138 155 115 
-3421 -86 1947 -2327 1818 -893 0 0 0 0 1 132 157 118 
-2972 -35 1871 -2125 1142 -577 0 0 0 0 1 136 159 114 
-2835 6 1813 -1954 905 -317 0 0 0 0 1 139 161 128 
-2753 -11 1786 -1690 1097 33 0 0 0 0 1 129 152 128 
-2630 -154 1698 -1525 1513 247 0 0 0 0 1 134 157 130 
-2490 -431 1948 -1484 2555 617 0 0 0 0 1 130 180 122 
-2420 -897 2583 -1583 3350 851 0 0 0 0 1 113 186 125 
-2711 -1109 2845 -1685 4133 960 0 0 0 0 1 97 175 110 
-3513 -1208 3718 -1711 3989 963 0 0 0 0 1 100 190 103 
-3916 -1186 4751 -1467 3104 1247 0 0 0 0 1 88 199 108 
-3990 -981 4833 -68 952 2307 0 0 0 0 1 80 198 97 
-4667 -1051 4368 1659 -205 3151 0 0 0 0 1 80 198 104 
-5141 -1082 4633 4724 -788 4503 0 0 0 0 1 67 212 94 
-4988 -1315 5142 7718 -2247 6497 0 0 0 0 1 56 193 72 
-4960 -1201 5692 9378 -4205 8053 0 0 0 0 1 41 175 61 
-4609 -1532 5076 11979 -7199 10679 0 0 0 0 1 42 169 51 
-3927 -2842 1394 14305 -7600 12477 0 0 0 0 1 63 139 27 
-3855 -4308 -1626 17894 -3878 14901 0 0 0 0 1 44 107 4 
-4572 -7321 -5992 19865 812 16469 0 0 0 0 1 33 68 -6 
-5349 -10805 -7978 18595 2745 15974 0 0 0 0 1 27 15 -10 
-3790 -13275 -4713 11038 3932 12225 0 0 0 0 1 2 -44 -25 
919 -14702 -5328 4006 -176 4859 0 0 0 0 1 -14 -73 -41 
2701 -11340 -7512 1183 -3944 -370 0 0 0 0 1 9 -85 -37 
3587 -8472 -8618 -3114 -5803 -5126 0 0 0 0 1 30 -76 -13 
1949 -5680 -6603 -7869 -4662 -6058 0 0 0 0 1 48 15 -1 
-1310 251 -2098 -39 -1962 -751 0 0 0 0 1 42 9 -4 
-1511 0 -2284 -390 -2260 -773 0 0 0 0 1 47 14 0 
-1617 -28 -2386 -1091 -2383 -873 0 0 0 0 1 69 8 -8 
-1800 -121 -2529 -1678 -2076 -1040 0 0 0 0 1 70 19 9 
-1783 -109 -2524 -1948 -1939 -1150 0 0 0 0 1 73 14 0 
-1626 -4 -2279 -2230 -1888 -1252 0 0 0 0 1 95 13 19 
-1447 83 -2053 -2438 -1996 -1207 0 0 0 0 1 104 25 19 
-1351 188 -1734 -2551 -2137 -1160 0 0 0 0 1 104 33 19 
-1499 302 -1533 -2694 -2606 -1155 0 0 0 0 1 103 41 23 
-1847 309 -1318 -2800 -3083 -1209 0 0 0 0 1 106 46 37 
-2274 458 -1089 -3027 -3603 -1374 0 0 0 0 1 126 52 50 
-2469 613 -966 -3294 -3853 -1456 0 0 0 0 1 138 55 59 
-2466 640 -638 -3467 -3938 -1387 0 0 0 0 1 158 63 69 
-2483 705 -425 -3663 -3980 -1182 0 0 0 0 1 168 77 98 
-2092 966 -266 -3690 -3743 -891 0 0 0 0 1 175 74 108 
-1833 1089 -147 -3608 -3542 -717 0 0 0 0 1 184 83 118 
-1836 1088 -159 -3365 -3290 -569 0 0 0 0 1 187 89 136 
-1975 882 75 -3115 -2782 -577 0 0 0 0 1 202 85 146 
-2068 763 331 -3002 -2223 -656 0 0 0 0 1 201 84 152 
-2090 745 567 -2920 -1325 -784 0 0 0 0 1 204 89 175 
-1930 656 759 -2876 -805 -801 0 0 0 0 1 215 106 173 
-1787 568 876 -2764 -70 -731 0 0 0 0 1 208 94 180 
-1813 679 1023 -2658 310 -700 0 0 0 0 1 207 98 188 
-1768 787 1079 -2453 529 -626 0 0 0 0 1 202 100 181 
-1814 742 1087 -2284 428 -590 0 0 0 0 1 215 101 189 
-1956 727 1128 -2049 282 -622 0 0 0 0 1 211 106 180 
-2101 664 1337 -1953 384 -676 0 0 0 0 1 207 107 190 
-2144 518 1469 -1910 815 -719 0 0 0 0 1 209 107 190 
-2283 268 1716 -1968 1300 -733 0 0 0 0 1 208 106 185 
-2345 437 2182 -2219 2038 -716 0 0 0 0 1 212 100 193 
-2361 439 2179 -2405 2123 -576 0 0 0 0 1 204 104 182 
-2393 575 2056 -2427 1949 -455 0 0 0 0 1 205 105 188 
-2447 711 2167 -2416 1781 -287 0 0 0 0 1 206 114 180 
-2523 599 2144 -2364 1799 -194 0 0 0 0 1 204 121 173 
-2657 446 2162 -2285 2189 -136 0 0 0 0 1 191 107 169 
-2732 182 2300 -2263 2696 -128 0 0 0 0 1 191 130 169 
-2779 68 2382 -2294 3466 -130 0 0 0 0 1 191 130 169 
-3044 -110 2682 -2481 3703 -125 0 0 0 0 1 176 127 144 
-2943 -148 3019 -2630 3333 -2 0 0 0 0 1 167 127 149 
-2891 -233 2898 -2653 2401 311 0 0 0 0 1 162 137 149 
-2920 -270 2851 -2540 2005 492 0 0 0 0 1 166 136 150 
-2884 -271 2724 -2198 1977 719 0 0 0 0 1 166 138 143 
-2646 -410 2579 -1751 2476 942 0 0 0 0 1 149 160 140 
-2314 -601 2570 -1361 3335 1224 0 0 0 0 1 147 168 124 
-2052 -715 2723 -1177 3881 1411 0 0 0 0 1 130 163 124 
-2178 -803 2884 -1027 4260 1553 0 0 0 0 1 134 171 130 
-2830 -780 3378 -1007 4039 1503 0 0 0 0 1 120 176 121 
-3172 -463 3906 -961 2574 1419 0 0 0 0 1 100 177 124 
-3108 -127 3612 -361 408 1666 0 0 0 0 1 93 195 96 
-3099 -101 3574 292 -261 1948 0 0 0 0 1 97 185 112 
-2904 -483 3609 1320 980 2788 0 0 0 0 1 87 193 102 
-2646 -718 5065 1750 2450 3747 0 0 0 0 1 79 202 98 
-3039 -11 5686 2546 2344 5749 0 0 0 0 1 55 209 96 
-3441 1502 5557 3934 -320 7551 0 0 0 0 1 54 208 88 
-3637 1453 3598 8290 -5325 10459 0 0 0 0 1 27 197 68 
-3797 2032 2415 11544 -6494 12055 0 0 0 0 1 24 192 57 
-3356 -315 -279 15730 -5617 14747 0 0 0 0 1 17 163 40 
-3856 -4244 -2750 16402 54 16898 0 0 0 0 1 1 133 3 
-6405 -6711 -6721 14833 2778 16666 0 0 0 0 1 -41 40 -33 
-7543 -9222 -6088 9694 2427 12738 0 0 0 0 1 -60 6 -40 
-3271 -12099 -5390 4430 87 7994 0 0 0 0 1 -64 -11 -40 
3065 -11605 -8082 2863 -1659 4942 0 0 0 0 1 -60 -28 -54 
4553 -7341 -10501 2037 -2748 -33 0 0 0 0 1 -44 -39 -44 
-2050 -147 -994 -724 1061 -1226 0 0 0 0 1 -9 80 -11 
-1615 198 -1812 -471 402 -1113 0 0 0 0 1 -5 74 -5 
-1502 205 -2205 -346 145 -1130 0 0 0 0 1 -12 82 -5 
-1536 329 -2338 -310 -133 -1279 0 0 0 0 1 -9 83 -6 
-1356 363 -2479 -357 -260 -1411 0 0 0 0 1 -10 69 -5 
-1152 386 -2449 -506 -95 -1643 0 0 0 0 1 2 83 -9 
-922 485 -2283 -738 305 -1807 0 0 0 0 1 4 78 -4 
-584 584 -1985 -895 440 -1808 0 0 0 0 1 -1 72 -1 
-436 616 -1806 -1060 304 -1709 0 0 0 0 1 8 87 -1 
-626 669 -1687 -1080 -119 -1761 0 0 0 0 1 5 89 -12 
-1169 756 -1486 -1062 -437 -1950 0 0 0 0 1 -1 77 5 
-1469 805 -1399 -1045 -949 -2318 0 0 0 0 1 12 96 3 
-1659 958 -1243 -1081 -1302 -2582 0 0 0 0 1 4 83 4 
-1615 1099 -1225 -1115 -1305 -2653 0 0 0 0 1 28 90 11 
-1499 1182 -1275 -1100 -837 -2534 0 0 0 0 1 30 88 16 
-1259 1292 -1021 -1068 -382 -2329 0 0 0 0 1 36 89 12 
-1450 1375 -835 -979 -119 -2022 0 0 0 0 1 29 89 10 
-1904 1399 -379 -960 -215 -1935 0 0 0 0 1 34 87 17 
-2121 1418 -173 -1017 -420 -1973 0 0 0 0 1 38 89 10 
-2294 1388 -177 -1090 -889 -2066 0 0 0 0 1 35 93 20 
-2418 1370 -205 -1116 -1058 -2123 0 0 0 0 1 56 83 32 
-2490 1340 -255 -1090 -1058 -2211 0 0 0 0 1 56 90 34 
-2527 1416 -194 -1048 -954 -2324 0 0 0 0 1 68 90 20 
-2746 1411 14 -1069 -941 -2433 0 0 0 0 1 77 98 39 
-2922 1312 181 -1199 -1086 -2632 0 0 0 0 1 83 87 40 
-3072 1219 470 -1351 -1233 -2740 0 0 0 0 1 79 82 38 
-3121 1114 576 -1609 -1553 -2800 0 0 0 0 1 90 91 38 
-3075 1033 607 -1754 -1855 -2763 0 0 0 0 1 99 95 48 
-3011 1030 426 -1803 -2291 -2627 0 0 0 0 1 110 88 62 
-3132 989 207 -1745 -2178 -2532 0 0 0 0 1 113 90 62 
-3246 971 312 -1742 -1718 -2474 0 0 0 0 1 134 83 62 
-3244 855 374 -1792 -803 -2285 0 0 0 0 1 135 82 94 
-3131 611 432 -1912 42 -1943 0 0 0 0 1 125 88 81 
-3133 437 812 -2084 506 -1689 0 0 0 0 1 142 91 75 
-3167 314 1023 -2401 918 -1337 0 0 0 0 1 138 87 77 
-3268 156 1265 -2610 946 -1156 0 0 0 0 1 139 95 86 
-3373 165 1393 -2865 650 -978 0 0 0 0 1 135 106 77 
-3332 164 1352 -2937 313 -880 0 0 0 0 1 136 93 88 
-3263 177 1328 -2903 -184 -740 0 0 0 0 1 139 107 88 
-3180 235 1245 -2725 -439 -557 0 0 0 0 1 134 120 79 
-2962 52 1332 -2588 -321 -371 0 0 0 0 1 135 111 94 
-2848 -52 1329 -2386 272 -41 0 0 0 0 1 132 122 107 
-2715 -333 1555 -2307 901 204 0 0 0 0 1 140 126 110 
-2608 -628 2120 -2434 2077 597 0 0 0 0 1 132 142 109 
-2496 -653 3148 -2610 2630 882 0 0 0 0 1 134 152 102 
-2557 -708 3098 -2494 2627 1308 0 0 0 0 1 125 159 100 
-2941 -676 3097 -1850 2164 1499 0 0 0 0 1 127 169 109 
-3603 -902 3517 -1250 2056 1487 0 0 0 0 1 117 161 104 
-3985 -1208 4102 -223 2042 1450 0 0 0 0 1 104 177 101 
-4334 -1028 5487 921 916 1815 0 0 0 0 1 112 187 98 
-3966 88 6443 2265 -1740 2699 0 0 0 0 1 81 177 101 
-3676 98 5206 6030 -6659 4547 0 0 0 0 1 102 180 89 
-3612 403 4696 8864 -7399 5402 0 0 0 0 1 93 158 89 
-3487 -452 3044 12888 -5804 6732 0 0 0 0 1 107 163 77 
-3114 -1996 1503 14616 -3659 7969 0 0 0 0 1 110 130 58 
-3745 -2875 842 15513 -2241 9982 0 0 0 0 1 95 114 45 
-5259 -5186 -1422 15621 -2921 10773 0 0 0 0 1 94 58 20 
-6919 -8291 -5218 15224 -2134 9672 0 0 0 0 1 95 33 12 
-3915 -11076 -8308 13377 428 9128 0 0 0 0 1 102 3 8 
-944 -11290 -9365 8395 4240 8220 0 0 0 0 1 73 -14 -4 
940 -10099 -9558 3509 3101 4608 0 0 0 0 1 69 -15 -12 
2024 -7357 -8769 -813 781 -500 0 0 0 0 1 54 -26 -16 
1078 -6210 -5676 -4139 287 -3319 0 0 0 0 1 56 -17 -23 
-550 -5301 -1196 -8792 -538 -5772 0 0 0 0 1 61 4 -18 
-943 -4365 158 -9951 -1165 -6396 0 0 0 0 1 69 28 -15 
-1304 -3063 -1209 -6904 -922 -6078 0 0 0 0 1 70 49 -4 
-1171 -1657 -1024 -4245 635 -5315 0 0 0 0 1 80 73 16 
-1131 -771 -859 -1256 1947 -3346 0 0 0 0 1 83 60 15 
-1445 -414 -458 -375 1740 -1845 0 0 0 0 1 77 53 4 
-2316 -528 -717 -167 1515 -375 0 0 0 0 1 77 63 23 
-2708 -503 -1276 -302 1490 3 0 0 0 0 1 63 63 11 
-2599 -296 -1805 -421 1618 -31 0 0 0 0 1 69 62 1 
-2291 -109 -2095 -596 1551 -74 0 0 0 0 1 58 58 4 
-2027 110 -2395 -708 1314 -69 0 0 0 0 1 46 57 1 
-1785 225 -2545 -885 896 -64 0 0 0 0 1 49 63 -4 
-1596 278 -2515 -1071 464 -125 0 0 0 0 1 47 63 -9 
-1234 251 -2581 -1195 78 -404 0 0 0 0 1 41 69 -15 
-1235 379 -2807 -1230 89 -770 0 0 0 0 1 47 78 2 
-1225 296 -2890 -1309 617 -1358 0 0 0 0 1 44 83 2 
-1279 237 -2655 -1458 842 -1687 0 0 0 0 1 43 77 8 
-1413 260 -2234 -1911 804 -2106 0 0 0 0 1 40 83 2 
-1637 317 -1700 -2276 592 -2327 0 0 0 0 1 46 87 5 
-1573 519 -1330 -2713 123 -2484 0 0 0 0 1 34 84 10 
-1378 643 -1244 -2854 -430 -2393 0 0 0 0 1 46 89 17 
-966 863 -1348 -2723 -727 -2243 0 0 0 0 1 46 106 10 
-1097 967 -1420 -2275 -897 -2147 0 0 0 0 1 57 109 17 
-1284 1033 -1320 -1801 -699 -2324 0 0 0 0 1 60 104 22 
-1650 947 -1074 -1550 -526 -2572 0 0 0 0 1 60 114 36 
-2131 878 -671 -1493 -546 -3114 0 0 0 0 1 82 107 46 
-2802 820 200 -1714 -957 -3477 0 0 0 0 1 82 103 41 
-2830 831 618 -2342 -2007 -3807 0 0 0 0 1 90 111 47 
-2765 930 1016 -3162 -2972 -3843 0 0 0 0 1 100 109 47 
-2497 1197 1014 -3597 -3524 -3712 0 0 0 0 1 110 120 58 
-2256 1255 322 -3768 -3953 -3365 0 0 0 0 1 109 106 82 
-2089 1149 -228 -3336 -3169 -2880 0 0 0 0 1 152 104 96 
-2235 728 151 -2983 -1781 -2584 0 0 0 0 1 158 110 111 
-2736 320 864 -2596 858 -2346 0 0 0 0 1 165 112 114 
-2930 228 1292 -2414 2580 -2215 0 0 0 0 1 151 110 104 
-3200 259 1848 -2417 2688 -2076 0 0 0 0 1 154 116 105 
-3290 230 1820 -2430 1618 -1701 0 0 0 0 1 154 121 101 
-3390 283 1951 -2453 925 -1397 0 0 0 0 1 155 112 107 
-3593 249 1953 -2423 806 -1044 0 0 0 0 1 148 112 114 
-4061 -251 1670 -2331 1166 -891 0 0 0 0 1 147 123 105 
-4228 -483 1882 -2345 1924 -706 0 0 0 0 1 134 134 111 
-4233 -654 2131 -2574 2169 -442 0 0 0 0 1 136 132 104 
-4261 -772 2396 -2731 1941 -233 0 0 0 0 1 129 149 109 
-4292 -687 2388 -2743 1436 -10 0 0 0 0 1 127 149 109 
-4232 -658 2230 -2407 1173 119 0 0 0 0 1 135 145 105 
-4001 -511 2088 -2072 1158 179 0 0 0 0 1 128 158 103 
-3836 -402 2162 -1612 904 331 0 0 0 0 1 128 165 112 
-3387 -251 2249 -1356 430 567 0 0 0 0 1 134 166 118 
-3059 -274 2220 -985 -267 1091 0 0 0 0 1 119 168 117 
-2950 -332 2030 -733 -381 1405 0 0 0 0 1 114 177 112 
-2760 -629 1897 -410 302 1880 0 0 0 0 1 120 174 118 
-2721 -818 2028 -252 1454 2320 0 0 0 0 1 116 195 124 
-3030 -749 2305 -214 1958 2510 0 0 0 0 1 122 183 123 
-3156 -839 2596 -193 2316 2679 0 0 0 0 1 101 196 109 
-3583 -958 3038 -160 2406 2706 0 0 0 0 1 74 195 110 
-3854 -1159 3642 -69 2082 2802 0 0 0 0 1 60 209 112 
-4325 -575 4509 599 -5 3246 0 0 0 0 1 57 222 98 
-4016 -574 3776 1765 -1703 3951 0 0 0 0 1 51 213 95 
-3894 -342 4110 4319 -3447 5557 0 0 0 0 1 57 222 94 
-3183 -441 3377 6708 -4525 7046 0 0 0 0 1 46 202 84 
-3212 -983 2442 10634 -4923 9129 0 0 0 0 1 40 183 58 
-3008 -2113 541 14478 -5105 10999 0 0 0 0 1 27 158 43 
-2691 -4416 -3577 16514 -4873 11803 0 0 0 0 1 24 121 12 
-3261 -6065 -5899 16460 -3319 11285 0 0 0 0 1 12 77 -5 
-3731 -9618 -4069 13054 -2535 10183 0 0 0 0 1 18 44 -20 
-2705 -12278 -8357 7496 -1862 8132 0 0 0 0 1 20 20 -33 
-469 -11447 -11703 5012 2142 5667 0 0 0 0 1 15 -1 -33 
3064 -7330 -11349 3835 4209 4250 0 0 0 0 1 -3 -18 -29 
3116 -4467 -6637 805 2744 1906 0 0 0 0 1 -4 -26 -37 
2072 -4063 -3778 -3204 -438 -1016 0 0 0 0 1 -7 -12 -32 
-224 -3755 -1277 -5683 -1623 -3822 0 0 0 0 1 -7 0 -34 
-520 -3434 -383 -6042 -1719 -4884 0 0 0 0 1 -4 17 -27 
-844 -2740 -250 -4759 -2037 -5276 0 0 0 0 1 9 36 -9 
-1176 -1659 -838 -3253 -1669 -4983 0 0 0 0 1 27 52 -17 
-1344 -960 -1475 -1177 -246 -4038 0 0 0 0 1 43 55 -10 
-1514 -693 -1576 -181 283 -2832 0 0 0 0 1 40 49 -11 
-1844 -381 -1497 -239 38 -1796 0 0 0 0 1 35 49 -4 
-1857 -343 -1891 -507 154 -1312 0 0 0 0 1 35 41 -16 
-1681 -311 -2316 -824 690 -800 0 0 0 0 1 34 40 -10 
-1330 -257 -2733 -935 877 -518 0 0 0 0 1 43 45 -17 
-1086 -273 -2824 -1022 799 -158 0 0 0 0 1 27 45 -5 
-855 -257 -2882 -1036 548 -108 0 0 0 0 1 31 55 -12 
-1068 -104 -2810 -1049 256 -315 0 0 0 0 1 22 52 -8 
-1234 6 -2590 -1184 -181 -844 0 0 0 0 1 31 57 -12 
-1252 77 -2433 -1462 -615 -1393 0 0 0 0 1 37 63 -9 
-1243 142 -2165 -1726 -791 -1716 0 0 0 0 1 43 55 -1 
-1361 275 -1871 -2154 -906 -2115 0 0 0 0 1 42 80 2 
-1406 397 -1718 -2443 -1201 -2289 0 0 0 0 1 56 76 9 
-1267 615 -1776 -2469 -1578 -2247 0 0 0 0 1 49 73 4 
-1538 812 -1834 -2318 -1914 -2204 0 0 0 0 1 58 80 16 
-1707 1025 -1698 -2175 -1934 -2198 0 0 0 0 1 71 77 19 
-1760 1083 -1538 -2000 -1742 -2213 0 0 0 0 1 84 95 27 
-1666 1175 -1119 -1939 -1287 -2196 0 0 0 0 1 99 90 30 
-1624 1201 -788 -1920 -928 -2161 0 0 0 0 1 96 98 34 
-1757 1267 -537 -1926 -498 -2156 0 0 0 0 1 101 98 51 
-1994 1292 -36 -2028 -315 -2153 0 0 0 0 1 101 98 44 
-1907 1359 347 -2118 -461 -2069 0 0 0 0 1 100 104 50 
-1805 1445 370 -2170 -1150 -1806 0 0 0 0 1 114 99 47 
-1674 1478 99 -2092 -1606 -1600 0 0 0 0 1 110 103 60 
-1726 1502 -70 -1860 -1622 -1397 0 0 0 0 1 104 106 77 
-2236 1220 176 -1706 -713 -1406 0 0 0 0 1 125 112 67 
-2635 1040 561 -1736 106 -1543 0 0 0 0 1 130 109 68 
-2934 908 870 -1940 1002 -1833 0 0 0 0 1 127 105 76 
-3103 676 1137 -2168 1264 -2095 0 0 0 0 1 123 104 66 
-3158 734 1258 -2296 1161 -2219 0 0 0 0 1 129 107 76 
-2968 891 1163 -2350 654 -2187 0 0 0 0 1 126 109 84 
-2614 951 818 -2258 283 -2020 0 0 0 0 1 125 117 69 
-2650 1015 684 -2024 73 -1776 0 0 0 0 1 133 111 84 
-3080 918 777 -1881 394 -1728 0 0 0 0 1 135 118 87 
-3551 517 1083 -1912 709 -1784 0 0 0 0 1 127 115 79 
-3674 255 1189 -2091 1099 -1907 0 0 0 0 1 134 117 93 
-3741 -43 1242 -2253 1324 -1988 0 0 0 0 1 115 117 90 
-3747 -155 1347 -2571 1677 -2090 0 0 0 0 1 132 122 88 
-3702 -192 1463 -2801 1806 -2113 0 0 0 0 1 129 125 86 
-3792 -337 1433 -3106 1684 -2113 0 0 0 0 1 122 125 97 
-3861 -447 1401 -3321 1543 -2146 0 0 0 0 1 120 117 88 
-3985 -599 1409 -3396 1548 -2155 0 0 0 0 1 130 131 87 
-3803 -755 1250 -3329 1833 -1983 0 0 0 0 1 132 127 90 
-3640 -895 1193 -3183 2194 -1775 0 0 0 0 1 119 136 103 
-3629 -954 1211 -2840 2729 -1466 0 0 0 0 1 127 139 95 
-3698 -892 1272 -2458 3012 -1277 0 0 0 0 1 123 148 94 
-3950 -535 1961 -2299 2758 -1186 0 0 0 0 1 119 145 89 
-3922 -379 2259 -2127 1575 -752 0 0 0 0 1 113 149 93 
-3777 -320 2920 -2022 597 -194 0 0 0 0 1 110 157 93 
-3668 -247 3023 -1585 -557 963 0 0 0 0 1 110 174 104 
-3616 -664 2834 -708 -410 2177 0 0 0 0 1 110 169 95 
-3608 -855 2917 -93 247 2916 0 0 0 0 1 100 160 94 
-3547 -1063 3589 460 776 4108 0 0 0 0 1 100 182 96 
-3867 -812 5064 699 -53 5032 0 0 0 0 1 87 191 95 
-3817 -626 5244 1980 -2721 6862 0 0 0 0 1 70 196 97 
-3815 -301 4811 4947 -4922 8539 0 0 0 0 1 63 191 88 
-4058 -414 4310 7638 -6364 9158 0 0 0 0 1 62 207 82 
-4132 -949 3963 11896 -8814 9384 0 0 0 0 1 63 183 76 
-3278 -2941 1934 14744 -10289 9371 0 0 0 0 1 74 170 71 
-2124 -6618 -1911 18402 -10111 9475 0 0 0 0 1 76 136 52 
-2955 -8676 -4266 18497 -4739 9206 0 0 0 0 1 99 78 32 
-5739 -9746 -4676 15636 -1681 8529 0 0 0 0 1 89 29 11 
-7309 -10825 -4794 10592 -862 6407 0 0 0 0 1 87 2 9 
-5582 -11277 -10043 8633 -488 4855 0 0 0 0 1 99 -2 4 
-2103 -9606 -11857 6058 2539 3342 0 0 0 0 1 100 -25 3 
902 -5932 -10059 2380 4289 1694 0 0 0 0 1 82 -26 4 
537 -4136 -6761 -484 3218 29 0 0 0 0 1 71 -35 -1 
-321 -4014 -2970 -4970 1086 -2559 0 0 0 0 1 62 -25 -15 
-838 -3744 -1398 -7895 -212 -4565 0 0 0 0 1 51 -4 -13 
-1294 -3068 -890 -8004 -1096 -5602 0 0 0 0 1 53 25 -12 
-1402 -2323 -1958 -6883 -998 -5725 0 0 0 0 1 60 47 1 
-1240 -1876 -1971 -4758 382 -5131 0 0 0 0 1 76 52 -10 
-1104 -1063 -1490 -3065 709 -3742 0 0 0 0 1 70 56 9 
-1247 -721 -1393 -2308 415 -2679 0 0 0 0 1 76 60 15 
-1471 -645 -1746 -1509 513 -1455 0 0 0 0 1 56 53 13 
-1545 -708 -2218 -1090 1211 -833 0 0 0 0 1 73 53 11 
-1601 -714 -2266 -1092 1495 -717 0 0 0 0 1 64 67 8 
-1687 -707 -2021 -1522 1526 -917 0 0 0 0 1 60 69 10 
-1938 -540 -1844 -1912 1384 -1240 0 0 0 0 1 66 66 6 
-1972 -398 -1883 -2366 1095 -1749 0 0 0 0 1 54 85 13 
-1762 -82 -1903 -2577 704 -2087 0 0 0 0 1 48 87 10 
-1618 68 -1846 -2606 425 -2193 0 0 0 0 1 51 83 13 
-1449 258 -1717 -2533 127 -2224 0 0 0 0 1 56 93 16 
-1205 542 -1514 -2448 -53 -2183 0 0 0 0 1 50 91 15 
-1202 729 -1448 -2264 -277 -2127 0 0 0 0 1 61 95 23 
-1470 919 -1366 -2153 -286 -2126 0 0 0 0 1 61 98 25 
-1590 899 -1288 -2045 -167 -2129 0 0 0 0 1 71 101 22 
-1994 889 -1063 -2049 -46 -2211 0 0 0 0 1 69 104 33 
-2234 999 -711 -2109 -12 -2229 0 0 0 0 1 69 116 36 
-2249 1051 -487 -2248 -15 -2144 0 0 0 0 1 68 103 41 
-2100 1411 28 -2416 40 -1967 0 0 0 0 1 80 125 41 
-1878 1498 168 -2471 86 -1777 0 0 0 0 1 83 123 43 
-1898 1468 162 -2381 -24 -1538 0 0 0 0 1 88 126 50 
-2325 1418 277 -2267 -197 -1507 0 0 0 0 1 75 132 44 
-2432 1441 374 -2044 -625 -1524 0 0 0 0 1 94 130 67 
-2431 1202 245 -1828 -956 -1528 0 0 0 0 1 103 142 65 
-2545 1101 214 -1522 -1107 -1576 0 0 0 0 1 95 143 57 
-2698 897 436 -1353 -726 -1623 0 0 0 0 1 99 139 69 
-2526 801 501 -1285 -298 -1558 0 0 0 0 1 117 142 76 
-2551 766 553 -1202 292 -1452 0 0 0 0 1 109 143 80 
-2551 872 621 -1157 499 -1382 0 0 0 0 1 112 136 75 
-2433 911 562 -1108 367 -1325 0 0 0 0 1 115 134 79 
-2487 798 605 -1054 7 -1266 0 0 0 0 1 116 141 87 
-2728 525 666 -1047 -220 -1294 0 0 0 0 1 113 132 86 
-3004 249 792 -1119 -462 -1506 0 0 0 0 1 117 134 90 
-3441 34 917 -1214 -585 -1740 0 0 0 0 1 120 139 93 
-3716 -61 893 -1369 -781 -2164 0 0 0 0 1 122 130 100 
-3634 -132 892 -1556 -673 -2466 0 0 0 0 1 135 141 94 
-3421 -291 1037 -1707 -391 -2554 0 0 0 0 1 136 125 102 
-3376 -357 1173 -1975 -47 -2597 0 0 0 0 1 143 130 107 
-3430 -289 1524 -2196 -113 -2536 0 0 0 0 1 148 137 111 
-3275 -381 1603 -2487 -658 -2182 0 0 0 0 1 155 117 118 
-3091 -522 1680 -2624 -988 -1639 0 0 0 0 1 148 132 121 
-2900 -565 1633 -2587 -762 -1242 0 0 0 0 1 161 126 133 
-2666 -633 1632 -2339 76 -628 0 0 0 0 1 162 125 139 
-2524 -622 1572 -1968 1011 -89 0 0 0 0 1 161 133 143 
-2444 -642 1591 -1702 1479 196 0 0 0 0 1 165 142 137 
-2353 -694 1673 -1380 2130 573 0 0 0 0 1 153 142 139 
-2142 -819 2006 -1264 2605 822 0 0 0 0 1 148 144 132 
-2166 -900 2091 -1155 3062 1121 0 0 0 0 1 154 160 119 
-2602 -672 2712 -1136 2968 1241 0 0 0 0 1 142 165 129 
-2830 -687 2805 -935 2241 1532 0 0 0 0 1 127 154 114 
-2988 -662 3528 -686 1654 2137 0 0 0 0 1 127 171 114 
-2714 -437 4271 -348 1354 2978 0 0 0 0 1 113 183 107 
-2408 -488 4504 756 1251 4893 0 0 0 0 1 94 203 93 
-2975 -41 4969 2010 1068 6185 0 0 0 0 1 83 195 96 
-3455 -444 4542 4844 75 7698 0 0 0 0 1 76 199 96 
-4606 -933 5695 7925 -2192 8388 0 0 0 0 1 48 202 75 
-4430 -1030 6017 9942 -5147 8707 0 0 0 0 1 50 185 57 
-3869 -1111 6313 12800 -10326 9228 0 0 0 0 1 51 169 39 
-3206 -3834 2569 16049 -11559 9564 0 0 0 0 1 86 106 29 
-3368 -6007 -1386 17517 -9654 9713 0 0 0 0 1 96 85 32 
-5217 -8515 -3648 17193 -4991 8926 0 0 0 0 1 119 38 24 
-11195 -12088 -5518 12894 -2000 5529 0 0 0 0 1 108 17 34 
-7688 -12121 -8702 8224 -126 3914 0 0 0 0 1 117 -29 18 
-1893 -9824 -13253 6235 1887 3746 0 0 0 0 1 109 -38 22 
-3 -5741 -12706 3829 3542 2390 0 0 0 0 1 115 -44 13 
124 -4421 -8972 -891 2759 241 0 0 0 0 1 99 -51 13 
-553 -4023 -2437 -4846 1127 -1346 0 0 0 0 1 83 -40 3 
-1089 -3761 135 -8906 -1139 -3593 0 0 0 0 1 94 -17 11 
-1167 -3480 731 -8704 -802 -5095 0 0 0 0 1 82 -7 -4 
-1219 -2765 -1295 -6411 675 -5681 0 0 0 0 1 90 18 8 
-1231 -1963 -1051 -2781 1958 -5238 0 0 0 0 1 100 40 12 
-915 -678 848 -1491 826 -3910 0 0 0 0 1 94 34 4 
-1214 -159 944 -725 -886 -1792 0 0 0 0 1 106 26 11 
-1914 -69 -1079 -24 -146 -539 0 0 0 0 1 97 15 10 
-2073 -438 -2402 349 927 -52 0 0 0 0 1 99 19 11 
-2141 -500 -2618 439 1877 334 0 0 0 0 1 109 23 15 
-2171 -385 -2712 223 2013 391 0 0 0 0 1 89 17 4 
-2187 -358 -2783 -279 2006 214 0 0 0 0 1 67 15 3 
-2065 -345 -2951 -592 1938 -43 0 0 0 0 1 73 14 2 
-1623 -136 -2731 -1036 1720 -467 0 0 0 0 1 69 15 -5 
-1295 83 -2421 -1477 1282 -817 0 0 0 0 1 73 26 -9 
-996 259 -2099 -1712 798 -1021 0 0 0 0 1 58 34 -4 
-857 247 -2119 -1828 -41 -1298 0 0 0 0 1 47 29 2 
-1057 213 -2359 -1712 -717 -1693 0 0 0 0 1 56 41 -2 
-1547 214 -2512 -1612 -915 -2010 0 0 0 0 1 61 31 -4 
-1678 208 -2494 -1586 -744 -2383 0 0 0 0 1 62 35 1 
-1708 416 -1927 -1815 -276 -2502 0 0 0 0 1 80 36 11 
-1601 532 -1707 -2115 -38 -2413 0 0 0 0 1 68 34 13 
-1445 822 -1185 -2563 44 -2209 0 0 0 0 1 62 52 10 
-1535 1079 -974 -2819 -191 -2083 0 0 0 0 1 82 61 16 
-1595 1198 -893 -2839 -576 -2029 0 0 0 0 1 68 63 18 
-1988 1076 -910 -2752 -739 -2088 0 0 0 0 1 75 68 16 
-2182 1015 -839 -2561 -674 -2268 0 0 0 0 1 74 60 29 
-2474 931 -663 -2392 -443 -2513 0 0 0 0 1 82 71 20 
-2480 1044 -339 -2337 -210 -2647 0 0 0 0 1 76 77 29 
-2360 1100 -165 -2306 211 -2731 0 0 0 0 1 95 87 40 
-2284 1243 121 -2324 363 -2753 0 0 0 0 1 92 85 27 
-2504 1359 397 -2493 238 -2841 0 0 0 0 1 97 79 47 
-2651 1296 750 -2814 -343 -2797 0 0 0 0 1 90 84 50 
-2993 950 769 -3016 -721 -2711 0 0 0 0 1 107 89 43 
-3136 764 781 -3234 -779 -2504 0 0 0 0 1 112 91 54 
-3276 505 791 -3285 -512 -2335 0 0 0 0 1 103 88 58 
-3350 299 906 -3221 145 -2088 0 0 0 0 1 107 91 52 
-3408 259 1159 -3116 630 -1972 0 0 0 0 1 113 103 67 
-3363 403 1183 -2813 1022 -1875 0 0 0 0 1 114 106 73 
-3413 603 1127 -2390 756 -1859 0 0 0 0 1 115 125 69 
-2754 -629 1407 -2700 862 -1003 0 0 0 0 1 126 141 96 
-2727 -742 1523 -2629 1273 -1054 0 0 0 0 1 127 147 100 
-3203 -803 1771 -2579 1633 -1284 0 0 0 0 1 130 143 103 
-3454 -304 2427 -2543 1374 -1294 0 0 0 0 1 122 154 111 
-3047 -553 2385 -2195 529 -725 0 0 0 0 1 121 143 101 
-3242 -465 2532 -1825 304 -262 0 0 0 0 1 127 154 100 
-3554 -573 2824 -1177 785 437 0 0 0 0 1 130 170 105 
-3648 -1101 3281 -492 1351 1509 0 0 0 0 1 120 169 102 
-3774 -1406 4511 -84 1414 2456 0 0 0 0 1 115 169 104 
-4266 -1096 5060 1141 -59 4324 0 0 0 0 1 96 181 97 
-4424 -507 4696 4078 -2321 6530 0 0 0 0 1 100 192 94 
-5228 -227 4757 6553 -3029 7681 0 0 0 0 1 87 193 90 
-4629 -968 4432 10168 -3842 9338 0 0 0 0 1 82 181 74 
-4207 -1789 4189 13140 -6023 10780 0 0 0 0 1 76 172 61 
-4032 -3476 1761 14906 -7963 11123 0 0 0 0 1 75 139 41 
-3992 -7131 -2504 16275 -7925 10564 0 0 0 0 1 90 82 29 
-4276 -9137 -6112 13514 -1888 8828 0 0 0 0 1 86 69 19 
-3548 -11657 -8983 7800 3106 6431 0 0 0 0 1 77 41 9 
-2280 -11568 -10425 5966 2935 4634 0 0 0 0 1 64 42 -15 
1980 -8815 -13417 4588 2308 1917 0 0 0 0 1 43 11 -8 
3589 -5589 -8539 1895 1202 367 0 0 0 0 1 58 9 -23 
2554 -4060 -5818 -3151 -1487 -1680 0 0 0 0 1 54 17 -11 
1359 -3925 -5439 -5703 362 -3537 0 0 0 0 1 43 28 -3 
221 -3467 -1977 -6017 1511 -4071 0 0 0 0 1 53 47 -3 
-595 -2933 328 -4879 1507 -3825 0 0 0 0 1 37 63 0 
-1618 -1945 947 -3157 1051 -3394 0 0 0 0 1 54 58 2 
-1871 -1116 1184 -417 984 -2610 0 0 0 0 1 40 66 2 
-1516 370 743 1383 -84 -1296 0 0 0 0 1 56 66 -2 
-1387 486 22 1917 -746 -307 0 0 0 0 1 50 50 3 
-1727 300 -972 2083 -466 604 0 0 0 0 1 50 40 3 
-2010 51 -2037 1931 160 837 0 0 0 0 1 49 39 -9 
-1896 95 -2295 1522 976 937 0 0 0 0 1 46 23 -1 
-1321 332 -2615 1288 1378 1004 0 0 0 0 1 47 26 -9 
-1176 396 -2838 1109 1560 989 0 0 0 0 1 42 17 2 
-1276 423 -2910 997 1460 797 0 0 0 0 1 38 25 -12 
-1341 346 -2794 648 1227 301 0 0 0 0 1 31 11 -12 
-1116 171 -2627 178 780 -143 0 0 0 0 1 25 14 -27 
-1046 22 -2700 -53 611 -394 0 0 0 0 1 28 14 -18 
-938 -139 -2777 -219 714 -716 0 0 0 0 1 22 23 -22 
-749 -190 -2522 -295 880 -853 0 0 0 0 1 10 11 -5 
-480 -158 -2149 -426 929 -875 0 0 0 0 1 17 -3 -15 
-343 -188 -2075 -452 715 -760 0 0 0 0 1 5 6 -19 
-553 -200 -2144 -376 417 -762 0 0 0 0 1 14 7 -23 
-1230 -13 -2140 -233 -91 -1074 0 0 0 0 1 -8 8 -22 
-1401 14 -2108 -140 -497 -1438 0 0 0 0 1 4 7 -9 
-1208 -21 -2110 -114 -647 -1551 0 0 0 0 1 9 9 -6 
-994 -61 -2116 -93 -571 -1503 0 0 0 0 1 20 11 -19 
-684 7 -2212 -46 137 -1263 0 0 0 0 1 18 9 -23 
-559 -32 -2125 -17 789 -1043 0 0 0 0 1 25 7 -16 
-749 -74 -1930 17 1512 -785 0 0 0 0 1 20 6 -10 
-939 -20 -1671 17 1638 -648 0 0 0 0 1 5 8 -17 
-1130 179 -1472 28 1361 -615 0 0 0 0 1 -7 9 -25 
-1214 332 -1469 100 772 -624 0 0 0 0 1 -7 0 -13 
-1333 437 -1572 241 389 -697 0 0 0 0 1 -8 -8 -15 
-1239 464 -1655 352 332 -741 0 0 0 0 1 -8 1 -17 
-998 490 -1637 501 478 -737 0 0 0 0 1 -4 2 -9 
-1245 596 -1517 562 581 -883 0 0 0 0 1 -11 -22 -13 
-1515 679 -1318 565 463 -1050 0 0 0 0 1 -16 -14 -18 
-1607 711 -1274 534 79 -1317 0 0 0 0 1 -27 -11 -15 
-1589 797 -1325 534 -124 -1487 0 0 0 0 1 -22 -18 -19 
-1440 737 -1450 580 -128 -1510 0 0 0 0 1 -23 -31 -13 
-1392 695 -1569 739 -41 -1459 0 0 0 0 1 -17 -30 -15 
-1911 653 -1609 986 74 -1526 0 0 0 0 1 -33 -31 -13 
-2203 712 -1416 1034 27 -1627 0 0 0 0 1 -31 -42 -8 
-2331 747 -1325 997 -246 -1829 0 0 0 0 1 -30 -41 -9 
-2315 786 -1286 891 -687 -1956 0 0 0 0 1 -28 -56 -9 
-2088 623 -1381 754 -963 -1959 0 0 0 0 1 -29 -52 -10 
-1828 443 -1359 653 -836 -1884 0 0 0 0 1 -15 -47 -3 
-1705 360 -1459 604 -370 -1667 0 0 0 0 1 -24 -67 -8 
-1647 329 -1685 715 -11 -1441 0 0 0 0 1 -20 -72 -3 
-2254 320 -1476 816 87 -1447 0 0 0 0 1 -20 -74 -3 
-2540 317 -1262 765 -28 -1665 0 0 0 0 1 -29 -79 1 
-2712 283 -956 563 -365 -1900 0 0 0 0 1 -31 -79 10 
-2671 243 -907 371 -696 -2012 0 0 0 0 1 -21 -76 2 
-2515 193 -910 72 -1128 -2042 0 0 0 0 1 -29 -79 8 
-2265 113 -1008 -84 -1289 -1974 0 0 0 0 1 -25 -80 9 
-2048 99 -1274 -173 -1290 -1790 0 0 0 0 1 -29 -99 -3 
-1911 116 -1425 -93 -1075 -1543 0 0 0 0 1 -18 -85 2 
-1839 84 -1563 100 -775 -1295 0 0 0 0 1 -24 -79 -1 
-1845 26 -1545 248 -569 -1154 0 0 0 0 1 -21 -90 6 
-1819 -101 -1555 461 -292 -969 0 0 0 0 1 -10 -96 3 
-1882 -254 -1551 563 -118 -902 0 0 0 0 1 -17 -84 8 
-2044 -392 -1664 676 142 -911 0 0 0 0 1 -15 -96 17 
-2125 -340 -1712 708 273 -1020 0 0 0 0 1 -17 -104 10 
-2217 -260 -1703 672 171 -1092 0 0 0 0 1 -28 -105 13 
-2174 -234 -1589 475 -253 -1102 0 0 0 0 1 -29 -109 17 
-2163 -183 -1311 112 -920 -985 0 0 0 0 1 -35 -110 18 
-2000 -123 -1168 -300 -1761 -693 0 0 0 0 1 -14 -110 13 
-1908 -146 -1249 -516 -2191 -452 0 0 0 0 1 -9 -107 13 
-1951 -157 -1403 -683 -2404 -153 0 0 0 0 1 -16 -105 9 
-1917 -254 -1514 -685 -2116 76 0 0 0 0 1 -3 -109 5 
-1839 -276 -1499 -643 -1706 194 0 0 0 0 1 15 -99 19 
-1808 -272 -1459 -538 -1067 317 0 0 0 0 1 16 -85 9 
-1750 -296 -1408 -411 -617 395 0 0 0 0 1 20 -96 15 
-1784 -322 -1294 -331 -422 417 0 0 0 0 1 16 -88 16 
-1963 -380 -1310 -246 -398 274 0 0 0 0 1 40 -73 20 
-1861 -373 -1264 -262 -204 325 0 0 0 0 1 42 -80 20 
-1750 -345 -1203 -310 -89 455 0 0 0 0 1 50 -79 31 
-1691 -359 -1130 -354 -61 566 0 0 0 0 1 40 -85 27 
-1756 -352 -1108 -424 -95 690 0 0 0 0 1 55 -77 33 
-1829 -367 -1076 -476 -185 740 0 0 0 0 1 60 -72 26 
-1914 -405 -1076 -502 -249 741 0 0 0 0 1 53 -77 15 
-1918 -414 -1070 -528 -351 734 0 0 0 0 1 54 -68 25 
-1904 -334 -1116 -560 -507 724 0 0 0 0 1 57 -60 19 
-1896 -387 -1107 -614 -556 734 0 0 0 0 1 57 -65 22 
-1910 -362 -1101 -702 -474 765 0 0 0 0 1 60 -67 22 
