Data Quantity : 14  Accelerometer : 3  Gyroscope : 3  FSR : 5







-1743 971 -247 -14 -24 9 0 0 0 0 1 146 127 102 
-1741 969 -239 -6 -26 -1 0 0 0 0 1 140 123 110 
-1733 972 -248 -9 -11 -4 0 0 0 0 1 142 128 108 
-1737 974 -242 -7 -1 -6 0 0 0 0 1 147 128 108 
-1736 973 -249 -5 -2 0 0 0 0 0 1 149 126 105 
-1741 971 -258 -2 -5 5 0 0 0 0 1 143 130 107 
-1750 977 -252 -6 7 8 0 0 0 0 1 129 137 107 
-1765 981 -252 -1 22 2 0 0 0 0 1 139 134 102 
-1772 980 -255 -1 30 -13 0 0 0 0 1 135 131 103 
-1775 992 -255 2 25 -22 0 0 0 0 1 136 134 104 
-1778 993 -257 0 9 -32 0 0 0 0 1 147 123 112 
-1773 989 -254 0 5 -37 0 0 0 0 1 143 127 107 
-1770 990 -253 -2 17 -41 0 0 0 0 1 136 137 104 
-1776 988 -261 -9 29 -41 0 0 0 0 1 143 132 90 
-1780 995 -259 -8 55 -38 0 0 0 0 1 138 118 110 
-1799 1000 -269 -5 68 -31 0 0 0 0 1 136 127 97 
-1799 1004 -267 -7 78 -25 0 0 0 0 1 148 125 107 
-1799 1015 -266 2 93 -9 0 0 0 0 1 143 139 100 
-1789 1004 -250 0 104 4 0 0 0 0 1 138 133 108 
-1791 1010 -241 -1 106 24 0 0 0 0 1 146 125 114 
-1784 1005 -236 -8 91 37 0 0 0 0 1 138 128 103 
-1795 1008 -230 -13 43 47 0 0 0 0 1 140 138 94 
-1782 995 -228 -16 8 54 0 0 0 0 1 143 132 97 
-1778 992 -222 -25 -28 46 0 0 0 0 1 149 141 112 
-1771 988 -234 -25 -52 40 0 0 0 0 1 146 137 102 
-1760 978 -243 -29 -56 31 0 0 0 0 1 141 139 107 
-1757 978 -242 -23 -38 23 0 0 0 0 1 142 131 105 
-1771 984 -255 -13 -21 16 0 0 0 0 1 138 126 98 
-1767 986 -265 -7 -17 12 0 0 0 0 1 135 138 94 
-1772 982 -275 0 -18 10 0 0 0 0 1 135 138 101 
-1770 993 -291 6 -19 12 0 0 0 0 1 146 127 107 
-1772 996 -307 19 -3 16 0 0 0 0 1 151 132 100 
-1751 987 -320 21 23 26 0 0 0 0 1 129 130 95 
-1751 984 -321 24 42 34 0 0 0 0 1 140 128 98 
-1751 975 -306 6 68 35 0 0 0 0 1 134 130 107 
-1758 968 -298 -7 70 36 0 0 0 0 1 145 136 101 
-1739 958 -271 -35 52 32 0 0 0 0 1 153 125 102 
-1707 936 -271 -47 30 30 0 0 0 0 1 141 134 100 
-1706 933 -264 -57 6 11 0 0 0 0 1 135 138 103 
-1707 928 -272 -55 5 -8 0 0 0 0 1 138 133 94 
-1706 926 -275 -37 21 -54 0 0 0 0 1 140 143 101 
-1676 923 -294 -12 44 -97 0 0 0 0 1 141 132 93 
-1666 906 -295 -2 68 -120 0 0 0 0 1 133 131 101 
-1667 895 -295 9 91 -156 0 0 0 0 1 139 130 100 
-1676 880 -339 13 87 -184 0 0 0 0 1 142 138 96 
-1683 881 -385 37 88 -235 0 0 0 0 1 143 122 107 
-1701 896 -450 48 111 -276 0 0 0 0 1 139 122 104 
-1706 899 -586 80 173 -325 0 0 0 0 1 135 131 103 
-1684 895 -697 137 265 -363 0 0 0 0 1 147 123 103 
-1716 891 -850 167 396 -401 0 0 0 0 1 141 120 90 
-1752 872 -992 190 726 -512 0 0 0 0 1 142 111 105 
-1927 800 -1226 169 1035 -653 0 0 0 0 1 145 128 94 
-2014 800 -1290 20 1564 -942 0 0 0 0 1 134 120 104 
-2192 771 -1347 -179 1901 -1180 0 0 0 0 1 140 109 89 
-2255 759 -1185 -717 2303 -1552 0 0 0 0 1 120 110 76 
-2230 738 -888 -1505 2257 -1881 0 0 0 0 1 123 109 77 
-2187 760 -631 -2132 1912 -2065 0 0 0 0 1 117 107 76 
-2186 773 -497 -3080 1186 -2321 0 0 0 0 1 115 117 88 
-2136 815 -504 -3877 571 -2562 0 0 0 0 1 121 116 84 
-2131 835 -593 -4253 341 -2704 0 0 0 0 1 123 123 84 
-2107 793 -699 -4590 390 -2889 0 0 0 0 1 135 131 96 
-2150 624 -649 -4707 782 -3004 0 0 0 0 1 132 137 97 
-2166 383 -463 -4797 1694 -3136 0 0 0 0 1 127 127 102 
-2272 175 -343 -4835 2710 -3216 0 0 0 0 1 139 147 104 
-2433 -16 210 -4923 3236 -3233 0 0 0 0 1 141 164 107 
-2556 -127 579 -5142 3252 -3180 0 0 0 0 1 129 154 118 
-2801 -267 1026 -5417 2531 -3097 0 0 0 0 1 136 154 123 
-3113 -382 1328 -5558 1907 -3035 0 0 0 0 1 133 150 126 
-3175 -568 1314 -5526 1039 -2890 0 0 0 0 1 139 166 128 
-3542 -899 1368 -5339 681 -2836 0 0 0 0 1 134 179 128 
-3760 -1120 1429 -4797 645 -2775 0 0 0 0 1 152 177 150 
-3501 -1863 1896 -4043 1237 -2486 0 0 0 0 1 149 182 152 
-3410 -2169 2491 -3516 1757 -2148 0 0 0 0 1 149 175 166 
-3261 -2386 3121 -2608 1942 -1233 0 0 0 0 1 151 181 162 
-3050 -2946 3680 -1801 1625 -372 0 0 0 0 1 165 179 165 
-3581 -3409 4054 -320 1347 779 0 0 0 0 1 139 179 165 
-4457 -4435 4998 1516 1021 1985 0 0 0 0 1 151 174 155 
-5005 -5293 5499 3166 261 2898 0 0 0 0 1 141 181 160 
-6039 -5402 5414 6440 -1670 3855 0 0 0 0 1 135 187 145 
-7219 -4994 4897 9050 -3682 4276 0 0 0 0 1 139 188 130 
-7229 -4490 3358 13244 -6757 4896 0 0 0 0 1 134 157 111 
-5933 -3834 530 15644 -8037 5716 0 0 0 0 1 141 147 102 
-4209 -4670 -2566 18270 -8064 8273 0 0 0 0 1 159 126 87 
-3519 -5260 -5539 20536 -4481 12064 0 0 0 0 1 148 105 76 
-3697 -6113 -10932 21516 2745 15625 0 0 0 0 1 145 87 54 
-3234 -8173 -10417 19086 7199 17390 0 0 0 0 1 119 77 19 
-1895 -9086 -8955 12360 9606 16598 0 0 0 0 1 40 41 -34 
1861 -9020 -6087 6553 10121 11250 0 0 0 0 1 3 35 -50 
2676 -7613 -3636 3714 8077 6213 0 0 0 0 1 -22 15 -52 
1113 -5464 -296 106 446 -1826 0 0 0 0 1 -34 1 -54 
188 -4153 -52 -3790 -6373 -7298 0 0 0 0 1 -27 -1 -38 
-676 -1692 -1802 -6129 -8322 -8870 0 0 0 0 1 36 23 -15 
-416 -679 -3748 -7377 -6349 -8265 0 0 0 0 1 60 35 -5 
-380 -503 -3156 -6038 -1217 -5900 0 0 0 0 1 82 49 4 
-846 -547 -1826 -4568 1215 -4212 0 0 0 0 1 80 66 13 
-1095 -39 -869 -2470 1721 -1831 0 0 0 0 1 75 53 16 
-1063 771 -164 -916 294 290 0 0 0 0 1 70 68 11 
-768 551 -451 -147 -52 1378 0 0 0 0 1 79 69 5 
-920 -41 -706 613 665 2184 0 0 0 0 1 63 73 11 
-1499 -424 -700 836 1298 2139 0 0 0 0 1 66 85 13 
-1676 -403 -839 930 1294 1638 0 0 0 0 1 50 72 12 
-1407 -261 -1089 887 949 1279 0 0 0 0 1 57 77 3 
-1187 -177 -1365 743 559 816 0 0 0 0 1 57 87 8 
-986 17 -1870 643 376 549 0 0 0 0 1 44 71 4 
-859 98 -2101 434 189 218 0 0 0 0 1 41 65 -8 
-747 74 -2233 229 155 48 0 0 0 0 1 42 76 4 
-509 -47 -2257 -93 195 -131 0 0 0 0 1 36 69 -8 
-402 -108 -2228 -370 236 -306 0 0 0 0 1 36 60 5 
-565 -185 -2347 -478 93 -519 0 0 0 0 1 43 67 -1 
-852 -195 -2433 -587 -333 -1068 0 0 0 0 1 38 65 3 
-1274 -163 -2361 -777 -824 -1784 0 0 0 0 1 51 76 13 
-1444 -171 -2242 -985 -1166 -2237 0 0 0 0 1 57 57 8 
-1463 -169 -2087 -1423 -1561 -2784 0 0 0 0 1 60 74 5 
-1428 -119 -1880 -1755 -1782 -3030 0 0 0 0 1 68 63 11 
-1324 -37 -1816 -2214 -2140 -3188 0 0 0 0 1 81 67 22 
-1145 165 -1749 -2570 -2446 -3153 0 0 0 0 1 95 74 38 
-1229 343 -1717 -2754 -2721 -3065 0 0 0 0 1 101 78 30 
-1326 395 -1819 -2929 -3179 -2946 0 0 0 0 1 116 69 40 
-1759 535 -1816 -3029 -3207 -2975 0 0 0 0 1 129 76 53 
-2090 486 -1626 -3125 -2924 -3087 0 0 0 0 1 133 77 66 
-2195 418 -1322 -3343 -2085 -3241 0 0 0 0 1 146 95 72 
-2369 527 -790 -3546 -1502 -3309 0 0 0 0 1 156 82 77 
-2421 781 -154 -4005 -1246 -3253 0 0 0 0 1 160 80 88 
-1879 1011 144 -4379 -1871 -2837 0 0 0 0 1 167 95 111 
-1970 1112 -26 -4433 -2357 -2523 0 0 0 0 1 169 85 100 
-2317 1182 24 -4401 -2475 -2271 0 0 0 0 1 192 96 115 
-2942 756 718 -4446 -1646 -2250 0 0 0 0 1 187 96 131 
-3119 527 1211 -4574 -798 -2291 0 0 0 0 1 192 99 140 
-3147 465 1638 -4863 328 -2253 0 0 0 0 1 204 101 145 
-2943 379 1783 -5006 655 -2061 0 0 0 0 1 194 94 152 
-2914 357 1790 -5092 588 -1619 0 0 0 0 1 187 101 164 
-3210 320 2078 -5113 426 -1342 0 0 0 0 1 189 101 161 
-3297 228 2124 -5043 247 -1027 0 0 0 0 1 200 100 167 
-3384 -48 2128 -4785 265 -753 0 0 0 0 1 212 115 172 
-3282 -236 2149 -4531 444 -568 0 0 0 0 1 198 115 188 
-3217 -324 2113 -4060 841 -279 0 0 0 0 1 193 122 186 
-3260 -504 2096 -3759 1140 -117 0 0 0 0 1 199 131 196 
-3129 -752 2244 -3510 1452 44 0 0 0 0 1 193 125 193 
-3124 -782 2272 -3264 1732 253 0 0 0 0 1 192 138 189 
-3177 -947 2064 -3068 1735 420 0 0 0 0 1 192 141 192 
-2956 -1065 1947 -2985 1828 544 0 0 0 0 1 181 147 207 
-2885 -1257 1854 -2947 2261 675 0 0 0 0 1 185 155 189 
-2688 -1435 1642 -2935 2915 778 0 0 0 0 1 182 165 189 
-2658 -1498 1623 -2954 3394 803 0 0 0 0 1 175 160 187 
-2687 -1703 1687 -3032 3898 718 0 0 0 0 1 175 175 182 
-2779 -1692 1818 -3097 3983 600 0 0 0 0 1 159 175 189 
-2716 -1702 1907 -3190 3724 452 0 0 0 0 1 149 197 178 
-2685 -1933 2197 -3253 3441 420 0 0 0 0 1 151 193 176 
-2547 -2143 2657 -3337 3025 624 0 0 0 0 1 148 186 176 
-2379 -2765 3016 -3092 2598 1087 0 0 0 0 1 139 206 176 
-2926 -3098 2934 -2601 2467 1287 0 0 0 0 1 140 214 182 
-3344 -3735 2990 -1423 2973 1579 0 0 0 0 1 132 215 181 
-3691 -4931 3887 -493 3624 1884 0 0 0 0 1 113 228 169 
-4513 -4909 4537 1194 3283 2298 0 0 0 0 1 84 225 169 
-6330 -4123 6757 3422 -452 2807 0 0 0 0 1 92 233 153 
-6481 -4443 5186 6145 -5147 3478 0 0 0 0 1 96 235 146 
-6278 -4422 3957 11313 -9066 3906 0 0 0 0 1 87 220 135 
-6496 -4270 1001 14598 -8903 3825 0 0 0 0 1 101 196 135 
-5182 -4131 -1073 18287 -8280 5010 0 0 0 0 1 128 150 87 
-3651 -4213 -2608 20256 -8348 7913 0 0 0 0 1 129 107 81 
-3705 -6699 -6310 21341 -6937 9894 0 0 0 0 1 136 93 58 
-5284 -8297 -8255 21947 -2125 11691 0 0 0 0 1 135 57 29 
-3559 -11699 -11544 19851 2123 12878 0 0 0 0 1 128 18 29 
781 -11059 -10688 15830 6861 13220 0 0 0 0 1 108 2 16 
2505 -9252 -9853 7984 10148 9578 0 0 0 0 1 77 -9 -13 
408 -7623 -6008 3454 6965 4028 0 0 0 0 1 60 -20 -31 
461 -4735 -3962 -2048 -2529 -4168 0 0 0 0 1 51 -34 -23 
-190 -3141 -3906 -7807 -7946 -8290 0 0 0 0 1 76 -23 -8 
-309 -1394 -4498 -11549 -7238 -7710 0 0 0 0 1 101 -17 2 
614 -1650 -4496 -11488 -4413 -5876 0 0 0 0 1 122 9 18 
200 -2022 -3962 -8282 701 -3449 0 0 0 0 1 126 30 33 
-841 -1457 -2362 -4260 3685 -1931 0 0 0 0 1 127 61 53 
-946 -693 -513 -2423 3689 -890 0 0 0 0 1 121 62 36 
-910 -519 573 -1250 2540 612 0 0 0 0 1 119 69 36 
-1075 -671 537 -883 1780 1477 0 0 0 0 1 107 72 26 
-1519 -794 -397 -576 1694 1586 0 0 0 0 1 99 83 34 
-1670 -724 -933 -3 1829 1296 0 0 0 0 1 86 82 19 
-1770 -369 -1531 449 1476 745 0 0 0 0 1 80 73 23 
-1792 -203 -1749 530 961 336 0 0 0 0 1 64 79 22 
-1694 -155 -1922 242 153 -212 0 0 0 0 1 76 82 15 
-1471 -132 -2074 -144 -214 -483 0 0 0 0 1 79 82 17 
-1307 -73 -2159 -830 -393 -727 0 0 0 0 1 60 69 12 
-1073 -35 -2247 -1381 -352 -787 0 0 0 0 1 75 80 16 
-842 -107 -2329 -1601 -287 -763 0 0 0 0 1 80 85 16 
-769 -116 -2348 -1734 -185 -757 0 0 0 0 1 87 83 18 
-964 -1 -2232 -1778 -213 -969 0 0 0 0 1 83 84 26 
-1422 26 -2099 -1829 -463 -1233 0 0 0 0 1 76 94 40 
-1858 121 -1720 -2070 -1257 -1690 0 0 0 0 1 84 110 41 
-1952 73 -1512 -2499 -2217 -2026 0 0 0 0 1 89 107 34 
-1943 73 -1235 -2835 -2591 -2158 0 0 0 0 1 102 104 52 
-1760 140 -1165 -3246 -2702 -2176 0 0 0 0 1 129 117 69 
-1478 313 -1206 -3381 -2545 -2107 0 0 0 0 1 126 101 77 
-1503 431 -1096 -3477 -2075 -2039 0 0 0 0 1 134 120 83 
-1550 846 -728 -3526 -1816 -2000 0 0 0 0 1 134 122 95 
-1595 817 -687 -3502 -1691 -1956 0 0 0 0 1 145 133 112 
-1752 942 -317 -3563 -1596 -1953 0 0 0 0 1 152 121 96 
-1907 865 56 -3676 -1429 -1970 0 0 0 0 1 175 123 122 
-2233 714 396 -4006 -823 -2121 0 0 0 0 1 168 128 129 
-2517 704 1146 -4363 -320 -2258 0 0 0 0 1 169 142 149 
-2474 628 1411 -4939 64 -2347 0 0 0 0 1 167 130 155 
-2425 477 1586 -5285 121 -2342 0 0 0 0 1 179 137 151 
-2366 779 1769 -5732 -111 -2244 0 0 0 0 1 178 141 159 
-2381 773 1695 -5909 -570 -2135 0 0 0 0 1 180 138 187 
-2597 463 1775 -6115 -1226 -1999 0 0 0 0 1 184 142 186 
-2695 -31 2058 -6232 -1336 -1901 0 0 0 0 1 193 134 207 
-2904 -681 2225 -6260 -992 -1743 0 0 0 0 1 191 144 216 
-2799 -1173 2529 -6116 -207 -1472 0 0 0 0 1 204 133 233 
-2630 -1312 2622 -5885 289 -1202 0 0 0 0 1 209 142 242 
-2414 -1349 2604 -5263 574 -674 0 0 0 0 1 202 144 260 
-2275 -1279 2534 -4724 604 -307 0 0 0 0 1 211 155 266 
-2264 -1279 2527 -3900 771 157 0 0 0 0 1 207 144 265 
-2463 -1733 2434 -3182 1101 452 0 0 0 0 1 214 159 272 
-2579 -2120 2361 -2800 1355 551 0 0 0 0 1 198 154 272 
-2659 -2328 2358 -2403 1715 571 0 0 0 0 1 195 157 272 
-2666 -2415 2331 -2218 1876 522 0 0 0 0 1 200 164 279 
-2604 -2327 2261 -1984 1926 398 0 0 0 0 1 202 159 274 
-2484 -2170 2107 -1838 1877 296 0 0 0 0 1 198 161 270 
-2362 -1996 2087 -1634 1789 123 0 0 0 0 1 191 164 265 
-2198 -1916 1899 -1407 1756 -58 0 0 0 0 1 189 160 261 
-2114 -1885 1902 -1272 1869 -179 0 0 0 0 1 194 170 268 
-2034 -1831 1969 -1104 1995 -366 0 0 0 0 1 200 164 258 
-1931 -2104 1952 -981 2046 -426 0 0 0 0 1 191 157 253 
-1610 -2303 2130 -820 2395 -260 0 0 0 0 1 197 172 250 
-1324 -2517 2159 -473 2972 85 0 0 0 0 1 201 172 243 
-1571 -2800 2032 -111 3527 290 0 0 0 0 1 184 164 232 
-1983 -3003 2390 493 4408 521 0 0 0 0 1 189 175 224 
-2304 -3532 2393 1067 4599 780 0 0 0 0 1 182 172 210 
-2795 -3946 2773 1992 4246 1357 0 0 0 0 1 180 168 196 
-3512 -4955 5202 3083 1622 2711 0 0 0 0 1 168 172 180 
-3457 -5173 5147 4874 -2214 4148 0 0 0 0 1 166 185 180 
-4102 -4601 3409 9641 -6263 5549 0 0 0 0 1 155 171 162 
-4641 -5204 1160 13402 -5742 5986 0 0 0 0 1 152 175 152 
-4084 -5346 -631 18476 -3827 7461 0 0 0 0 1 152 160 131 
-2278 -5383 -3937 21669 -3438 10532 0 0 0 0 1 141 149 107 
-2180 -6585 -6135 22645 -3207 12893 0 0 0 0 1 136 117 67 
-3054 -8711 -8240 22074 -351 15321 0 0 0 0 1 112 91 40 
-2912 -10685 -11365 18761 2514 15918 0 0 0 0 1 88 47 -3 
2093 -10130 -10441 14593 6240 15191 0 0 0 0 1 60 20 -26 
3400 -9528 -8872 7301 8990 10020 0 0 0 0 1 31 15 -31 
263 -5841 -5042 1804 3426 247 0 0 0 0 1 17 -11 -45 
343 -4222 -3869 -1638 -2098 -5101 0 0 0 0 1 12 -20 -45 
-89 -2272 -3412 -7310 -7204 -8779 0 0 0 0 1 30 -12 -32 
272 -257 -4516 -9870 -7860 -8514 0 0 0 0 1 79 25 8 
337 -435 -4338 -9771 -4248 -6012 0 0 0 0 1 100 42 15 
-663 -517 -3003 -6038 -259 -3587 0 0 0 0 1 109 60 24 
-1390 12 -1793 -3133 1615 -2345 0 0 0 0 1 113 63 27 
-1352 298 -1284 -130 2848 -714 0 0 0 0 1 106 68 25 
-1470 440 -169 655 2304 524 0 0 0 0 1 99 68 23 
-1619 376 -107 535 1528 931 0 0 0 0 1 92 66 23 
-1852 169 -892 318 670 1010 0 0 0 0 1 96 66 30 
-1843 188 -1441 241 667 848 0 0 0 0 1 81 65 12 
-1655 281 -2052 136 833 537 0 0 0 0 1 84 68 13 
-1419 311 -2152 -30 726 348 0 0 0 0 1 76 67 12 
-1302 269 -2175 -432 321 148 0 0 0 0 1 74 74 12 
-1196 208 -2406 -706 179 62 0 0 0 0 1 76 62 19 
-1344 57 -2602 -1023 174 -83 0 0 0 0 1 73 68 9 
-1575 97 -2600 -1171 200 -264 0 0 0 0 1 79 72 22 
-1639 148 -2564 -1297 16 -658 0 0 0 0 1 81 74 17 
-1511 137 -2382 -1449 -406 -1038 0 0 0 0 1 87 76 23 
-1289 227 -2069 -1596 -735 -1263 0 0 0 0 1 75 78 16 
-1406 247 -1885 -1892 -1166 -1592 0 0 0 0 1 86 94 31 
-1523 155 -1716 -2212 -1649 -1753 0 0 0 0 1 92 83 34 
-1621 192 -1654 -2406 -1901 -1788 0 0 0 0 1 99 88 32 
-1739 303 -1503 -2709 -2096 -1779 0 0 0 0 1 102 91 43 
-1673 372 -1269 -2892 -2351 -1690 0 0 0 0 1 104 91 50 
-1497 455 -1156 -3113 -2772 -1463 0 0 0 0 1 113 95 60 
-1307 679 -1049 -3194 -2754 -1318 0 0 0 0 1 136 115 74 
-1287 768 -854 -3231 -2155 -1200 0 0 0 0 1 149 104 89 
-1426 867 -668 -3234 -1168 -1243 0 0 0 0 1 146 112 93 
-1689 965 -225 -3244 -561 -1334 0 0 0 0 1 148 125 102 
-1836 904 -74 -3186 -145 -1439 0 0 0 0 1 156 138 108 
-1943 882 265 -3133 -174 -1454 0 0 0 0 1 160 130 109 
-2005 927 688 -3069 -451 -1423 0 0 0 0 1 160 134 123 
-2164 994 985 -3085 -716 -1473 0 0 0 0 1 163 141 131 
-2293 1207 1361 -3139 -818 -1549 0 0 0 0 1 163 138 138 
-2241 1171 1375 -3216 -890 -1620 0 0 0 0 1 167 147 142 
-2043 1097 1368 -3272 -718 -1514 0 0 0 0 1 176 144 158 
-1858 935 1208 -3243 -426 -1279 0 0 0 0 1 173 133 147 
-1903 747 1263 -3191 377 -847 0 0 0 0 1 176 144 162 
-2039 640 1534 -3179 1469 -464 0 0 0 0 1 185 150 168 
-2428 454 1801 -3211 2178 -315 0 0 0 0 1 182 145 175 
-2600 385 2103 -3386 2970 -223 0 0 0 0 1 151 191 183 
-2779 -745 2212 -3161 2624 -920 0 0 0 0 1 145 197 180 
-2585 -720 2109 -3001 2310 -927 0 0 0 0 1 139 201 193 
-2262 -641 2188 -2855 2021 -817 0 0 0 0 1 143 201 193 
-2030 -731 2243 -2552 1774 -452 0 0 0 0 1 147 212 187 
-1581 -1117 2252 -2104 2045 75 0 0 0 0 1 140 212 201 
-1625 -1213 2134 -1715 2498 342 0 0 0 0 1 136 203 190 
-1837 -1448 2040 -997 3461 514 0 0 0 0 1 135 214 185 
-2360 -1931 2060 -496 4216 465 0 0 0 0 1 127 215 188 
-3078 -2299 2422 92 5259 118 0 0 0 0 1 129 223 181 
-4070 -3796 4125 509 5121 77 0 0 0 0 1 116 217 150 
-4857 -4532 4989 957 3729 335 0 0 0 0 1 104 219 147 
-6016 -4545 6488 2534 -1220 1099 0 0 0 0 1 114 222 143 
-6303 -4475 4106 5516 -6224 1938 0 0 0 0 1 106 203 128 
-6655 -3726 2903 11566 -8150 2246 0 0 0 0 1 122 188 116 
-5569 -4394 392 15528 -6663 2697 0 0 0 0 1 125 164 100 
-3244 -3892 -2320 20159 -6059 5238 0 0 0 0 1 136 127 90 
-2192 -4734 -4101 22536 -5500 9351 0 0 0 0 1 138 99 73 
-3340 -7883 -7975 22908 -3270 11711 0 0 0 0 1 138 77 52 
-4971 -10617 -9896 20710 2098 13387 0 0 0 0 1 126 42 26 
-3776 -11790 -11038 17499 4951 13521 0 0 0 0 1 110 14 23 
2921 -9420 -10271 11366 8377 12678 0 0 0 0 1 77 -12 -13 
3110 -8084 -8786 5801 9159 7194 0 0 0 0 1 43 -13 -29 
900 -5540 -5856 3026 5972 1722 0 0 0 0 1 29 -40 -33 
531 -4046 -2809 -1645 -1035 -4900 0 0 0 0 1 37 -39 -23 
-220 -2565 -1971 -6902 -5968 -7765 0 0 0 0 1 28 -46 -23 
-172 -1411 -2528 -9170 -6670 -7677 0 0 0 0 1 81 -1 1 
108 -1631 -3648 -9098 -3141 -6061 0 0 0 0 1 90 11 1 
-447 -1693 -3302 -6432 1646 -4411 0 0 0 0 1 104 20 15 
-1269 -1275 -1962 -4522 3179 -3448 0 0 0 0 1 89 51 9 
-1598 -526 -1041 -2562 2467 -2055 0 0 0 0 1 84 41 11 
-1597 29 -671 -1832 1204 -1177 0 0 0 0 1 76 42 3 
-1451 47 -914 -1139 143 -115 0 0 0 0 1 64 57 3 
-1262 -124 -1663 -566 77 540 0 0 0 0 1 73 51 13 
-1417 -351 -2219 -295 288 690 0 0 0 0 1 77 58 6 
-1726 -351 -2084 -308 728 543 0 0 0 0 1 60 57 8 
-1816 -422 -1903 -802 844 193 0 0 0 0 1 60 47 8 
-1756 -357 -1595 -1279 600 -36 0 0 0 0 1 67 65 8 
-1687 -115 -1510 -1955 -39 -352 0 0 0 0 1 64 60 5 
-1461 104 -1650 -2249 -463 -514 0 0 0 0 1 57 72 10 
-1298 107 -1742 -2431 -917 -691 0 0 0 0 1 66 83 13 
-1523 389 -1607 -2450 -1426 -921 0 0 0 0 1 73 98 30 
-1631 496 -1423 -2459 -1862 -1087 0 0 0 0 1 79 82 29 
-1627 541 -1212 -2514 -2572 -1295 0 0 0 0 1 81 101 43 
-1610 675 -894 -2593 -3075 -1416 0 0 0 0 1 93 91 47 
-1409 838 -813 -2712 -3710 -1556 0 0 0 0 1 108 110 41 
-1354 843 -865 -2754 -3912 -1655 0 0 0 0 1 116 111 66 
-1370 783 -949 -2739 -3690 -1716 0 0 0 0 1 135 121 80 
-1466 821 -801 -2757 -2782 -1859 0 0 0 0 1 156 109 103 
-1854 877 -186 -2885 -2080 -2017 0 0 0 0 1 147 118 110 
-1994 1024 283 -3261 -1921 -2192 0 0 0 0 1 162 117 111 
-1915 1153 440 -3739 -3059 -2104 0 0 0 0 1 172 120 123 
-1590 1114 564 -4043 -3727 -1919 0 0 0 0 1 178 126 145 
-1617 1132 504 -4359 -3841 -1715 0 0 0 0 1 171 123 147 
-1817 1053 580 -4518 -3370 -1699 0 0 0 0 1 193 117 167 
-1995 876 775 -4779 -1996 -1858 0 0 0 0 1 205 122 190 
-2166 507 1468 -5143 -381 -2098 0 0 0 0 1 208 131 208 
-2155 309 1679 -5416 432 -2210 0 0 0 0 1 204 136 208 
-2125 191 1709 -5705 874 -2227 0 0 0 0 1 212 122 228 
-1777 286 1766 -5778 688 -2046 0 0 0 0 1 214 127 228 
-1613 143 1574 -5580 167 -1558 0 0 0 0 1 218 116 236 
-1668 86 1729 -5256 271 -1151 0 0 0 0 1 225 123 236 
-1949 -152 1928 -4991 674 -986 0 0 0 0 1 221 117 251 
-2099 -512 1932 -4531 1405 -826 0 0 0 0 1 220 123 250 
-2272 -1049 1986 -4208 1889 -732 0 0 0 0 1 218 114 252 
-2238 -1224 1970 -3732 2606 -544 0 0 0 0 1 212 125 256 
-2280 -1484 1951 -3443 3051 -362 0 0 0 0 1 226 125 249 
-2204 -1590 2075 -3161 3555 12 0 0 0 0 1 217 127 249 
-2348 -1471 2331 -3068 3382 378 0 0 0 0 1 219 134 235 
-2520 -1545 2212 -2994 2761 615 0 0 0 0 1 211 138 226 
-2609 -1561 2156 -2857 1746 890 0 0 0 0 1 205 134 232 
-2755 -1630 2178 -2744 1285 987 0 0 0 0 1 206 148 224 
-2732 -1741 1926 -2411 964 1063 0 0 0 0 1 193 149 223 
-2615 -1790 1713 -2131 1022 1082 0 0 0 0 1 193 147 230 
-2519 -1756 1612 -1669 1328 1065 0 0 0 0 1 195 161 235 
-2189 -1696 1396 -1210 1761 1105 0 0 0 0 1 189 163 224 
-1861 -1731 1544 -990 2200 1230 0 0 0 0 1 193 169 218 
-1650 -1667 1642 -785 2734 1485 0 0 0 0 1 188 169 221 
-1571 -1697 1594 -663 2863 1644 0 0 0 0 1 182 177 215 
-1633 -1936 1633 -507 3166 1827 0 0 0 0 1 171 182 203 
-1899 -2419 1750 -407 3659 1877 0 0 0 0 1 160 188 188 
-2275 -2690 1981 -280 4511 1820 0 0 0 0 1 155 191 195 
-2941 -3972 2847 -138 5244 1975 0 0 0 0 1 147 202 182 
-3358 -4895 4182 -97 5295 2468 0 0 0 0 1 136 206 153 
-4241 -5548 5194 801 2157 3827 0 0 0 0 1 117 225 153 
-6094 -5585 5138 2879 -2307 4882 0 0 0 0 1 104 217 154 
-7416 -4827 4767 8520 -8422 5614 0 0 0 0 1 100 219 140 
-6939 -4219 1827 13326 -9595 5685 0 0 0 0 1 117 198 123 
-5526 -3979 -650 19626 -7458 6795 0 0 0 0 1 107 185 101 
-2285 -4244 -2556 22711 -5440 10768 0 0 0 0 1 109 150 71 
-2054 -5832 -5827 23220 -4533 13921 0 0 0 0 1 107 109 43 
-3958 -8017 -8259 21995 -2213 16401 0 0 0 0 1 84 78 4 
-6354 -10903 -10766 17370 2209 14954 0 0 0 0 1 83 42 -3 
-2364 -11073 -8861 11722 6408 12684 0 0 0 0 1 38 6 -24 
972 -10263 -8631 3862 9875 7553 0 0 0 0 1 12 -8 -38 
3235 -7354 -7347 97 5515 1130 0 0 0 0 1 -9 -14 -41 
2204 -3745 -3096 -2563 -2809 -4277 0 0 0 0 1 -12 -20 -45 
643 -2809 -2880 -4700 -5861 -6687 0 0 0 0 1 -1 -3 -33 
174 -1908 -3085 -7380 -6307 -7654 0 0 0 0 1 53 23 -15 
-120 -1418 -3610 -7315 -3464 -6275 0 0 0 0 1 79 23 3 
-607 -693 -3645 -5922 -1201 -4901 0 0 0 0 1 75 44 13 
-759 -610 -3271 -3428 2014 -3009 0 0 0 0 1 77 61 13 
-1053 -391 -600 -2132 3836 -1630 0 0 0 0 1 67 72 5 
-1413 -263 532 -1991 3500 -981 0 0 0 0 1 67 69 12 
-1636 -142 539 -1785 1568 -346 0 0 0 0 1 57 72 1 
-1424 -80 -526 -1292 620 -35 0 0 0 0 1 34 77 -3 
-1201 174 -1648 -136 235 302 0 0 0 0 1 54 88 -2 
-1246 339 -2054 831 439 432 0 0 0 0 1 42 66 6 
-1325 163 -2375 1125 409 452 0 0 0 0 1 37 73 -6 
-1273 -20 -2294 905 -18 413 0 0 0 0 1 37 71 20 
-1226 -166 -2150 112 -452 279 0 0 0 0 1 41 52 1 
-1130 -163 -2055 -514 -506 117 0 0 0 0 1 42 73 11 
-1087 -187 -2211 -1245 -309 -160 0 0 0 0 1 46 67 1 
-1028 -187 -2332 -1542 -154 -320 0 0 0 0 1 42 78 9 
-967 -203 -2460 -1682 -263 -554 0 0 0 0 1 42 93 9 
-1246 42 -2568 -1649 -651 -930 0 0 0 0 1 54 85 16 
-1440 48 -2534 -1631 -855 -1274 0 0 0 0 1 50 96 12 
-1597 69 -2425 -1709 -1000 -1844 0 0 0 0 1 55 87 19 
-1693 84 -2149 -1861 -1015 -2177 0 0 0 0 1 60 87 26 
-1644 97 -1882 -2206 -858 -2541 0 0 0 0 1 73 103 27 
-1470 202 -1496 -2468 -726 -2674 0 0 0 0 1 87 107 39 
-1121 359 -1270 -2844 -780 -2660 0 0 0 0 1 81 104 36 
-1012 584 -1116 -3139 -1255 -2619 0 0 0 0 1 96 105 41 
-1259 689 -1091 -3270 -1561 -2694 0 0 0 0 1 94 107 41 
-1588 785 -1007 -3419 -1713 -2990 0 0 0 0 1 103 110 46 
-2241 666 -886 -3581 -1549 -3454 0 0 0 0 1 103 117 69 
-2616 537 -358 -3780 -1225 -3772 0 0 0 0 1 123 126 84 
-2686 520 -41 -4184 -685 -4110 0 0 0 0 1 132 122 90 
-2451 653 340 -4481 -540 -4148 0 0 0 0 1 139 125 86 
-2183 839 494 -4887 -810 -3863 0 0 0 0 1 139 130 104 
-1970 869 629 -5190 -1410 -3316 0 0 0 0 1 153 127 121 
-2327 617 675 -5321 -1610 -3004 0 0 0 0 1 162 127 125 
-2537 463 806 -5409 -1285 -2688 0 0 0 0 1 162 132 130 
-2752 85 759 -5323 -706 -2546 0 0 0 0 1 173 138 152 
-2966 -239 1064 -5100 662 -2409 0 0 0 0 1 173 145 173 
-2879 -321 1442 -4866 2054 -2142 0 0 0 0 1 176 154 165 
-2988 -520 1681 -4656 2495 -1894 0 0 0 0 1 189 148 171 
-2980 -497 1833 -4279 2328 -1395 0 0 0 0 1 176 147 165 
-3008 -442 1884 -3790 1704 -798 0 0 0 0 1 176 147 174 
-3004 -508 1927 -3445 1430 -402 0 0 0 0 1 179 147 174 
-3273 -806 1968 -2988 1418 28 0 0 0 0 1 172 149 167 
-3733 -1464 2084 -2781 1571 167 0 0 0 0 1 161 160 178 
-3863 -1765 2175 -2619 1797 258 0 0 0 0 1 156 163 187 
-3899 -2016 2239 -2551 1735 332 0 0 0 0 1 165 171 176 
-3735 -2075 2200 -2496 1599 421 0 0 0 0 1 160 183 181 
-3564 -2041 2262 -2397 1527 565 0 0 0 0 1 149 180 182 
-3470 -1922 2228 -2267 1404 609 0 0 0 0 1 155 181 186 
-3395 -1757 2008 -1895 955 594 0 0 0 0 1 154 180 187 
-3171 -1551 1918 -1585 674 552 0 0 0 0 1 149 195 180 
-3024 -1489 1853 -1076 429 485 0 0 0 0 1 155 191 181 
-2788 -1862 1669 -546 453 431 0 0 0 0 1 148 206 190 
-2698 -2153 1765 -256 748 444 0 0 0 0 1 147 195 189 
-2755 -2448 2073 1 1408 486 0 0 0 0 1 133 212 187 
-3194 -2427 2793 78 1476 496 0 0 0 0 1 133 212 185 
-3339 -2469 2828 413 744 652 0 0 0 0 1 138 207 182 
-3669 -2968 3320 794 251 834 0 0 0 0 1 138 209 187 
-4118 -3736 4502 1637 -413 1324 0 0 0 0 1 132 206 167 
-3922 -4010 5493 3392 -3037 2496 0 0 0 0 1 138 214 175 
-4409 -3522 4328 5760 -5801 3152 0 0 0 0 1 133 209 168 
-5072 -3369 3529 10223 -6852 3258 0 0 0 0 1 123 204 159 
-5014 -3924 1775 13162 -6200 3358 0 0 0 0 1 145 199 136 
-4463 -3928 105 16516 -5611 4254 0 0 0 0 1 134 183 130 
-4152 -4752 -1021 17044 -7050 5732 0 0 0 0 1 132 164 109 
-4966 -6295 -1908 16186 -10008 6515 0 0 0 0 1 156 111 87 
-6163 -8045 -6160 16224 -11174 6289 0 0 0 0 1 172 103 111 
-5415 -9196 -12373 15759 -940 5860 0 0 0 0 1 173 84 101 
-2289 -8621 -12338 13443 4497 6402 0 0 0 0 1 162 78 81 
-2041 -7453 -10478 8025 3318 5063 0 0 0 0 1 162 63 55 
-1193 -5312 -7925 4050 1176 2162 0 0 0 0 1 140 52 33 
-69 -3359 -7321 -1333 -1501 -2323 0 0 0 0 1 140 50 45 
1073 -1409 -6753 -4240 -2191 -4055 0 0 0 0 1 165 36 55 
505 -1223 -5212 -7193 -1873 -4867 0 0 0 0 1 168 45 71 
136 -2012 -3505 -7950 -1234 -4505 0 0 0 0 1 182 62 82 
-97 -2114 -3273 -7147 629 -3732 0 0 0 0 1 169 68 83 
-808 -1778 -3024 -5064 2364 -3089 0 0 0 0 1 187 69 91 
-1114 -1092 -2036 -3856 2522 -2466 0 0 0 0 1 174 78 83 
-1360 -731 -1528 -2723 1793 -1415 0 0 0 0 1 180 74 80 
-1741 -392 -1381 -2284 1390 -801 0 0 0 0 1 181 61 86 
-1745 -353 -1582 -1856 1156 -35 0 0 0 0 1 163 84 89 
-1976 -335 -1838 -1570 1174 428 0 0 0 0 1 163 84 91 
-2127 -420 -2158 -1400 1337 539 0 0 0 0 1 156 99 91 
-2125 -400 -2207 -1252 1949 525 0 0 0 0 1 158 98 76 
-2287 -222 -2169 -1252 2234 412 0 0 0 0 1 154 104 66 
-2338 -38 -2057 -1378 2269 190 0 0 0 0 1 138 104 71 
-2183 -24 -1855 -1605 2118 34 0 0 0 0 1 133 106 66 
-1881 73 -1524 -1777 1914 -46 0 0 0 0 1 126 109 57 
-1692 113 -1396 -1982 1439 -179 0 0 0 0 1 122 110 72 
-1601 138 -1355 -2035 1063 -327 0 0 0 0 1 110 127 67 
-1773 187 -1326 -2027 676 -754 0 0 0 0 1 110 130 65 
-2232 312 -1235 -2019 530 -1168 0 0 0 0 1 115 122 72 
-2467 368 -1082 -2116 286 -1793 0 0 0 0 1 125 137 79 
-2385 298 -910 -2237 66 -2096 0 0 0 0 1 133 133 82 
-2297 307 -819 -2503 -14 -2288 0 0 0 0 1 110 130 76 
-2141 409 -507 -2809 197 -2256 0 0 0 0 1 129 137 93 
-2007 535 -227 -3005 309 -2139 0 0 0 0 1 130 131 94 
-2018 633 136 -3310 298 -1897 0 0 0 0 1 128 131 105 
-2107 656 321 -3592 -24 -1647 0 0 0 0 1 139 142 95 
-2166 587 281 -3681 -355 -1512 0 0 0 0 1 148 149 104 
-2392 371 237 -3661 -545 -1445 0 0 0 0 1 129 144 109 
-2765 219 211 -3555 -270 -1505 0 0 0 0 1 149 143 126 
-2792 239 478 -3379 623 -1556 0 0 0 0 1 148 159 130 
-2645 250 871 -3251 1156 -1505 0 0 0 0 1 155 164 135 
-2453 348 957 -2978 1351 -1247 0 0 0 0 1 136 164 137 
-2363 342 895 -2726 1103 -1016 0 0 0 0 1 152 163 143 
-2472 321 1032 -2398 724 -743 0 0 0 0 1 151 166 142 
-2938 127 1134 -2227 636 -660 0 0 0 0 1 142 175 145 
-3151 -79 1151 -2036 757 -585 0 0 0 0 1 149 168 150 
-3369 -402 1414 -1992 932 -555 0 0 0 0 1 148 174 158 
-3537 -464 1680 -2063 937 -559 0 0 0 0 1 123 172 157 
-3548 -407 1665 -2093 608 -556 0 0 0 0 1 146 181 151 
-3512 -340 1574 -2036 9 -518 0 0 0 0 1 143 174 160 
-3325 -319 1586 -1968 -127 -440 0 0 0 0 1 151 181 162 
-3257 -333 1517 -1797 42 -313 0 0 0 0 1 134 188 174 
-3384 -411 1386 -1650 270 -266 0 0 0 0 1 146 188 167 
-3431 -464 1425 -1502 571 -252 0 0 0 0 1 152 195 166 
-3551 -666 1636 -1500 671 -213 0 0 0 0 1 141 186 169 
-3409 -876 1700 -1536 645 -111 0 0 0 0 1 143 193 179 
-3241 -911 1860 -1661 628 137 0 0 0 0 1 139 201 174 
-2972 -817 1847 -1728 554 299 0 0 0 0 1 147 190 178 
-2903 -777 1803 -1685 288 492 0 0 0 0 1 141 201 195 
-2786 -731 1694 -1499 92 556 0 0 0 0 1 138 209 187 
-2712 -763 1653 -1329 151 553 0 0 0 0 1 138 219 194 
-2537 -1095 1876 -1082 455 485 0 0 0 0 1 134 208 197 
-2600 -1129 1891 -898 642 353 0 0 0 0 1 136 218 200 
-2733 -1273 1902 -627 900 62 0 0 0 0 1 128 214 196 
-2875 -1400 2251 -527 1079 -168 0 0 0 0 1 126 224 194 
-3084 -1662 2916 -469 1255 -170 0 0 0 0 1 139 218 193 
-2400 -2568 3814 -394 1224 326 0 0 0 0 1 134 220 183 
-2701 -3055 4095 163 899 1370 0 0 0 0 1 138 224 203 
-3459 -3769 4588 990 547 2204 0 0 0 0 1 117 223 183 
-3715 -4366 4666 3284 -635 3745 0 0 0 0 1 108 223 183 
-4564 -3790 4918 5420 -1698 4616 0 0 0 0 1 114 234 166 
-5499 -3336 5183 9227 -4803 5557 0 0 0 0 1 92 225 153 
-5569 -3841 3605 13739 -8978 6220 0 0 0 0 1 96 220 130 
-5648 -4324 1119 16654 -10005 6183 0 0 0 0 1 92 220 118 
-4354 -5804 -4423 19521 -9161 6427 0 0 0 0 1 113 186 86 
-3991 -7360 -7838 19225 -6856 6832 0 0 0 0 1 110 154 72 
-3691 -8636 -9800 15244 -2862 7963 0 0 0 0 1 110 103 27 
-2964 -8905 -11995 11255 522 8338 0 0 0 0 1 104 89 22 
-1664 -8062 -13784 6544 2877 7451 0 0 0 0 1 89 80 4 
743 -4305 -12486 4314 2468 5487 0 0 0 0 1 77 61 -4 
1342 -2057 -9726 800 165 1232 0 0 0 0 1 70 61 -9 
1638 -685 -6923 -3038 -1989 -2293 0 0 0 0 1 77 68 -4 
966 -511 -5857 -5284 -2203 -3905 0 0 0 0 1 80 80 6 
-71 -1673 -2846 -7459 -1624 -4743 0 0 0 0 1 97 87 12 
-452 -1704 -1483 -7641 -1367 -4433 0 0 0 0 1 107 94 36 
-783 -1133 -1451 -5651 -644 -3521 0 0 0 0 1 119 118 52 
-891 -564 -1698 -3671 895 -2872 0 0 0 0 1 126 116 54 
-806 -430 -893 -1523 1888 -1540 0 0 0 0 1 123 123 57 
-1022 -182 146 -887 1202 -558 0 0 0 0 1 133 116 61 
-1327 -191 183 -552 603 452 0 0 0 0 1 119 133 71 
-1584 -70 -711 -344 641 774 0 0 0 0 1 128 121 64 
-1575 136 -1136 -35 992 960 0 0 0 0 1 121 131 75 
-1529 344 -1699 176 964 956 0 0 0 0 1 116 131 61 
-1784 460 -2124 203 897 791 0 0 0 0 1 107 128 64 
-1812 531 -2385 39 972 419 0 0 0 0 1 100 133 54 
-1587 558 -2729 -363 1183 98 0 0 0 0 1 95 136 43 
-1446 535 -2758 -718 1478 -5 0 0 0 0 1 96 132 53 
-994 463 -2936 -1205 2053 -16 0 0 0 0 1 88 126 54 
-716 334 -2971 -1432 2383 -76 0 0 0 0 1 90 133 57 
-874 428 -2867 -1650 2452 -468 0 0 0 0 1 79 145 38 
-1261 405 -2477 -1785 2238 -905 0 0 0 0 1 73 144 41 
-1474 380 -2206 -1997 1585 -1638 0 0 0 0 1 67 158 50 
-1496 342 -2118 -2117 1009 -2063 0 0 0 0 1 66 159 53 
-1347 433 -1988 -2343 486 -2548 0 0 0 0 1 75 149 41 
-1170 458 -1834 -2499 261 -2797 0 0 0 0 1 80 149 62 
-1081 538 -1708 -2720 -81 -3114 0 0 0 0 1 81 153 71 
-1139 619 -1455 -2844 -150 -3331 0 0 0 0 1 89 142 74 
-1362 618 -1245 -2942 100 -3619 0 0 0 0 1 96 152 72 
-1694 643 -554 -3116 260 -3743 0 0 0 0 1 103 169 88 
-1762 593 -235 -3268 2 -3652 0 0 0 0 1 104 165 84 
-1806 555 85 -3471 -493 -3317 0 0 0 0 1 108 161 88 
-1883 501 311 -3519 -754 -3091 0 0 0 0 1 123 182 101 
-2138 489 331 -3440 -923 -2970 0 0 0 0 1 125 166 114 
-2603 329 672 -3361 -825 -3050 0 0 0 0 1 140 163 115 
-2666 252 698 -3220 -451 -3322 0 0 0 0 1 146 161 128 
-2715 63 889 -3087 230 -3540 0 0 0 0 1 147 160 136 
-2736 -11 1021 -3056 802 -3528 0 0 0 0 1 152 165 131 
-2616 -388 1694 -3109 1343 -3153 0 0 0 0 1 161 153 140 
-2531 -434 1781 -3155 1298 -2704 0 0 0 0 1 160 152 139 
-2984 -565 1987 -3171 1046 -2275 0 0 0 0 1 163 148 152 
-3276 -628 2077 -3133 682 -1816 0 0 0 0 1 162 159 153 
-3454 -744 2001 -2910 496 -1535 0 0 0 0 1 168 163 159 
-3581 -749 1775 -2630 503 -1410 0 0 0 0 1 162 154 162 
-3628 -737 1377 -2057 872 -1223 0 0 0 0 1 168 148 168 
-3691 -948 1426 -1558 1760 -927 0 0 0 0 1 162 142 167 
-3896 -1022 1588 -1402 2202 -729 0 0 0 0 1 155 161 162 
-4228 -1210 1827 -1522 1968 -492 0 0 0 0 1 173 163 164 
-4468 -1361 2239 -1798 1244 -360 0 0 0 0 1 161 158 157 
-4420 -1392 2296 -2247 -10 -148 0 0 0 0 1 156 158 159 
-4119 -1461 2212 -2431 -461 18 0 0 0 0 1 159 168 168 
-3831 -1406 2061 -2397 -622 297 0 0 0 0 1 166 160 171 
-3331 -1315 1770 -2170 -581 490 0 0 0 0 1 163 165 180 
-3208 -1272 1766 -1697 -385 695 0 0 0 0 1 168 168 189 
-3029 -1387 1797 -1221 -147 886 0 0 0 0 1 160 181 195 
-2731 -1789 2153 -1015 167 1035 0 0 0 0 1 152 180 185 
-2682 -1974 2516 -893 619 1167 0 0 0 0 1 153 201 190 
-3000 -2373 2856 -825 710 1131 0 0 0 0 1 152 195 189 
-3212 -2733 3156 -669 911 1129 0 0 0 0 1 155 201 195 
-2713 -3110 4225 -341 1114 1636 0 0 0 0 1 147 207 189 
-2781 -2952 4423 184 676 2121 0 0 0 0 1 146 218 186 
-3025 -2805 4971 1780 -1057 3034 0 0 0 0 1 132 206 197 
-3322 -2968 4905 3564 -2448 3682 0 0 0 0 1 134 215 186 
-3680 -3531 4322 7259 -3624 4715 0 0 0 0 1 127 213 188 
-3538 -3255 3265 10055 -3918 5443 0 0 0 0 1 102 226 138 
-3206 -2821 1976 13928 -4965 6784 0 0 0 0 1 101 208 123 
-2869 -3271 702 16973 -5936 8376 0 0 0 0 1 97 195 103 
-3168 -4940 -2961 18383 -5090 8945 0 0 0 0 1 93 175 64 
-3906 -6347 -5372 18027 -2988 8452 0 0 0 0 1 94 142 39 
-4336 -9038 -6404 15294 -2426 7510 0 0 0 0 1 93 101 26 
-2639 -10065 -9549 9751 -772 5403 0 0 0 0 1 89 83 6 
-283 -9535 -12582 6227 1467 3691 0 0 0 0 1 77 51 -4 
1633 -5492 -12798 4700 2198 2219 0 0 0 0 1 62 35 -5 
1412 -3010 -9986 1358 716 -714 0 0 0 0 1 69 20 -15 
1267 -1529 -6436 -1445 -1213 -2425 0 0 0 0 1 63 19 -9 
886 -1197 -5473 -4878 -2245 -4075 0 0 0 0 1 79 23 -1 
770 -1812 -3692 -6367 -993 -4078 0 0 0 0 1 93 33 17 
312 -1957 -2396 -6287 140 -3510 0 0 0 0 1 103 46 4 
-273 -1658 -1923 -4748 1310 -2516 0 0 0 0 1 92 51 23 
-531 -1208 -1758 -3339 1949 -1852 0 0 0 0 1 96 76 25 
-733 -960 -1440 -1723 2256 -978 0 0 0 0 1 93 87 29 
-1118 -611 -1119 -1175 1930 -528 0 0 0 0 1 83 91 24 
-1268 -519 -1055 -1004 1507 -103 0 0 0 0 1 80 90 20 
-1234 -411 -1456 -1090 1390 37 0 0 0 0 1 84 88 16 
-1144 -334 -1740 -1280 1461 27 0 0 0 0 1 68 103 13 
-1276 -304 -2098 -1362 1436 -141 0 0 0 0 1 61 93 25 
-1461 -236 -2192 -1404 940 -618 0 0 0 0 1 61 100 23 
-1633 -119 -2291 -1411 87 -1179 0 0 0 0 1 57 104 29 
-1548 25 -2526 -1394 -282 -1476 0 0 0 0 1 62 99 29 
-1357 63 -2641 -1377 -119 -1664 0 0 0 0 1 68 105 18 
-959 54 -2462 -1429 401 -1568 0 0 0 0 1 55 109 26 
-857 44 -2406 -1466 634 -1427 0 0 0 0 1 68 120 23 
-833 122 -2222 -1530 805 -1344 0 0 0 0 1 61 115 25 
-1091 174 -2045 -1599 742 -1451 0 0 0 0 1 63 100 30 
-1587 227 -1802 -1773 401 -1878 0 0 0 0 1 60 111 24 
-2141 227 -1483 -1956 54 -2272 0 0 0 0 1 73 112 48 
-2245 310 -1270 -2323 -691 -2716 0 0 0 0 1 71 126 43 
-2116 402 -1282 -2522 -1037 -2808 0 0 0 0 1 80 132 51 
-1963 513 -1243 -2696 -1163 -2638 0 0 0 0 1 82 110 53 
-1598 637 -1132 -2696 -1148 -2372 0 0 0 0 1 97 133 54 
-1609 729 -1102 -2544 -1010 -2026 0 0 0 0 1 103 139 62 
-1756 787 -970 -2398 -858 -1932 0 0 0 0 1 106 142 74 
-2011 698 -848 -2163 -580 -1985 0 0 0 0 1 101 137 79 
-2199 571 -778 -2039 -272 -2130 0 0 0 0 1 110 144 79 
-2568 408 -433 -2025 322 -2334 0 0 0 0 1 104 138 82 
-2792 247 83 -2136 512 -2385 0 0 0 0 1 119 143 91 
-2884 238 437 -2477 87 -2270 0 0 0 0 1 119 150 84 
-2773 298 832 -2740 -605 -2061 0 0 0 0 1 126 141 94 
-2717 373 819 -2977 -1688 -1723 0 0 0 0 1 126 150 105 
-2675 523 522 -2958 -2137 -1535 0 0 0 0 1 154 141 108 
-2565 510 293 -2622 -2230 -1303 0 0 0 0 1 143 144 118 
-2584 397 11 -2268 -1750 -1211 0 0 0 0 1 142 145 129 
-2628 248 94 -1765 -164 -1126 0 0 0 0 1 146 139 144 
-2765 -217 442 -1521 1153 -1064 0 0 0 0 1 158 161 137 
-2854 -381 783 -1368 2686 -932 0 0 0 0 1 146 147 137 
-3004 -428 1200 -1404 2941 -720 0 0 0 0 1 140 165 124 
-3109 -280 1388 -1479 2398 -566 0 0 0 0 1 140 165 122 
-3098 -55 1435 -1596 1184 -337 0 0 0 0 1 139 166 130 
-2994 135 1379 -1637 545 -189 0 0 0 0 1 140 172 119 
-2989 96 1191 -1558 208 -44 0 0 0 0 1 142 172 133 
-3156 -77 1060 -1478 375 -68 0 0 0 0 1 123 165 138 
-3650 -600 1074 -1433 938 -319 0 0 0 0 1 135 168 138 
-3949 -860 1234 -1510 1305 -566 0 0 0 0 1 129 181 132 
-4029 -1116 1479 -1774 1523 -831 0 0 0 0 1 128 185 136 
-3889 -1262 1686 -2026 1458 -868 0 0 0 0 1 130 175 131 
-3385 -1198 1793 -2345 1260 -723 0 0 0 0 1 139 176 146 
-3280 -1115 1791 -2486 1332 -555 0 0 0 0 1 133 187 147 
-3005 -700 2192 -2609 1472 -343 0 0 0 0 1 130 185 140 
-2939 -752 2158 -2602 1441 78 0 0 0 0 1 129 193 142 
-2762 -997 2235 -2426 1463 530 0 0 0 0 1 122 186 149 
-3207 -1250 2284 -2205 1565 657 0 0 0 0 1 114 209 140 
-3771 -1464 2112 -1662 1675 506 0 0 0 0 1 114 212 147 
-4676 -2149 2676 -1326 1753 263 0 0 0 0 1 116 199 161 
-5083 -2533 3255 -825 1132 92 0 0 0 0 1 108 206 142 
-5132 -2711 3479 -276 40 283 0 0 0 0 1 109 212 140 
-5428 -2709 3950 874 -1583 1104 0 0 0 0 1 113 213 158 
-4647 -3047 4784 2201 -3281 2378 0 0 0 0 1 112 212 152 
-4841 -2676 3968 5753 -5665 4177 0 0 0 0 1 107 214 154 
-5462 -2519 3199 8533 -5782 4991 0 0 0 0 1 122 210 142 
-5076 -2519 2847 12439 -7218 6521 0 0 0 0 1 108 198 121 
-4597 -1999 370 14845 -9664 7627 0 0 0 0 1 119 187 112 
-4401 -2679 -819 18304 -10894 9211 0 0 0 0 1 117 174 97 
-4062 -5298 -3601 19981 -5266 11136 0 0 0 0 1 119 148 77 
-4831 -5792 -5585 20350 -2321 12774 0 0 0 0 1 101 100 46 
-6326 -6884 -7567 19867 1356 13779 0 0 0 0 1 88 72 22 
-5902 -8414 -6681 17499 2822 13189 0 0 0 0 1 63 36 11 
-3347 -9383 -5535 -3442 3772 -1289 0 0 0 0 1 112 72 38 
-1488 -1205 -131 -2323 4095 -1005 0 0 0 0 1 86 84 22 
-1682 -987 215 -2008 3651 -1051 0 0 0 0 1 76 96 22 
-1841 -846 142 -1681 2479 -1371 0 0 0 0 1 71 74 19 
-1824 -357 -615 -1307 1342 -1749 0 0 0 0 1 66 95 13 
-1725 -241 -992 -1088 740 -1926 0 0 0 0 1 60 91 17 
-1680 -105 -1249 -946 88 -2095 0 0 0 0 1 64 82 15 
-1470 23 -1747 -1043 -307 -2104 0 0 0 0 1 69 84 22 
-1315 24 -1892 -1239 -256 -2039 0 0 0 0 1 77 90 27 
-1207 -54 -1995 -1586 136 -1924 0 0 0 0 1 68 88 20 
-1265 -122 -2180 -1789 484 -1907 0 0 0 0 1 66 95 23 
-1307 -178 -2245 -2014 1031 -2013 0 0 0 0 1 70 100 25 
-1316 -146 -2245 -2114 1432 -2245 0 0 0 0 1 76 99 29 
-1404 61 -2257 -2108 1601 -2446 0 0 0 0 1 58 98 23 
-1527 171 -2191 -2052 1715 -2778 0 0 0 0 1 66 112 30 
-1732 291 -1972 -2029 1660 -2963 0 0 0 0 1 61 103 30 
-1844 382 -1679 -2126 1252 -3103 0 0 0 0 1 70 98 34 
-1944 460 -1101 -2386 469 -3051 0 0 0 0 1 63 117 30 
-2087 573 -860 -2625 54 -2999 0 0 0 0 1 68 105 37 
-2168 747 -723 -2970 -403 -2934 0 0 0 0 1 64 109 38 
-2405 798 -793 -3134 -679 -2930 0 0 0 0 1 76 118 45 
-2449 890 -859 -3267 -800 -2991 0 0 0 0 1 84 122 41 
-2430 870 -1017 -3209 -494 -2962 0 0 0 0 1 94 125 60 
-2688 688 -1003 -3115 -94 -2915 0 0 0 0 1 89 132 67 
-2890 668 -637 -3109 454 -2806 0 0 0 0 1 99 137 72 
-3367 580 136 -3221 410 -2710 0 0 0 0 1 89 137 67 
-3416 593 549 -3549 -252 -2530 0 0 0 0 1 112 145 84 
-3356 632 851 -3896 -1058 -2299 0 0 0 0 1 116 145 89 
-3225 662 872 -4002 -1554 -2129 0 0 0 0 1 117 139 97 
-3070 732 766 -3886 -2118 -1824 0 0 0 0 1 121 163 94 
-2945 645 465 -3613 -2253 -1623 0 0 0 0 1 138 165 129 
-3071 444 298 -3019 -1742 -1406 0 0 0 0 1 147 168 138 
-3285 23 678 -2667 -845 -1291 0 0 0 0 1 151 157 142 
-3375 -252 1143 -2370 699 -1110 0 0 0 0 1 151 164 149 
-3481 -449 1497 -2261 1252 -982 0 0 0 0 1 139 161 153 
-3574 -363 1627 -2195 1033 -817 0 0 0 0 1 154 175 145 
-3514 -267 1860 -2248 36 -600 0 0 0 0 1 148 171 151 
-3303 -239 1981 -2307 -682 -409 0 0 0 0 1 143 169 160 
-3213 -276 1874 -2312 -1480 -163 0 0 0 0 1 155 183 160 
-3278 -586 1660 -2274 -1634 -88 0 0 0 0 1 159 177 189 
-3250 -1000 1681 -2244 -1290 -66 0 0 0 0 1 168 168 192 
-3117 -1155 1721 -2250 -628 -28 0 0 0 0 1 155 188 200 
-2735 -1231 1777 -2252 -175 59 0 0 0 0 1 160 188 207 
-2476 -1183 1856 -2225 360 247 0 0 0 0 1 155 188 207 
-2276 -1081 1861 -2160 557 339 0 0 0 0 1 165 191 207 
-2244 -1015 1833 -1977 717 333 0 0 0 0 1 159 204 201 
-2177 -940 1835 -1830 894 238 0 0 0 0 1 162 196 218 
-2125 -1028 1924 -1620 1361 51 0 0 0 0 1 155 201 225 
-1983 -1228 2017 -1497 1850 25 0 0 0 0 1 158 218 216 
-1411 -1899 2664 -1415 2541 161 0 0 0 0 1 152 207 213 
-1504 -2093 2892 -1378 3604 430 0 0 0 0 1 148 220 214 
-2886 -2771 3284 -1196 4230 378 0 0 0 0 1 145 209 201 
-3225 -3068 3396 -895 4539 318 0 0 0 0 1 128 214 208 
-3884 -3474 4110 -305 4438 416 0 0 0 0 1 134 215 188 
-4473 -3755 5921 369 2839 1018 0 0 0 0 1 121 217 182 
-4327 -3903 5577 3426 -2525 3099 0 0 0 0 1 120 228 179 
-4200 -4759 4046 8814 -6282 5280 0 0 0 0 1 119 222 166 
-5429 -3740 2076 13023 -6803 5948 0 0 0 0 1 108 223 149 
-5181 -3780 -1122 19121 -5995 6843 0 0 0 0 1 109 209 110 
-3385 -4971 -4461 21832 -4441 8227 0 0 0 0 1 103 171 81 
-2647 -6992 -6279 22857 -2234 11227 0 0 0 0 1 95 141 50 
-3777 -9013 -9005 19220 -675 12362 0 0 0 0 1 94 83 23 
-3576 -11652 -9253 14110 1604 11859 0 0 0 0 1 67 60 8 
4057 -9132 -11581 6695 4515 10521 0 0 0 0 1 67 25 -3 
5329 -5945 -13072 4020 5936 8483 0 0 0 0 1 17 18 -40 
1833 -2295 -11075 1387 3683 2082 0 0 0 0 1 9 4 -37 
-107 -1258 -4506 -3072 -2086 -3224 0 0 0 0 1 9 14 -34 
5 -881 -4155 -6273 -4603 -4857 0 0 0 0 1 22 13 -26 
64 -1072 -4520 -8708 -4921 -5310 0 0 0 0 1 42 44 -4 
364 -1979 -3698 -8575 -3152 -4723 0 0 0 0 1 60 62 5 
271 -1970 -2725 -6627 -187 -3476 0 0 0 0 1 79 87 12 
-274 -1589 -1490 -4924 1227 -2759 0 0 0 0 1 86 109 22 
-588 -1259 -689 -2866 2001 -1861 0 0 0 0 1 81 123 26 
-504 -678 470 -1737 1294 -910 0 0 0 0 1 66 125 25 
-515 -719 597 -1285 951 -332 0 0 0 0 1 80 127 27 
-674 -553 263 -574 677 239 0 0 0 0 1 76 118 31 
-813 -164 -531 -29 467 440 0 0 0 0 1 75 122 39 
-847 3 -984 717 250 530 0 0 0 0 1 81 123 26 
-770 168 -1670 1035 215 477 0 0 0 0 1 68 120 27 
-660 180 -1988 1176 203 364 0 0 0 0 1 76 111 43 
-534 124 -2442 1015 349 323 0 0 0 0 1 67 116 17 
-521 80 -2551 785 596 323 0 0 0 0 1 64 101 31 
-599 25 -2602 398 1020 307 0 0 0 0 1 43 114 19 
-669 -47 -2613 169 1228 295 0 0 0 0 1 58 115 18 
-628 -90 -2518 -105 1429 316 0 0 0 0 1 57 116 19 
-410 -21 -2331 -244 1495 352 0 0 0 0 1 55 104 24 
-345 6 -2309 -315 1411 353 0 0 0 0 1 44 115 20 
-308 12 -2240 -287 1302 308 0 0 0 0 1 40 107 9 
-332 -7 -2218 -165 1150 160 0 0 0 0 1 35 117 32 
-490 -16 -2106 -73 1070 13 0 0 0 0 1 14 103 16 
-586 -36 -2087 69 911 -252 0 0 0 0 1 28 105 11 
-753 -73 -1985 160 808 -438 0 0 0 0 1 25 98 11 
-895 -68 -1874 274 724 -726 0 0 0 0 1 12 104 12 
-970 -9 -1677 342 641 -896 0 0 0 0 1 11 98 13 
-959 120 -1524 448 314 -1096 0 0 0 0 1 5 99 5 
-929 343 -1416 526 -52 -1205 0 0 0 0 1 11 98 6 
-883 458 -1393 690 -588 -1324 0 0 0 0 1 15 89 8 
-1100 512 -1467 839 -824 -1433 0 0 0 0 1 24 89 19 
-1345 517 -1379 1034 -869 -1694 0 0 0 0 1 37 80 9 
-1703 492 -962 1140 -681 -1971 0 0 0 0 1 23 76 9 
-1759 472 -866 1177 -625 -2136 0 0 0 0 1 28 61 4 
-1845 542 -696 1230 -790 -2343 0 0 0 0 1 41 57 8 
-1723 769 -638 1280 -1002 -2416 0 0 0 0 1 47 51 2 
-1615 928 -664 1424 -1293 -2436 0 0 0 0 1 48 40 5 
-1690 1113 -888 1590 -1350 -2436 0 0 0 0 1 53 33 -1 
-1945 1175 -868 1833 -1006 -2513 0 0 0 0 1 44 26 11 
-2326 1150 -427 1897 -513 -2595 0 0 0 0 1 62 18 24 
-2409 1045 -138 1874 255 -2662 0 0 0 0 1 64 -8 1 
-2464 786 -103 1866 537 -2653 0 0 0 0 1 62 -18 10 
-2534 672 -254 1954 561 -2593 0 0 0 0 1 56 -22 18 
-2570 733 -545 2078 391 -2543 0 0 0 0 1 49 -26 30 
-2704 834 -863 2399 27 -2507 0 0 0 0 1 55 -50 17 
-2824 891 -1257 2795 -146 -2488 0 0 0 0 1 46 -60 10 
-2807 842 -1272 3023 -59 -2479 0 0 0 0 1 36 -72 12 
-3132 760 -1092 3145 188 -2642 0 0 0 0 1 38 -74 36 
-3420 396 -749 3046 199 -2878 0 0 0 0 1 41 -99 22 
-3639 51 -529 2650 -509 -3240 0 0 0 0 1 16 -122 34 
-3535 -156 -439 1927 -2132 -3398 0 0 0 0 1 34 -128 40 
-3118 -201 120 1319 -3185 -3405 0 0 0 0 1 27 -138 47 
-2929 -321 132 425 -4043 -3273 0 0 0 0 1 43 -148 52 
-2778 -432 -124 -59 -4222 -3105 0 0 0 0 1 37 -144 46 
-2659 -495 -392 -540 -4158 -2734 0 0 0 0 1 40 -149 58 
-2558 -476 -591 -777 -3738 -2314 0 0 0 0 1 56 -159 53 
-2150 -758 -668 -831 -3359 -1949 0 0 0 0 1 67 -165 68 
-2049 -746 -629 -826 -2585 -1421 0 0 0 0 1 64 -155 71 
-1940 -683 -610 -721 -1677 -1002 0 0 0 0 1 57 -158 66 
-1912 -771 -651 -605 -1027 -791 0 0 0 0 1 76 -155 71 
-1975 -827 -562 -429 -79 -583 0 0 0 0 1 73 -157 76 
-2105 -936 -457 -241 602 -502 0 0 0 0 1 69 -155 71 
-2201 -1010 -482 -105 831 -510 0 0 0 0 1 62 -155 80 
-2252 -1024 -438 42 827 -622 0 0 0 0 1 62 -165 66 
-2371 -1166 -349 111 557 -852 0 0 0 0 1 58 -154 69 
-2387 -1342 -251 95 330 -1018 0 0 0 0 1 66 -161 69 
-2385 -1427 -193 3 -6 -1279 0 0 0 0 1 58 -159 74 
-2385 -1529 -213 -127 -315 -1515 0 0 0 0 1 40 -176 58 
-2317 -1702 -271 -254 -465 -1689 0 0 0 0 1 43 -165 71 
-2294 -1765 -284 -334 -454 -1760 0 0 0 0 1 41 -168 73 
-2282 -1758 -298 -445 -332 -1831 0 0 0 0 1 50 -172 77 
-2186 -1532 -219 -561 -183 -1848 0 0 0 0 1 43 -175 68 
-2150 -1406 -227 -628 -131 -1829 0 0 0 0 1 29 -165 61 
-2057 -1290 -240 -681 -185 -1735 0 0 0 0 1 30 -179 62 
-1898 -1197 -249 -703 -312 -1585 0 0 0 0 1 34 -175 66 
-1758 -1053 -242 -702 -370 -1480 0 0 0 0 1 36 -180 71 
-1618 -1062 -315 -631 -427 -1240 0 0 0 0 1 23 -176 53 
-1507 -1133 -411 -504 -439 -1026 0 0 0 0 1 22 -165 68 
-1546 -1573 -772 1274 388 -308 0 0 0 0 1 14 -188 74 
-1527 -1582 -809 1497 442 -204 0 0 0 0 1 16 -193 74 
-1486 -1561 -814 1688 553 -60 0 0 0 0 1 10 -204 75 
-1453 -1500 -799 1786 656 54 0 0 0 0 1 -2 -206 76 
-1413 -1492 -806 1903 857 259 0 0 0 0 1 1 -214 89 
-1319 -1453 -799 1975 1066 508 0 0 0 0 1 3 -217 75 
-1297 -1459 -818 1994 1184 681 0 0 0 0 1 -1 -219 94 
-1286 -1441 -825 1985 1354 943 0 0 0 0 1 -3 -226 96 
-1165 -1419 -715 1888 1530 1225 0 0 0 0 1 -1 -231 112 
-1154 -1477 -718 1796 1625 1404 0 0 0 0 1 0 -252 109 
-1151 -1474 -713 1628 1713 1636 0 0 0 0 1 -14 -247 111 
-1138 -1442 -701 1503 1748 1757 0 0 0 0 1 4 -230 111 
-1162 -1455 -687 1303 1766 1881 0 0 0 0 1 -5 -236 119 
-1200 -1497 -659 1113 1760 1935 0 0 0 0 1 -4 -255 114 
-1222 -1494 -650 996 1766 1929 0 0 0 0 1 2 -247 114 
-1239 -1490 -653 842 1756 1862 0 0 0 0 1 -8 -248 124 
-1272 -1476 -647 720 1675 1744 0 0 0 0 1 0 -242 123 
-1282 -1454 -664 661 1570 1643 0 0 0 0 1 -3 -236 126 
-1305 -1462 -672 596 1374 1466 0 0 0 0 1 14 -250 118 
-1303 -1478 -642 540 1181 1267 0 0 0 0 1 9 -250 116 
-1309 -1465 -627 501 1048 1120 0 0 0 0 1 16 -242 128 
-1315 -1426 -611 445 840 885 0 0 0 0 1 7 -247 114 
-1314 -1411 -597 396 695 734 0 0 0 0 1 5 -244 119 
-1275 -1380 -607 353 538 579 0 0 0 0 1 3 -256 126 
-1271 -1370 -609 274 289 371 0 0 0 0 1 24 -256 136 
-1246 -1366 -591 171 54 187 0 0 0 0 1 8 -253 129 
-1236 -1367 -593 91 -72 82 0 0 0 0 1 15 -248 119 
-1226 -1380 -597 -35 -201 -50 0 0 0 0 1 11 -257 125 
-1212 -1382 -596 -122 -247 -122 0 0 0 0 1 12 -253 131 
-1223 -1384 -594 -245 -281 -223 0 0 0 0 1 10 -246 126 
-1239 -1387 -602 -355 -325 -313 0 0 0 0 1 14 -252 128 
-1257 -1400 -609 -412 -372 -372 0 0 0 0 1 15 -248 136 
-1281 -1399 -618 -472 -455 -445 0 0 0 0 1 17 -258 124 
-1300 -1410 -616 -514 -529 -515 0 0 0 0 1 10 -251 117 
