Data Quantity : 14  Accelerometer : 3  Gyroscope : 3  FSR : 5







-1731 1012 -542 138 25 100 0 0 0 0 1 117 73 51 
-1746 846 -602 113 147 88 0 0 0 0 1 121 72 45 
-1709 864 -748 112 179 81 0 0 0 0 1 123 67 47 
-1706 873 -731 111 163 70 0 0 0 0 1 115 76 48 
-1724 874 -674 81 143 56 0 0 0 0 1 110 66 41 
-1708 880 -668 56 107 56 0 0 0 0 1 110 80 53 
-1714 902 -681 31 3 62 0 0 0 0 1 113 71 44 
-1706 889 -694 19 -96 81 0 0 0 0 1 115 61 51 
-1712 890 -737 27 -200 108 0 0 0 0 1 122 63 53 
-1718 894 -742 34 -211 117 0 0 0 0 1 121 74 38 
-1714 868 -756 43 -86 108 0 0 0 0 1 115 73 53 
-1748 916 -728 45 42 89 0 0 0 0 1 112 57 57 
-1734 897 -742 47 108 61 0 0 0 0 1 110 76 44 
-1719 893 -713 45 105 51 0 0 0 0 1 117 68 51 
-1716 889 -693 24 49 55 0 0 0 0 1 115 68 48 
-1712 883 -685 12 -1 59 0 0 0 0 1 117 73 46 
-1716 903 -673 1 -48 71 0 0 0 0 1 114 74 47 
-1711 904 -702 3 -74 80 0 0 0 0 1 121 60 43 
-1698 905 -712 19 -74 101 0 0 0 0 1 120 66 53 
-1697 902 -723 28 -54 112 0 0 0 0 1 110 76 55 
-1705 898 -727 47 -4 120 0 0 0 0 1 109 72 38 
-1708 891 -720 58 31 119 0 0 0 0 1 119 67 54 
-1710 900 -713 72 53 110 0 0 0 0 1 109 65 54 
-1706 904 -711 80 45 107 0 0 0 0 1 112 65 40 
-1702 908 -698 97 2 96 0 0 0 0 1 115 76 48 
-1677 938 -697 116 -61 97 0 0 0 0 1 113 68 53 
-1658 949 -707 157 -114 122 0 0 0 0 1 110 71 51 
-1631 935 -695 174 -69 148 0 0 0 0 1 116 74 50 
-1652 943 -694 225 -7 154 0 0 0 0 1 116 62 50 
-1704 867 -720 286 39 147 0 0 0 0 1 117 58 46 
-1697 848 -715 312 102 132 0 0 0 0 1 113 68 41 
-1722 891 -734 323 191 87 0 0 0 0 1 116 67 50 
-1718 906 -715 300 234 57 0 0 0 0 1 102 52 38 
-1711 915 -675 232 249 32 0 0 0 0 1 120 68 48 
-1709 939 -671 175 178 30 0 0 0 0 1 119 69 52 
-1687 912 -715 107 -17 60 0 0 0 0 1 109 62 50 
-1688 919 -751 66 -112 79 0 0 0 0 1 120 58 46 
-1689 924 -781 33 -161 98 0 0 0 0 1 97 65 47 
-1699 941 -840 33 -158 98 0 0 0 0 1 107 65 43 
-1699 950 -846 27 -98 81 0 0 0 0 1 119 57 52 
-1696 949 -822 7 -43 63 0 0 0 0 1 113 58 48 
-1673 950 -798 -19 -54 60 0 0 0 0 1 119 67 50 
-1661 938 -798 -60 -99 59 0 0 0 0 1 120 66 44 
-1599 919 -816 -99 121 33 0 0 0 0 1 102 67 40 
-1716 1002 -732 -127 16 15 0 0 0 0 1 115 56 55 
-1671 903 -791 -122 -37 1 0 0 0 0 1 108 63 51 
-1633 950 -752 -118 -71 -19 0 0 0 0 1 114 65 52 
-1641 923 -764 -112 -63 -33 0 0 0 0 1 116 62 45 
-1635 927 -760 -115 -27 -55 0 0 0 0 1 115 66 48 
-1625 920 -743 -123 -28 -63 0 0 0 0 1 113 61 41 
-1626 907 -724 -135 -51 -58 0 0 0 0 1 109 72 43 
-1608 910 -731 -145 -95 -47 0 0 0 0 1 117 68 39 
-1608 908 -738 -141 -107 -42 0 0 0 0 1 106 61 34 
-1606 912 -748 -118 -95 -52 0 0 0 0 1 110 61 39 
-1595 916 -762 -88 -86 -65 0 0 0 0 1 108 61 48 
-1584 912 -747 -52 -70 -82 0 0 0 0 1 119 60 47 
-1560 899 -721 -38 -80 -85 0 0 0 0 1 112 65 38 
-1562 873 -735 -8 -137 -82 0 0 0 0 1 108 63 51 
-1553 876 -754 42 -159 -80 0 0 0 0 1 116 60 47 
-1587 865 -763 79 -127 -96 0 0 0 0 1 116 65 52 
-1571 870 -762 121 -21 -127 0 0 0 0 1 114 65 45 
-1534 904 -788 153 62 -155 0 0 0 0 1 112 60 45 
-1542 845 -852 163 70 -170 0 0 0 0 1 110 58 55 
-1549 807 -897 169 11 -223 0 0 0 0 1 122 58 41 
-1635 800 -980 164 -63 -290 0 0 0 0 1 123 62 45 
-1721 758 -1080 141 -154 -455 0 0 0 0 1 120 61 55 
-1829 700 -1250 72 -147 -599 0 0 0 0 1 121 45 50 
-1915 710 -1259 -207 16 -879 0 0 0 0 1 128 60 50 
-1923 618 -1241 -687 156 -1162 0 0 0 0 1 119 52 36 
-1841 522 -1126 -1104 232 -1322 0 0 0 0 1 121 52 52 
-1885 433 -1125 -1780 228 -1572 0 0 0 0 1 119 62 43 
-1854 381 -1145 -2380 121 -1839 0 0 0 0 1 112 65 47 
-1874 348 -1271 -2671 37 -2040 0 0 0 0 1 121 55 50 
-1849 329 -1324 -2958 -132 -2322 0 0 0 0 1 126 67 52 
-1755 299 -1386 -3100 -429 -2539 0 0 0 0 1 129 66 65 
-1715 262 -1403 -3143 -492 -2636 0 0 0 0 1 136 68 58 
-1691 215 -1396 -3172 -132 -2710 0 0 0 0 1 132 80 67 
-1763 98 -1336 -3166 318 -2752 0 0 0 0 1 128 79 61 
-1953 -96 -1301 -3110 902 -2898 0 0 0 0 1 130 84 75 
-1961 397 -709 -3252 1523 -2896 0 0 0 0 1 135 89 73 
-2048 64 -288 -3487 1754 -2761 0 0 0 0 1 135 87 68 
-2125 166 -257 -4312 1099 -2196 0 0 0 0 1 122 142 95 
-3630 -452 1027 -4206 718 -2069 0 0 0 0 1 130 145 101 
-3578 -586 1056 -3914 420 -1859 0 0 0 0 1 140 150 115 
-3645 -552 1083 -3638 438 -1772 0 0 0 0 1 133 150 105 
-3610 -597 985 -3083 630 -1684 0 0 0 0 1 129 157 114 
-3510 -660 915 -2466 958 -1608 0 0 0 0 1 130 155 122 
-3379 -892 1021 -2096 1264 -1526 0 0 0 0 1 142 163 126 
-3253 -1246 1301 -1709 1880 -1251 0 0 0 0 1 146 169 121 
-2937 -1700 1638 -1390 2653 -850 0 0 0 0 1 140 168 126 
-3392 -2125 1852 -1167 3082 -697 0 0 0 0 1 134 169 121 
-4092 -2624 2813 -1006 3052 -554 0 0 0 0 1 126 168 108 
-4324 -2950 3903 -695 2028 -184 0 0 0 0 1 136 169 111 
-5353 -3610 4356 784 -740 721 0 0 0 0 1 115 164 118 
-5616 -3985 4956 3835 -3939 2414 0 0 0 0 1 134 169 111 
-5524 -4451 3529 7203 -5839 3976 0 0 0 0 1 133 153 112 
-5365 -4156 3360 12558 -5514 6051 0 0 0 0 1 145 148 101 
-4796 -4883 1591 15576 -4218 7587 0 0 0 0 1 146 130 83 
-3966 -5049 81 18324 -2841 10731 0 0 0 0 1 138 99 59 
-2857 -6462 -4395 19236 -2112 14462 0 0 0 0 1 126 89 47 
-3362 -8733 -8674 19709 -2231 16383 0 0 0 0 1 122 73 32 
-3876 -10969 -10327 17664 2114 17163 0 0 0 0 1 108 39 9 
-828 -12971 -10593 13324 6804 16362 0 0 0 0 1 88 18 -5 
1726 -11394 -9886 6039 12485 11995 0 0 0 0 1 23 14 -39 
3962 -8253 -7398 2990 11748 7252 0 0 0 0 1 -18 -7 -46 
3279 -4526 -2371 -45 2739 -573 0 0 0 0 1 -29 6 -38 
2433 -3307 -768 -3738 -6681 -5976 0 0 0 0 1 -16 2 -32 
490 -1844 -2666 -6624 -9193 -8183 0 0 0 0 1 16 -2 -32 
325 -1519 -3730 -7220 -7171 -7856 0 0 0 0 1 86 35 3 
-419 -1218 -1359 -6329 -3056 -5885 0 0 0 0 1 92 44 9 
-750 -589 -362 -3876 -1311 -3288 0 0 0 0 1 99 51 25 
-1036 189 72 -1987 -16 -1889 0 0 0 0 1 106 58 18 
-1100 481 173 254 1951 -359 0 0 0 0 1 96 58 23 
-1115 725 -82 1156 2294 474 0 0 0 0 1 97 57 22 
-1250 794 -300 1599 2004 1415 0 0 0 0 1 89 66 16 
-1277 513 -1196 1517 1640 1834 0 0 0 0 1 82 56 9 
-1442 399 -1552 1041 1144 2016 0 0 0 0 1 80 53 9 
-1435 33 -1954 638 717 1947 0 0 0 0 1 67 55 1 
-1259 93 -1987 85 90 1848 0 0 0 0 1 64 55 3 
-1053 680 -2027 -345 72 1651 0 0 0 0 1 61 51 9 
-1027 611 -2171 -434 239 1502 0 0 0 0 1 60 57 1 
-1034 507 -2377 -392 475 1222 0 0 0 0 1 70 56 9 
-1034 340 -2331 -348 478 1047 0 0 0 0 1 53 74 10 
-858 226 -2280 -350 199 946 0 0 0 0 1 42 63 0 
-689 77 -2249 -415 -107 918 0 0 0 0 1 48 69 1 
-905 92 -2247 -605 -425 678 0 0 0 0 1 58 58 2 
-1397 81 -2376 -715 -449 348 0 0 0 0 1 56 66 4 
-1216 -291 -2275 -948 105 -101 0 0 0 0 1 57 74 1 
-1117 -7 -2222 -1171 624 -384 0 0 0 0 1 53 84 10 
-881 -181 -1710 -1661 1172 -728 0 0 0 0 1 46 79 12 
-758 -26 -2167 -1872 872 -882 0 0 0 0 1 46 87 17 
-782 117 -2175 -1885 743 -972 0 0 0 0 1 49 98 11 
-1070 13 -2310 -1801 872 -1277 0 0 0 0 1 43 91 15 
-1138 204 -2114 -1833 874 -1479 0 0 0 0 1 51 95 18 
-1151 261 -1901 -2151 426 -1658 0 0 0 0 1 43 106 17 
-1155 278 -1535 -2547 145 -1700 0 0 0 0 1 47 110 11 
-1101 197 -1429 -3165 527 -1732 0 0 0 0 1 46 116 22 
-1089 571 -1889 -3339 827 -1813 0 0 0 0 1 53 131 24 
-1204 961 -1990 -3211 1220 -2081 0 0 0 0 1 41 131 36 
-1494 881 -1694 -2963 1576 -2617 0 0 0 0 1 34 141 31 
-1646 801 -1041 -2871 1537 -2971 0 0 0 0 1 38 133 40 
-1649 856 -645 -2948 849 -3351 0 0 0 0 1 43 138 40 
-1720 980 -204 -3112 21 -3481 0 0 0 0 1 56 152 60 
-1914 973 -212 -3367 -1029 -3635 0 0 0 0 1 61 149 58 
-2539 1080 -20 -3547 -1130 -3852 0 0 0 0 1 68 157 65 
-2827 1133 223 -3788 -614 -4246 0 0 0 0 1 79 163 75 
-2664 1053 409 -3924 77 -4457 0 0 0 0 1 88 163 77 
-2407 956 596 -3952 558 -4415 0 0 0 0 1 93 160 80 
-2185 977 861 -3980 1090 -4124 0 0 0 0 1 96 164 100 
-2490 692 1127 -4004 1184 -3921 0 0 0 0 1 99 169 97 
-3181 367 1410 -4200 1249 -3931 0 0 0 0 1 115 176 116 
-4135 -175 2382 -4641 1297 -4121 0 0 0 0 1 120 176 114 
-4131 -477 2471 -4999 1251 -4035 0 0 0 0 1 117 171 132 
-3865 -874 2507 -5119 1399 -3512 0 0 0 0 1 128 175 145 
-3467 -967 2691 -5032 1600 -2962 0 0 0 0 1 135 170 147 
-3286 -1088 2663 -4606 1779 -1969 0 0 0 0 1 132 186 151 
-3318 -1380 2933 -4236 1705 -1318 0 0 0 0 1 134 196 151 
-3416 -1324 3020 -3575 1344 -517 0 0 0 0 1 136 176 167 
-3651 -1307 2614 -2671 1172 -39 0 0 0 0 1 135 185 171 
-3781 -1408 2293 -2034 1494 88 0 0 0 0 1 128 207 178 
-3845 -1396 2074 -1151 2286 56 0 0 0 0 1 135 197 182 
-3770 -1391 1945 -689 2634 -6 0 0 0 0 1 129 196 155 
-3685 -1445 2043 -294 2650 -52 0 0 0 0 1 119 222 154 
-3743 -1660 2455 -236 2353 -44 0 0 0 0 1 119 209 159 
-3878 -1870 2800 -274 1584 -29 0 0 0 0 1 123 212 150 
-4255 -2180 2972 -121 780 -206 0 0 0 0 1 120 213 155 
-4995 -2760 3391 167 355 -430 0 0 0 0 1 112 197 152 
-5013 -3206 3434 1139 -44 -427 0 0 0 0 1 114 207 150 
-4851 -3513 4415 2790 -1246 272 0 0 0 0 1 125 203 144 
-4750 -2392 5473 4478 -3407 1036 0 0 0 0 1 125 196 139 
-4948 -2457 4461 8731 -7743 2234 0 0 0 0 1 127 181 144 
-5755 -1984 2718 12046 -8509 2575 0 0 0 0 1 146 174 123 
-6478 -2779 -1740 16894 -6585 3394 0 0 0 0 1 165 144 125 
-6278 -3154 -2980 19581 -1717 6461 0 0 0 0 1 162 125 114 
-7765 -3733 -5312 20016 914 9378 0 0 0 0 1 149 106 75 
-8903 -5024 -6747 19103 1789 13568 0 0 0 0 1 130 79 50 
-7276 -9734 -8569 17278 3052 16081 0 0 0 0 1 100 42 15 
-3384 -11953 -10393 13038 8659 18793 0 0 0 0 1 62 35 -10 
3553 -8499 -11760 8032 15006 17016 0 0 0 0 1 18 34 -39 
1702 -7129 -5307 4680 12167 11026 0 0 0 0 1 -35 12 -46 
-399 -7168 1210 -24 1938 -1088 0 0 0 0 1 -56 7 -39 
-25 -6491 2167 -5131 -7208 -9055 0 0 0 0 1 -43 13 -38 
-1162 -3267 -1537 -9032 -10657 -10979 0 0 0 0 1 28 41 -20 
92 -1447 -5793 -9285 -9245 -9566 0 0 0 0 1 69 57 -3 
619 -1304 -3566 -7387 -4052 -6011 0 0 0 0 1 95 69 17 
-106 -907 -2198 -4423 647 -3022 0 0 0 0 1 103 80 30 
-639 -171 -1066 -2642 2131 -1369 0 0 0 0 1 100 89 40 
-638 11 -329 -1001 2634 732 0 0 0 0 1 90 111 29 
-812 -84 -189 -417 2842 1918 0 0 0 0 1 69 121 33 
-1265 -458 -501 -275 3045 2057 0 0 0 0 1 57 106 26 
-1461 -456 -612 -216 2974 1542 0 0 0 0 1 53 116 22 
-1277 -381 -824 -246 2443 1042 0 0 0 0 1 33 112 9 
-918 -173 -987 -439 1220 349 0 0 0 0 1 33 120 20 
-841 -74 -1308 -687 -12 -285 0 0 0 0 1 30 112 18 
-769 -110 -1807 -875 -495 -633 0 0 0 0 1 34 128 17 
-518 -40 -2056 -1209 -619 -923 0 0 0 0 1 38 121 19 
-345 -13 -2157 -1560 -233 -943 0 0 0 0 1 43 126 26 
-398 48 -2408 -1724 228 -963 0 0 0 0 1 51 127 30 
-512 146 -2367 -1907 684 -1053 0 0 0 0 1 41 138 29 
-784 272 -2263 -2059 466 -1194 0 0 0 0 1 41 138 24 
-999 411 -2099 -2165 248 -1298 0 0 0 0 1 51 144 39 
-1181 409 -2006 -2337 13 -1442 0 0 0 0 1 49 152 39 
-1387 511 -1718 -2454 -164 -1512 0 0 0 0 1 41 143 47 
-1411 661 -1494 -2590 -473 -1532 0 0 0 0 1 57 160 57 
-1353 923 -1187 -2613 -799 -1452 0 0 0 0 1 58 161 60 
-1399 1004 -1035 -2552 -1050 -1366 0 0 0 0 1 61 164 60 
-1383 1112 -858 -2427 -1396 -1142 0 0 0 0 1 71 163 71 
-1531 1072 -744 -2333 -1424 -998 0 0 0 0 1 74 175 73 
-1684 1100 -559 -2237 -869 -902 0 0 0 0 1 83 182 84 
-1618 1193 -362 -2173 -278 -896 0 0 0 0 1 79 192 96 
-1709 1317 -170 -2109 541 -1015 0 0 0 0 1 76 190 82 
-1593 1432 163 -2057 1002 -1106 0 0 0 0 1 87 186 95 
-1594 1298 372 -2004 1159 -1159 0 0 0 0 1 70 181 102 
-1921 1320 780 -2040 1068 -1397 0 0 0 0 1 84 183 109 
-2341 1122 1176 -2108 636 -1607 0 0 0 0 1 75 198 102 
-2610 1105 1468 -2261 -104 -2039 0 0 0 0 1 89 191 116 
-2613 1269 1782 -2357 -439 -2336 0 0 0 0 1 93 202 112 
-2257 1416 1550 -2310 -699 -2596 0 0 0 0 1 101 196 130 
-1927 1389 1214 -2007 -324 -2588 0 0 0 0 1 108 196 132 
-1979 1250 1212 -1784 368 -2541 0 0 0 0 1 106 191 132 
-2260 995 1354 -1569 1621 -2554 0 0 0 0 1 109 190 136 
-2816 653 1769 -1584 2267 -2627 0 0 0 0 1 113 186 132 
-3095 617 2508 -1921 2453 -2704 0 0 0 0 1 125 169 135 
-3144 561 2551 -2324 1376 -2603 0 0 0 0 1 132 183 142 
-3166 611 2240 -2470 501 -2485 0 0 0 0 1 123 180 154 
-3147 597 1787 -2450 79 -2294 0 0 0 0 1 130 187 147 
-3730 -1127 1832 -2227 1809 -1216 0 0 0 0 1 146 176 162 
-3651 -1545 1968 -2017 2466 -1095 0 0 0 0 1 147 187 164 
-3762 -1696 2222 -1732 3369 -934 0 0 0 0 1 146 174 144 
-3649 -1565 2823 -1580 3444 -713 0 0 0 0 1 130 182 154 
-3954 -1923 3288 -1244 2578 -155 0 0 0 0 1 132 188 137 
-4007 -2208 4087 -722 1191 1041 0 0 0 0 1 127 186 146 
-3673 -2573 4625 910 -1316 3361 0 0 0 0 1 122 193 146 
-3996 -2304 4066 3120 -3042 5073 0 0 0 0 1 120 206 144 
-4650 -1869 3698 7644 -3844 6936 0 0 0 0 1 95 212 140 
-5071 -2105 2955 10832 -4383 7886 0 0 0 0 1 106 208 121 
-5329 -2249 1586 14919 -6458 8985 0 0 0 0 1 95 180 89 
-4884 -3151 -78 17770 -8653 10107 0 0 0 0 1 88 155 68 
-4350 -5508 -4324 19085 -7992 10831 0 0 0 0 1 95 128 36 
-3888 -6756 -6082 19124 -2685 12402 0 0 0 0 1 83 87 19 
-2630 -8674 -8734 17391 949 13585 0 0 0 0 1 77 49 16 
-2055 -10227 -7615 11505 6747 12783 0 0 0 0 1 56 46 -18 
117 -9479 -7758 6357 5260 7882 0 0 0 0 1 9 0 -46 
2308 -7587 -6892 2579 1182 1969 0 0 0 0 1 8 -6 -36 
2407 -5233 -4125 -480 -1303 -1416 0 0 0 0 1 10 -3 -33 
652 -4201 -3302 -4642 -4699 -5251 0 0 0 0 1 16 -4 -48 
-697 -2885 -3048 -6671 -5552 -6835 0 0 0 0 1 47 0 -18 
-593 -2302 -2879 -6429 -4566 -6510 0 0 0 0 1 63 12 -4 
-715 -1791 -1505 -4760 -1907 -5070 0 0 0 0 1 94 34 16 
-594 -530 -878 -3192 -711 -3753 0 0 0 0 1 94 44 25 
-493 621 -832 -1060 25 -1502 0 0 0 0 1 108 41 23 
-630 664 -1116 174 494 435 0 0 0 0 1 106 39 25 
-1068 118 -1538 471 933 1178 0 0 0 0 1 107 40 15 
-1410 -214 -1473 251 1609 1362 0 0 0 0 1 102 40 3 
-1575 -433 -1218 -126 1583 1114 0 0 0 0 1 83 40 8 
-1505 -352 -1369 -539 1111 598 0 0 0 0 1 87 46 18 
-1394 -266 -1855 -636 1000 241 0 0 0 0 1 82 49 6 
-1349 -151 -2072 -655 947 -272 0 0 0 0 1 77 51 9 
-1243 -63 -2233 -758 664 -729 0 0 0 0 1 70 39 13 
-1129 9 -2178 -945 466 -1001 0 0 0 0 1 62 42 8 
-1026 23 -2116 -1319 191 -1348 0 0 0 0 1 68 51 13 
-859 -13 -2172 -1554 70 -1505 0 0 0 0 1 63 61 9 
-626 -135 -2320 -1823 157 -1660 0 0 0 0 1 68 61 4 
-782 -203 -2531 -1908 270 -1970 0 0 0 0 1 70 73 18 
-1200 -192 -2612 -1938 264 -2299 0 0 0 0 1 64 67 12 
-1426 -93 -2437 -2123 111 -2776 0 0 0 0 1 76 60 17 
-1411 -131 -2193 -2336 -205 -2952 0 0 0 0 1 79 60 17 
-1325 -100 -1968 -2751 -667 -3023 0 0 0 0 1 84 71 23 
-1430 83 -1762 -3075 -842 -3005 0 0 0 0 1 89 90 34 
-1340 231 -1673 -3165 -840 -2911 0 0 0 0 1 88 91 33 
-1398 449 -1508 -3162 -732 -2800 0 0 0 0 1 94 83 32 
-1688 640 -1192 -3122 -679 -2809 0 0 0 0 1 109 84 50 
-1804 647 -1015 -3071 -569 -2859 0 0 0 0 1 109 94 50 
-1718 765 -600 -3108 -681 -2747 0 0 0 0 1 110 103 60 
-1744 570 -640 -3116 -851 -2623 0 0 0 0 1 114 96 54 
-2040 554 -468 -3200 -756 -2600 0 0 0 0 1 119 109 64 
-2553 422 224 -3437 -419 -2740 0 0 0 0 1 116 99 71 
-2754 435 687 -3682 -356 -2882 0 0 0 0 1 140 111 75 
-2884 572 959 -4070 -874 -3071 0 0 0 0 1 136 107 90 
-2665 669 914 -4252 -1676 -3039 0 0 0 0 1 146 105 93 
-2354 703 316 -4160 -1893 -2847 0 0 0 0 1 149 109 108 
-2185 524 -11 -3732 -1256 -2337 0 0 0 0 1 155 115 116 
-2496 54 651 -3455 -85 -1979 0 0 0 0 1 159 128 122 
-2655 -46 927 -3245 2129 -1591 0 0 0 0 1 161 126 133 
-3086 -165 1407 -3143 3439 -1386 0 0 0 0 1 163 141 124 
-3486 -233 1450 -3047 3183 -1299 0 0 0 0 1 158 139 123 
-3644 -100 1759 -3051 2453 -1220 0 0 0 0 1 149 131 122 
-3680 -196 1695 -3029 1154 -1010 0 0 0 0 1 147 148 119 
-3980 -619 1832 -3097 451 -829 0 0 0 0 1 151 139 116 
-4384 -1157 2090 -3179 312 -756 0 0 0 0 1 142 153 122 
-4506 -1441 1957 -3164 408 -627 0 0 0 0 1 145 153 126 
-4444 -1686 1989 -3076 631 -509 0 0 0 0 1 147 158 150 
-4258 -1643 2026 -2801 983 -292 0 0 0 0 1 146 166 151 
-4101 -1524 1982 -2355 1128 -77 0 0 0 0 1 146 166 155 
-3855 -1243 1910 -2013 1091 31 0 0 0 0 1 146 166 146 
-3715 -1137 1804 -1511 909 131 0 0 0 0 1 141 161 144 
-3433 -1112 1735 -1245 800 182 0 0 0 0 1 148 176 151 
-3302 -1174 1654 -985 825 223 0 0 0 0 1 143 186 142 
-3052 -1565 1700 -977 1215 306 0 0 0 0 1 132 186 146 
-2862 -1933 1932 -1096 1681 377 0 0 0 0 1 129 193 151 
-2981 -2043 2285 -1370 2267 367 0 0 0 0 1 129 188 146 
-3746 -2248 2837 -1440 2093 317 0 0 0 0 1 123 197 147 
-4047 -2803 3199 -1082 1070 761 0 0 0 0 1 119 197 154 
-3863 -3065 4979 354 -1134 2168 0 0 0 0 1 115 196 149 
-4574 -2354 4399 2714 -3352 3279 0 0 0 0 1 115 208 151 
-5228 -2706 4399 7686 -4404 4493 0 0 0 0 1 117 201 139 
-5915 -2858 3534 12728 -4053 5155 0 0 0 0 1 117 196 121 
-5661 -3080 3237 15104 -5072 5913 0 0 0 0 1 114 177 96 
-4944 -3462 2415 17197 -7716 7770 0 0 0 0 1 114 160 82 
-4068 -4127 -1258 18391 -9052 9292 0 0 0 0 1 113 130 60 
-4263 -6167 -4566 20226 -6633 11231 0 0 0 0 1 132 95 46 
-5466 -9307 -7837 19050 1343 12097 0 0 0 0 1 110 56 25 
-4407 -10264 -10059 15712 4896 11898 0 0 0 0 1 101 44 4 
-2873 -10556 -7614 7887 7221 8967 0 0 0 0 1 82 14 -6 
339 -10443 -6403 2349 2658 3332 0 0 0 0 1 57 11 -24 
2422 -6762 -6283 378 -853 -619 0 0 0 0 1 54 4 -16 
2565 -4294 -6059 -2235 -4731 -4622 0 0 0 0 1 68 0 -9 
847 -2555 -5427 -5172 -5093 -5971 0 0 0 0 1 99 4 20 
-74 -2144 -3998 -6555 -3785 -5595 0 0 0 0 1 116 11 19 
-357 -2053 -2941 -6733 -1602 -4169 0 0 0 0 1 126 28 33 
-772 -1531 -1373 -5111 359 -2730 0 0 0 0 1 135 33 38 
-315 -518 -761 -3581 1273 -1718 0 0 0 0 1 136 49 46 
-137 4 -638 -1529 2092 -259 0 0 0 0 1 133 52 43 
-240 110 -633 -621 2310 532 0 0 0 0 1 128 60 43 
-545 -188 -735 9 2272 1220 0 0 0 0 1 101 66 39 
-1180 -540 -988 14 2135 1185 0 0 0 0 1 99 49 18 
-1458 -590 -1271 -180 2049 910 0 0 0 0 1 93 72 24 
-1564 -503 -1419 -595 1745 354 0 0 0 0 1 86 65 29 
-1659 -322 -1655 -873 1341 -54 0 0 0 0 1 73 76 13 
-1528 -183 -1813 -1231 634 -576 0 0 0 0 1 80 66 13 
-1056 -69 -1796 -1574 328 -909 0 0 0 0 1 70 73 23 
-756 -104 -1765 -1724 276 -1094 0 0 0 0 1 79 69 19 
-680 -184 -1844 -1783 152 -1453 0 0 0 0 1 68 90 11 
-933 -150 -1958 -1751 17 -1827 0 0 0 0 1 80 73 27 
-1406 -48 -2062 -1698 -314 -2531 0 0 0 0 1 90 79 22 
-1578 -51 -2056 -1783 -711 -3107 0 0 0 0 1 83 82 29 
-1555 52 -1870 -1975 -982 -3306 0 0 0 0 1 94 68 32 
-1556 64 -1631 -2437 -1431 -3340 0 0 0 0 1 87 76 25 
-1371 208 -1345 -2766 -1732 -3192 0 0 0 0 1 121 87 57 
-1259 363 -1255 -3144 -2006 -2847 0 0 0 0 1 110 80 55 
-1445 569 -1129 -3307 -2018 -2536 0 0 0 0 1 136 88 53 
-1684 495 -1070 -3292 -1928 -2418 0 0 0 0 1 130 84 71 
-1991 442 -848 -3229 -1674 -2425 0 0 0 0 1 140 94 73 
-2256 320 -433 -3199 -1516 -2472 0 0 0 0 1 141 90 72 
-2382 196 -239 -3169 -1425 -2558 0 0 0 0 1 153 88 93 
-2371 288 411 -3241 -1558 -2615 0 0 0 0 1 168 84 103 
-2236 477 525 -3291 -1889 -2584 0 0 0 0 1 165 90 111 
-2169 619 520 -3306 -2607 -2441 0 0 0 0 1 186 88 123 
-2143 643 489 -3278 -2963 -2314 0 0 0 0 1 187 91 133 
-2221 505 472 -3210 -3055 -2151 0 0 0 0 1 187 104 140 
-2430 253 637 -3182 -2789 -2064 0 0 0 0 1 199 89 161 
-2452 -39 807 -3154 -2103 -1889 0 0 0 0 1 205 90 165 
-2438 -215 849 -3086 -1298 -1639 0 0 0 0 1 206 99 185 
-2318 -327 977 -3007 -723 -1421 0 0 0 0 1 221 95 190 
-2267 -338 1087 -2824 79 -1066 0 0 0 0 1 220 89 192 
-2173 -61 1287 -2686 551 -841 0 0 0 0 1 205 100 193 
-2418 93 1195 -2408 1044 -602 0 0 0 0 1 212 95 195 
-2728 -119 1123 -2105 1315 -485 0 0 0 0 1 201 82 185 
-2827 -326 1263 -1986 1555 -413 0 0 0 0 1 206 106 189 
-2971 -605 1499 -2005 2071 -279 0 0 0 0 1 207 100 181 
-3314 -1156 1771 -2222 2543 -141 0 0 0 0 1 201 106 185 
-3416 -1188 1866 -2435 2706 -45 0 0 0 0 1 191 112 172 
-3543 -1176 1823 -2707 2633 69 0 0 0 0 1 194 104 171 
-3667 -1167 1719 -2844 2554 116 0 0 0 0 1 194 123 159 
-3805 -1073 1819 -3033 2451 85 0 0 0 0 1 182 131 161 
-3869 -1209 1813 -3115 2253 27 0 0 0 0 1 178 141 164 
-3901 -1236 1891 -3180 1764 -30 0 0 0 0 1 173 141 150 
-3760 -1357 1803 -3110 1296 107 0 0 0 0 1 179 132 162 
-3359 -1454 1869 -3030 1235 318 0 0 0 0 1 161 150 171 
-3145 -1435 1925 -2871 1402 714 0 0 0 0 1 166 155 161 
-2943 -1333 1807 -2703 1497 965 0 0 0 0 1 163 160 161 
-2856 -1317 1774 -2401 1545 1253 0 0 0 0 1 168 172 161 
-2813 -1389 1795 -2101 1669 1399 0 0 0 0 1 155 179 172 
-2881 -1536 1862 -1955 1849 1379 0 0 0 0 1 147 180 161 
-3134 -2199 2272 -1878 2246 1252 0 0 0 0 1 143 193 160 
-3594 -3129 2903 -1887 2467 990 0 0 0 0 1 132 196 167 
-3670 -3155 3422 -1830 2552 871 0 0 0 0 1 125 203 160 
-3354 -3231 3953 -1493 2361 1261 0 0 0 0 1 133 209 161 
-3351 -3330 5260 -970 1582 1984 0 0 0 0 1 119 204 166 
-3612 -3124 5657 1113 -1289 3710 0 0 0 0 1 121 219 171 
-4569 -2969 4846 5330 -4177 5367 0 0 0 0 1 121 217 161 
-5433 -3037 4216 8829 -4862 6000 0 0 0 0 1 101 223 137 
-5874 -3155 3291 13971 -5393 6385 0 0 0 0 1 92 210 121 
-4563 -4713 1136 17671 -5995 7108 0 0 0 0 1 104 192 82 
-3509 -5551 -613 19160 -6063 7921 0 0 0 0 1 100 148 68 
-2538 -6701 -3609 20483 -5629 9443 0 0 0 0 1 97 106 40 
-2386 -10598 -9044 20498 -3898 10152 0 0 0 0 1 96 71 18 
-1476 -12692 -11670 16842 1583 10003 0 0 0 0 1 96 39 4 
-191 -12081 -10773 8150 3181 7161 0 0 0 0 1 70 -19 -6 
912 -9990 -10658 3264 1004 3570 0 0 0 0 1 82 -22 -9 
2038 -5322 -11455 -818 -2746 -2080 0 0 0 0 1 75 -17 -6 
2488 -1717 -9192 -4523 -4186 -5016 0 0 0 0 1 99 -17 4 
990 -2062 -5580 -6826 -3503 -5445 0 0 0 0 1 109 -15 12 
-20 -3131 -2008 -8338 -1740 -4575 0 0 0 0 1 113 -9 34 
-703 -3038 -21 -7059 -799 -3077 0 0 0 0 1 129 24 37 
-550 -1452 810 -5043 -160 -2050 0 0 0 0 1 135 35 38 
-206 -396 793 -1561 1360 -557 0 0 0 0 1 135 47 43 
-386 166 143 370 2411 280 0 0 0 0 1 123 47 36 
-582 103 -22 1821 3271 1274 0 0 0 0 1 123 55 31 
-818 -186 -403 1941 3303 1627 0 0 0 0 1 101 31 20 
-1233 -578 -1191 1273 2620 1568 0 0 0 0 1 101 31 13 
-1341 -784 -1344 489 1915 1267 0 0 0 0 1 86 33 19 
-1267 -764 -1618 -594 1390 618 0 0 0 0 1 82 31 11 
-1061 -493 -2175 -1039 1327 181 0 0 0 0 1 74 52 3 
-967 -388 -2370 -1340 1230 -326 0 0 0 0 1 68 46 13 
-1040 -146 -2456 -1440 1076 -727 0 0 0 0 1 66 46 6 
-1045 -14 -2369 -1493 995 -913 0 0 0 0 1 62 52 10 
-913 57 -2183 -1607 857 -1036 0 0 0 0 1 67 55 8 
-649 69 -2046 -1657 534 -1019 0 0 0 0 1 56 66 9 
-490 48 -2034 -1615 326 -986 0 0 0 0 1 57 57 5 
-471 35 -2101 -1440 60 -1044 0 0 0 0 1 48 55 5 
-679 -20 -2313 -1265 -141 -1198 0 0 0 0 1 62 74 15 
-1031 -63 -2342 -1079 -474 -1631 0 0 0 0 1 50 69 3 
-1452 -90 -2041 -1135 -940 -2091 0 0 0 0 1 63 63 6 
-1467 -103 -1906 -1280 -1311 -2304 0 0 0 0 1 76 72 17 
-1425 25 -1634 -1619 -1795 -2448 0 0 0 0 1 73 71 20 
-1257 266 -1382 -1844 -2122 -2427 0 0 0 0 1 83 67 8 
-1161 417 -1350 -2059 -2697 -2306 0 0 0 0 1 100 69 24 
-1330 567 -1376 -2106 -3059 -2221 0 0 0 0 1 113 71 46 
-1535 463 -1401 -2059 -3290 -2168 0 0 0 0 1 117 83 55 
-1849 307 -1316 -2008 -2822 -2291 0 0 0 0 1 120 73 60 
-2294 166 -886 -2103 -1919 -2513 0 0 0 0 1 123 77 66 
-2509 243 -327 -2272 -1500 -2592 0 0 0 0 1 139 78 69 
-2369 421 -41 -2599 -1659 -2448 0 0 0 0 1 140 79 71 
-2133 695 112 -2798 -2169 -2217 0 0 0 0 1 161 69 82 
-2240 792 125 -3004 -2705 -1738 0 0 0 0 1 167 71 86 
-2563 503 280 -3041 -2045 -1512 0 0 0 0 1 172 71 97 
-2818 207 454 -3050 -1164 -1440 0 0 0 0 1 180 79 122 
-2956 39 773 -3117 442 -1362 0 0 0 0 1 178 91 119 
-3159 -111 1204 -3172 1280 -1295 0 0 0 0 1 184 90 118 
-3241 -45 1261 -3154 1678 -1119 0 0 0 0 1 174 98 123 
-3209 290 1201 -3044 1413 -929 0 0 0 0 1 182 99 126 
-3238 419 1192 -2803 841 -577 0 0 0 0 1 184 95 107 
-3368 252 1383 -2622 731 -247 0 0 0 0 1 174 103 121 
-3647 -56 1549 -2553 949 -95 0 0 0 0 1 179 105 118 
-3770 -308 1535 -2494 1440 58 0 0 0 0 1 171 114 124 
-3844 -583 1480 -2476 1800 148 0 0 0 0 1 163 121 117 
-3861 -618 1566 -2537 2154 247 0 0 0 0 1 159 133 119 
-3944 -511 1534 -2619 1921 264 0 0 0 0 1 146 130 128 
-4003 -467 1504 -2667 1514 215 0 0 0 0 1 154 136 119 
-4035 -545 1523 -2781 845 72 0 0 0 0 1 149 143 126 
-3994 -691 1432 -2854 493 -32 0 0 0 0 1 146 157 123 
-3832 -789 1298 -2905 299 -112 0 0 0 0 1 154 143 129 
-3479 -947 1247 -2915 419 -105 0 0 0 0 1 155 157 128 
-3151 -920 1142 -2839 729 -45 0 0 0 0 1 147 168 140 
-2942 -892 1127 -2713 1062 58 0 0 0 0 1 135 170 143 
-2719 -896 1177 -2642 1279 144 0 0 0 0 1 149 180 157 
-2481 -805 1221 -2518 1490 244 0 0 0 0 1 136 179 151 
-2401 -794 1196 -2412 1592 265 0 0 0 0 1 135 177 164 
-2339 -851 1252 -2264 1823 241 0 0 0 0 1 132 201 160 
-2257 -1032 1464 -2203 2034 216 0 0 0 0 1 130 195 164 
-2209 -1358 1644 -2177 2388 256 0 0 0 0 1 121 204 157 
-2405 -1963 2437 -2275 2635 315 0 0 0 0 1 115 206 167 
-2715 -2049 3269 -2493 2326 543 0 0 0 0 1 116 202 161 
-2957 -2366 3584 -2149 1075 1207 0 0 0 0 1 110 218 167 
-3709 -2606 5070 -1539 -63 1895 0 0 0 0 1 112 229 164 
-3701 -2534 5353 985 -2932 3691 0 0 0 0 1 102 241 173 
-4192 -2737 4963 3870 -4168 4837 0 0 0 0 1 96 242 167 
-4726 -2738 4806 9023 -4353 5748 0 0 0 0 1 101 237 153 
-5591 -3240 3843 13528 -5152 6153 0 0 0 0 1 81 231 138 
-4770 -4011 3285 15493 -6708 6870 0 0 0 0 1 87 198 86 
-4348 -5320 482 18003 -8247 8194 0 0 0 0 1 88 175 66 
-2863 -6939 -4986 19193 -6222 9394 0 0 0 0 1 86 126 40 
-2406 -8767 -9335 19489 -1336 11906 0 0 0 0 1 73 100 16 
-2263 -9660 -12598 15684 3782 13300 0 0 0 0 1 51 61 -4 
871 -8823 -12694 11300 6111 12639 0 0 0 0 1 46 35 -26 
1858 -7940 -11836 4870 6219 7514 0 0 0 0 1 8 3 -43 
366 -4482 -6372 1190 2962 2149 0 0 0 0 1 -16 2 -41 
658 -3690 -5084 -3839 -1910 -4502 0 0 0 0 1 -18 2 -37 
516 -2701 -5100 -7115 -4224 -7161 0 0 0 0 1 5 15 -29 
-47 -2655 -4389 -7910 -3921 -7256 0 0 0 0 1 31 35 -22 
-609 -2610 -2174 -7178 -1711 -6196 0 0 0 0 1 49 63 -2 
-874 -2072 -259 -5269 -183 -4570 0 0 0 0 1 58 71 0 
-705 -881 819 -3694 -55 -3269 0 0 0 0 1 70 93 13 
-714 35 707 -1380 225 -1495 0 0 0 0 1 62 94 22 
-781 96 310 317 634 -189 0 0 0 0 1 64 99 17 
-1011 21 -188 943 653 347 0 0 0 0 1 68 88 11 
-1205 -130 -763 1302 433 591 0 0 0 0 1 56 90 9 
-1214 -317 -1435 1225 360 458 0 0 0 0 1 56 90 11 
-1048 -420 -1807 822 387 24 0 0 0 0 1 58 76 16 
-807 -454 -2309 293 259 -555 0 0 0 0 1 58 80 9 
-803 -429 -2378 -51 5 -997 0 0 0 0 1 47 76 13 
-774 -370 -2503 -518 -394 -1645 0 0 0 0 1 53 72 3 
-741 -355 -2617 -772 -621 -2011 0 0 0 0 1 58 68 4 
-719 -259 -2537 -1129 -840 -2394 0 0 0 0 1 62 62 8 
-464 93 -2478 -1407 -905 -2534 0 0 0 0 1 68 66 16 
-401 149 -2493 -1525 -806 -2518 0 0 0 0 1 73 71 11 
-451 232 -2525 -1600 -546 -2433 0 0 0 0 1 70 83 23 
-712 272 -2484 -1601 -377 -2378 0 0 0 0 1 83 67 26 
-1183 286 -2277 -1587 -181 -2343 0 0 0 0 1 93 74 24 
-1593 334 -1960 -1591 -268 -2356 0 0 0 0 1 90 74 31 
-1832 441 -1690 -1683 -948 -2371 0 0 0 0 1 95 72 26 
-1964 511 -1594 -1757 -1619 -2360 0 0 0 0 1 104 72 36 
-2003 545 -1587 -1840 -2044 -2379 0 0 0 0 1 103 68 48 
-2349 512 -1577 -1884 -1517 -2518 0 0 0 0 1 115 83 51 
-2430 492 -1494 -1963 -906 -2656 0 0 0 0 1 119 77 52 
-2714 571 -1009 -2244 -360 -2812 0 0 0 0 1 129 78 48 
-2830 711 -395 -2528 -520 -2765 0 0 0 0 1 121 72 61 
-2815 706 -124 -2968 -1128 -2523 0 0 0 0 1 125 68 62 
-2991 882 130 -3265 -1551 -2299 0 0 0 0 1 134 83 65 
-3097 809 201 -3372 -1639 -2200 0 0 0 0 1 136 83 81 
-3196 645 412 -3505 -1364 -2163 0 0 0 0 1 149 77 87 
-3535 358 709 -3605 -816 -2192 0 0 0 0 1 147 84 96 
-3549 10 746 -3612 -364 -2142 0 0 0 0 1 159 91 98 
-3553 -130 840 -3531 414 -1926 0 0 0 0 1 159 96 117 
-3363 -216 1006 -3371 1152 -1536 0 0 0 0 1 154 94 103 
-3428 -150 1163 -3242 1458 -1261 0 0 0 0 1 161 101 110 
-3603 -112 1346 -3134 1453 -919 0 0 0 0 1 148 112 107 
-3728 -276 1670 -3143 1083 -699 0 0 0 0 1 149 114 108 
-3789 -521 1716 -3165 335 -413 0 0 0 0 1 143 107 111 
-3827 -889 1713 -3168 120 -189 0 0 0 0 1 153 127 123 
-3700 -1168 1725 -3149 304 -59 0 0 0 0 1 158 117 121 
-3505 -1283 1749 -3096 654 159 0 0 0 0 1 148 144 118 
-3394 -1321 1906 -3051 802 391 0 0 0 0 1 151 144 132 
-3237 -1330 1970 -2988 725 544 0 0 0 0 1 153 171 137 
-3113 -1348 1945 -2755 574 737 0 0 0 0 1 143 164 144 
-2938 -1267 1945 -2533 550 830 0 0 0 0 1 134 171 146 
-2768 -1231 1841 -2078 578 937 0 0 0 0 1 135 187 138 
-2613 -1165 1756 -1566 745 930 0 0 0 0 1 130 182 154 
-2623 -1184 1775 -1267 856 825 0 0 0 0 1 135 190 147 
-2933 -1485 1917 -947 800 447 0 0 0 0 1 123 195 152 
-3395 -1763 2109 -840 687 88 0 0 0 0 1 130 190 154 
-3388 -1927 2336 -846 769 -373 0 0 0 0 1 135 195 154 
-2653 -1785 2840 -936 1031 -444 0 0 0 0 1 130 204 159 
-2427 -1602 2792 -865 1116 -287 0 0 0 0 1 130 202 154 
-2361 -1615 3282 -692 1295 296 0 0 0 0 1 130 204 161 
-1976 -1899 4110 -332 1002 1125 0 0 0 0 1 130 209 154 
-1994 -2016 4098 1229 -100 2793 0 0 0 0 1 120 208 160 
-3107 -2440 4590 2993 -886 3872 0 0 0 0 1 107 212 129 
-3608 -3098 4422 6999 -2768 5448 0 0 0 0 1 100 217 131 
-5169 -3101 3480 11853 -4401 6002 0 0 0 0 1 110 208 111 
-5622 -3911 1310 15735 -5344 6273 0 0 0 0 1 99 191 83 
-4466 -5120 -755 17069 -6309 6861 0 0 0 0 1 88 153 73 
-4185 -5779 -3678 17960 -9079 7918 0 0 0 0 1 100 126 43 
-4845 -8126 -8492 18154 -9484 8266 0 0 0 0 1 122 53 32 
-4395 -10863 -13609 17498 -4961 8899 0 0 0 0 1 143 39 32 
-2663 -10326 -15344 13226 7069 9975 0 0 0 0 1 125 29 13 
1065 -6805 -13915 8406 11821 9889 0 0 0 0 1 82 9 -9 
1371 -4874 -9482 1142 9168 6147 0 0 0 0 1 48 18 -26 
2096 -3977 -3616 -2406 3912 2453 0 0 0 0 1 40 9 -34 
1334 -3685 -2234 -5269 -1658 -3015 0 0 0 0 1 40 17 -27 
-5 -3222 -1691 -6315 -3730 -7033 0 0 0 0 1 61 41 -16 
-335 -2705 -10 -6581 -4440 -8002 0 0 0 0 1 76 47 -3 
-864 -1906 -346 -5656 -4338 -7668 0 0 0 0 1 112 57 26 
-1176 -829 -1270 -3520 -1841 -6169 0 0 0 0 1 115 51 30 
-997 76 -662 -2130 -399 -4667 0 0 0 0 1 134 68 41 
-1252 772 -669 -529 -31 -2239 0 0 0 0 1 129 61 37 
-1538 782 -815 322 363 -423 0 0 0 0 1 134 49 48 
-1761 347 -1025 533 1048 405 0 0 0 0 1 132 49 46 
-2022 201 -1190 567 1971 1018 0 0 0 0 1 132 53 27 
-2167 276 -1494 521 2117 1138 0 0 0 0 1 112 65 24 
-1886 317 -1740 494 1982 1119 0 0 0 0 1 109 55 19 
-1704 327 -1936 433 1779 914 0 0 0 0 1 103 49 27 
-1533 348 -2282 336 1642 662 0 0 0 0 1 90 55 24 
-1382 279 -2293 -42 1446 240 0 0 0 0 1 88 52 8 
-1155 171 -2195 -432 1305 -26 0 0 0 0 1 86 65 10 
-1050 151 -2145 -1043 1069 -395 0 0 0 0 1 81 45 15 
-915 188 -2235 -1353 908 -593 0 0 0 0 1 81 67 10 
-753 315 -2335 -1614 654 -801 0 0 0 0 1 79 55 5 
-802 339 -2417 -1678 371 -1017 0 0 0 0 1 76 60 22 
-996 292 -2502 -1669 214 -1212 0 0 0 0 1 74 55 10 
-1112 210 -2453 -1686 21 -1518 0 0 0 0 1 75 73 9 
-1285 -17 -2294 -1750 -134 -1697 0 0 0 0 1 83 72 15 
-1444 -9 -1945 -1988 -569 -1914 0 0 0 0 1 82 78 23 
-1624 50 -1660 -2351 -1169 -2132 0 0 0 0 1 84 83 27 
-1493 104 -1422 -2596 -1506 -2182 0 0 0 0 1 96 83 37 
-1277 124 -1357 -2870 -1780 -2108 0 0 0 0 1 96 88 41 
-1132 269 -1356 -2962 -1806 -2015 0 0 0 0 1 103 88 48 
-1104 342 -1435 -2954 -1609 -1880 0 0 0 0 1 104 89 50 
-1605 449 -1309 -2916 -1370 -1895 0 0 0 0 1 113 110 53 
-1923 293 -1080 -2934 -955 -1992 0 0 0 0 1 119 104 68 
-2364 116 -510 -3177 -636 -2200 0 0 0 0 1 128 106 75 
-2641 334 352 -3496 -614 -2335 0 0 0 0 1 134 105 79 
-2440 495 647 -3999 -1098 -2256 0 0 0 0 1 138 109 91 
-2158 663 480 -4166 -1576 -2059 0 0 0 0 1 133 114 96 
-2068 757 114 -4060 -1746 -1732 0 0 0 0 1 153 112 102 
-2165 749 84 -3707 -1064 -1506 0 0 0 0 1 141 120 114 
-2536 447 512 -3499 -244 -1470 0 0 0 0 1 165 130 121 
-2850 75 1011 -3419 1230 -1550 0 0 0 0 1 169 147 128 
-2992 -176 1716 -3478 1973 -1592 0 0 0 0 1 154 141 133 
-3103 -171 1775 -3462 2228 -1484 0 0 0 0 1 159 145 131 
-3062 -111 1717 -3280 1864 -1160 0 0 0 0 1 163 148 119 
-3301 77 1848 -3108 1656 -930 0 0 0 0 1 147 150 133 
-3433 27 1926 -2805 1574 -589 0 0 0 0 1 147 155 126 
-3866 -360 2013 -2463 1796 -383 0 0 0 0 1 141 166 137 
-4248 -711 2262 -2292 2075 -324 0 0 0 0 1 134 161 137 
-4354 -946 2282 -2111 2406 -245 0 0 0 0 1 135 168 136 
-4417 -1103 2415 -2098 2499 -160 0 0 0 0 1 126 163 138 
-4521 -1156 2573 -2172 2245 -121 0 0 0 0 1 142 172 131 
-4669 -1076 2646 -2288 1179 -123 0 0 0 0 1 135 182 140 
-4441 -779 2510 -2241 -286 -59 0 0 0 0 1 117 186 137 
-4203 -620 2306 -2044 -1050 23 0 0 0 0 1 121 187 154 
-3896 -529 1990 -1508 -1415 167 0 0 0 0 1 135 182 154 
-3428 -439 1702 -1098 -1168 265 0 0 0 0 1 138 197 147 
-3103 -432 1687 -609 -616 459 0 0 0 0 1 138 197 161 
-2590 -530 1852 -401 -278 773 0 0 0 0 1 145 202 164 
-2354 -568 2101 -382 -233 956 0 0 0 0 1 125 198 155 
-2282 -707 2150 -354 -120 1159 0 0 0 0 1 130 204 171 
-2142 -896 2341 -274 189 1245 0 0 0 0 1 126 204 161 
-2211 -1087 2452 15 781 1266 0 0 0 0 1 113 208 162 
-2396 -1616 2800 309 1281 1303 0 0 0 0 1 117 215 165 
-2556 -2277 4019 795 1934 1561 0 0 0 0 1 110 208 158 
-3087 -2618 4281 1874 1002 2055 0 0 0 0 1 97 229 150 
-3573 -2608 4618 3100 -322 2377 0 0 0 0 1 97 214 154 
-4108 -2281 5070 5880 -4083 2949 0 0 0 0 1 93 226 133 
-4139 -2217 3153 10454 -9092 3573 0 0 0 0 1 112 209 122 
-3681 -2758 336 13907 -10399 3904 0 0 0 0 1 121 190 108 
-2516 -4162 -2866 18365 -9282 5117 0 0 0 0 1 132 152 97 
-2590 -5198 -4477 20942 -6369 7399 0 0 0 0 1 141 137 74 
-4736 -7329 -8271 21785 -3430 8653 0 0 0 0 1 155 105 55 
-5952 -7567 -8742 19384 2561 9338 0 0 0 0 1 134 66 30 
-3918 -8193 -8335 13178 5906 8330 0 0 0 0 1 104 15 1 
-233 -7821 -7650 8608 6376 6122 0 0 0 0 1 79 -11 -19 
717 -7296 -6507 2641 3692 392 0 0 0 0 1 58 -4 -30 
76 -5301 -4306 -762 218 -3700 0 0 0 0 1 63 -31 -27 
-273 -3088 -3245 -5459 -5169 -6744 0 0 0 0 1 69 -33 -15 
-957 -1699 -3813 -8282 -6923 -6237 0 0 0 0 1 84 -14 -2 
-692 -1419 -3872 -8454 -4871 -4849 0 0 0 0 1 129 12 30 
-988 -1460 -2809 -6599 -206 -2971 0 0 0 0 1 130 28 31 
-1144 -788 -1788 -3749 2141 -1540 0 0 0 0 1 135 33 33 
-748 -421 -289 -2340 2431 -614 0 0 0 0 1 129 49 32 
-754 -432 706 -1247 1894 360 0 0 0 0 1 120 51 37 
-1226 -425 496 -519 727 577 0 0 0 0 1 107 47 26 
-1282 -437 115 16 193 412 0 0 0 0 1 114 52 15 
-1500 -362 -1114 685 322 -162 0 0 0 0 1 116 50 33 
-1728 -136 -1385 892 589 -648 0 0 0 0 1 114 35 24 
-1638 -19 -1595 773 492 -1128 0 0 0 0 1 104 45 24 
-1445 157 -1677 401 206 -1220 0 0 0 0 1 110 36 20 
-1346 166 -1787 -340 -132 -1156 0 0 0 0 1 115 26 25 
-1326 142 -2058 -783 -130 -1095 0 0 0 0 1 110 31 27 
-1327 137 -2162 -1250 255 -1090 0 0 0 0 1 101 31 34 
-1325 44 -2346 -1419 547 -1154 0 0 0 0 1 100 28 26 
-1305 10 -2383 -1524 858 -1303 0 0 0 0 1 106 39 27 
-1348 -40 -2457 -1497 1002 -1494 0 0 0 0 1 107 40 22 
-1383 17 -2425 -1458 1045 -1623 0 0 0 0 1 113 41 13 
-1549 110 -2321 -1471 1084 -1870 0 0 0 0 1 95 50 17 
-1380 111 -1898 -1670 978 -1982 0 0 0 0 1 90 50 17 
-1239 151 -1706 -1909 793 -1957 0 0 0 0 1 94 46 25 
-981 289 -1497 -2368 344 -1793 0 0 0 0 1 88 45 15 
-1066 279 -1426 -2652 -20 -1712 0 0 0 0 1 100 38 26 
-1749 417 -1472 -2939 -265 -1894 0 0 0 0 1 89 73 23 
-2051 435 -1527 -3005 -254 -2263 0 0 0 0 1 103 63 23 
-2258 425 -1508 -2973 -207 -2491 0 0 0 0 1 89 71 23 
-2162 615 -1032 -2971 -164 -2665 0 0 0 0 1 104 74 40 
-1932 574 -933 -2984 -444 -2533 0 0 0 0 1 94 78 41 
-2054 778 -675 -3029 -677 -2466 0 0 0 0 1 112 79 40 
-2356 879 -506 -3171 -942 -2591 0 0 0 0 1 116 91 52 
-2967 677 -259 -3374 -814 -2927 0 0 0 0 1 115 90 51 
-3162 631 41 -3584 -461 -3152 0 0 0 0 1 109 89 73 
-3172 544 196 -3890 -81 -3202 0 0 0 0 1 128 87 77 
-3016 439 278 -4019 -37 -3001 0 0 0 0 1 128 101 82 
-2935 387 288 -3998 125 -2475 0 0 0 0 1 128 101 80 
-2740 464 390 -3871 550 -2061 0 0 0 0 1 122 107 88 
-2961 417 628 -3665 1253 -1573 0 0 0 0 1 126 118 87 
-3222 165 972 -3567 1453 -1324 0 0 0 0 1 128 114 77 
-3416 -6 1122 -3442 1289 -1079 0 0 0 0 1 130 138 82 
-3796 -327 1429 -3386 1042 -1011 0 0 0 0 1 122 134 97 
-3905 -536 1509 -3280 602 -963 0 0 0 0 1 126 141 98 
-3909 -625 1546 -3111 318 -944 0 0 0 0 1 123 143 96 
-3919 -752 1619 -2985 221 -949 0 0 0 0 1 126 153 119 
-3827 -777 1610 -2765 82 -942 0 0 0 0 1 128 143 117 
-3725 -831 1578 -2607 5 -924 0 0 0 0 1 129 157 107 
-3681 -908 1587 -2406 -118 -899 0 0 0 0 1 134 147 123 
-3583 -945 1571 -2297 -243 -879 0 0 0 0 1 147 165 143 
-3485 -973 1519 -2159 -405 -811 0 0 0 0 1 143 169 137 
-3183 -1070 1508 -2048 -300 -672 0 0 0 0 1 151 171 137 
-2875 -1047 1542 -1978 -170 -550 0 0 0 0 1 145 187 131 
-2729 -1011 1396 -1773 -6 -408 0 0 0 0 1 140 177 150 
-2502 -982 1339 -1626 240 -342 0 0 0 0 1 148 171 153 
-2424 -1030 1381 -1436 721 -312 0 0 0 0 1 142 187 157 
-2241 -1425 1720 -1407 1377 -165 0 0 0 0 1 140 177 168 
-2081 -1721 2574 -1483 1772 42 0 0 0 0 1 141 179 153 
-2469 -1869 2914 -1466 1714 278 0 0 0 0 1 133 192 150 
-3051 -2532 3193 -1198 1577 489 0 0 0 0 1 142 190 161 
-2959 -3142 3907 -284 1977 1239 0 0 0 0 1 126 185 150 
-3112 -3086 4593 1496 1592 2627 0 0 0 0 1 129 206 146 
-3690 -2531 4541 3571 -285 3881 0 0 0 0 1 117 196 130 
-4243 -2479 4394 7694 -3022 5649 0 0 0 0 1 103 208 116 
-5003 -3126 3056 12006 -4519 6961 0 0 0 0 1 96 188 107 
-4803 -3211 2210 14337 -5597 7714 0 0 0 0 1 100 182 82 
-4206 -4063 1024 16544 -6612 8924 0 0 0 0 1 95 153 59 
-3713 -6860 -4799 17572 -3701 9695 0 0 0 0 1 95 138 31 
-4363 -8136 -6969 16747 -385 9610 0 0 0 0 1 83 87 15 
-3010 -9934 -8993 13393 1098 9357 0 0 0 0 1 74 47 -17 
3562 -8385 -12957 9865 4241 8878 0 0 0 0 1 57 23 -17 
4211 -6324 -12767 7577 5947 7431 0 0 0 0 1 31 8 -31 
2451 -5026 -10064 3016 2542 2419 0 0 0 0 1 27 -6 -33 
1407 -3677 -6064 -752 -1166 -1217 0 0 0 0 1 25 -17 -37 
650 -3084 -5640 -5357 -3947 -4996 0 0 0 0 1 42 -19 -16 
83 -2961 -5005 -7448 -2847 -6155 0 0 0 0 1 48 1 -17 
66 -2637 -1975 -7495 -1151 -5535 0 0 0 0 1 77 26 6 
-412 -1414 -1011 -5443 547 -3897 0 0 0 0 1 84 46 11 
-762 -472 -512 -2492 1487 -2238 0 0 0 0 1 84 44 9 
-963 -23 -189 -968 1418 -1235 0 0 0 0 1 75 56 0 
-1097 43 -88 241 469 -2 0 0 0 0 1 69 57 1 
-1340 -203 -404 515 116 484 0 0 0 0 1 64 62 10 
-1444 -344 -950 564 243 705 0 0 0 0 1 54 46 -2 
-1553 -322 -1392 294 455 486 0 0 0 0 1 69 62 3 
-1715 -83 -1785 53 209 230 0 0 0 0 1 53 60 -1 
-1654 92 -1975 -319 -421 -123 0 0 0 0 1 62 55 -5 
-1438 230 -2285 -525 -760 -292 0 0 0 0 1 64 45 10 
-1285 237 -2507 -751 -956 -493 0 0 0 0 1 76 42 10 
-1260 215 -2578 -912 -901 -697 0 0 0 0 1 79 52 1 
-982 297 -2503 -1017 -812 -806 0 0 0 0 1 86 47 17 
-821 225 -2564 -1126 -745 -986 0 0 0 0 1 84 53 16 
-897 122 -2569 -1207 -691 -1191 0 0 0 0 1 76 65 22 
-1120 76 -2531 -1399 -685 -1618 0 0 0 0 1 80 56 20 
-1359 -18 -2248 -1748 -899 -2019 0 0 0 0 1 95 62 26 
-1567 5 -2050 -2059 -1229 -2254 0 0 0 0 1 96 61 25 
-1707 57 -1819 -2591 -1775 -2530 0 0 0 0 1 100 62 29 
-1757 198 -1491 -2933 -2083 -2619 0 0 0 0 1 114 60 26 
-1658 324 -1362 -3307 -2418 -2565 0 0 0 0 1 109 77 45 
-1484 503 -1265 -3425 -2484 -2452 0 0 0 0 1 135 79 61 
-1460 523 -1192 -3400 -2313 -2259 0 0 0 0 1 138 82 73 
-1760 480 -846 -3266 -1973 -2182 0 0 0 0 1 146 85 76 
-2035 499 -646 -3173 -1832 -2218 0 0 0 0 1 153 83 83 
-2166 489 -494 -3095 -1904 -2244 0 0 0 0 1 160 93 93 
-2278 389 120 -3210 -2105 -2151 0 0 0 0 1 173 89 105 
-2295 276 326 -3354 -2274 -2024 0 0 0 0 1 172 85 111 
-2290 239 483 -3575 -2286 -1830 0 0 0 0 1 185 99 122 
-2234 323 749 -3702 -2053 -1706 0 0 0 0 1 191 88 139 
-2167 337 862 -3794 -1670 -1481 0 0 0 0 1 187 99 143 
-2020 245 807 -3745 -1452 -1297 0 0 0 0 1 191 115 155 
-2006 159 866 -3546 -1036 -1041 0 0 0 0 1 198 100 162 
-2141 1 1030 -3337 -459 -874 0 0 0 0 1 209 107 169 
-2259 -269 1302 -3225 -13 -790 0 0 0 0 1 192 109 182 
-2326 -435 1444 -3081 651 -690 0 0 0 0 1 198 98 172 
-2442 -562 1599 -2986 1045 -642 0 0 0 0 1 207 127 181 
-2438 -570 1580 -2810 1500 -538 0 0 0 0 1 206 116 178 
-2436 -566 1697 -2651 1831 -383 0 0 0 0 1 191 127 181 
-2650 -577 1893 -2599 1867 -293 0 0 0 0 1 198 117 174 
-2894 -800 1994 -2608 1623 -236 0 0 0 0 1 195 120 181 
-3192 -1094 2200 -2673 1413 -242 0 0 0 0 1 186 125 181 
-3236 -1207 2191 -2747 1216 -217 0 0 0 0 1 188 132 176 
-3054 -1440 2099 -2751 1286 -127 0 0 0 0 1 194 131 171 
-2930 -1575 2166 -2741 1733 76 0 0 0 0 1 173 145 178 
-2878 -1547 2240 -2713 1955 195 0 0 0 0 1 191 149 169 
-2846 -1555 2167 -2559 1910 328 0 0 0 0 1 182 143 164 
-2919 -1450 2271 -2362 1704 374 0 0 0 0 1 169 154 176 
-2685 -1343 2230 -2176 1564 450 0 0 0 0 1 179 159 183 
-2421 -1325 2253 -1858 1517 661 0 0 0 0 1 169 154 188 
-2244 -1158 2212 -1623 1547 790 0 0 0 0 1 155 166 162 
-2118 -1217 2141 -1261 1741 1052 0 0 0 0 1 149 172 180 
-1889 -1837 2414 -1099 2224 1325 0 0 0 0 1 142 180 178 
-1910 -2337 2713 -1008 3620 1814 0 0 0 0 1 146 181 165 
-2635 -3115 3923 -1066 4897 2285 0 0 0 0 1 132 206 146 
-3545 -3209 4675 -966 4607 2584 0 0 0 0 1 125 208 149 
-3966 -3192 5612 208 1218 3786 0 0 0 0 1 108 203 132 
-4611 -3259 5255 2578 -2339 4955 0 0 0 0 1 94 210 139 
-5499 -2988 4906 8014 -4474 5691 0 0 0 0 1 89 213 128 
-5637 -3896 2865 13335 -3640 5807 0 0 0 0 1 87 196 88 
-4906 -4005 2540 15370 -3971 6241 0 0 0 0 1 80 164 60 
-3984 -4420 1740 16172 -7183 7686 0 0 0 0 1 77 137 48 
-3275 -5626 -4155 16593 -8094 8526 0 0 0 0 1 90 109 38 
-3323 -7329 -11117 16705 -3318 9013 0 0 0 0 1 102 82 22 
-1059 -7410 -12218 12921 3119 9376 0 0 0 0 1 87 49 11 
31 -6910 -11980 8692 5857 8484 0 0 0 0 1 71 30 -5 
829 -6539 -10403 2891 4113 4567 0 0 0 0 1 43 15 -31 
1671 -3370 -8247 -546 -92 -682 0 0 0 0 1 42 14 -30 
1438 -2511 -6871 -2204 -2059 -3622 0 0 0 0 1 55 25 -24 
704 -2327 -5248 -4433 -3551 -5852 0 0 0 0 1 69 13 -12 
-193 -1983 -3377 -5211 -3336 -5840 0 0 0 0 1 81 33 5 
-215 -1639 -1954 -4834 -1721 -4063 0 0 0 0 1 96 36 11 
-616 -898 -192 -2942 299 -1846 0 0 0 0 1 102 33 10 
-768 -401 -169 -1298 1289 -656 0 0 0 0 1 89 46 16 
-917 7 -98 637 1575 622 0 0 0 0 1 88 55 22 
-1100 159 -189 1294 951 1180 0 0 0 0 1 86 52 10 
-1055 8 -712 1611 180 1579 0 0 0 0 1 89 49 6 
-940 -399 -1370 1483 490 1563 0 0 0 0 1 82 41 11 
-959 -611 -1508 914 1050 1200 0 0 0 0 1 80 36 2 
-1118 -535 -1530 473 920 796 0 0 0 0 1 83 42 5 
-1037 -323 -1573 -22 503 166 0 0 0 0 1 74 40 -3 
-851 -258 -1809 -152 422 -272 0 0 0 0 1 75 49 -2 
-717 -222 -2092 -115 539 -456 0 0 0 0 1 73 36 4 
-642 -262 -2228 -38 810 -629 0 0 0 0 1 67 42 5 
-495 -326 -2302 -65 1089 -733 0 0 0 0 1 63 31 0 
-392 -379 -2272 -141 1214 -761 0 0 0 0 1 61 31 -6 
-361 -438 -2272 -264 1290 -784 0 0 0 0 1 64 33 -3 
-361 -503 -2277 -318 1329 -814 0 0 0 0 1 50 38 5 
-468 -528 -2214 -351 1370 -919 0 0 0 0 1 49 39 2 
-552 -550 -2235 -305 1384 -1049 0 0 0 0 1 47 41 -16 
-619 -575 -2141 -270 1378 -1130 0 0 0 0 1 34 38 -15 
-714 -543 -2114 -209 1184 -1263 0 0 0 0 1 34 35 -1 
-903 -471 -2071 -161 791 -1432 0 0 0 0 1 30 29 -4 
-986 -402 -1988 -144 527 -1533 0 0 0 0 1 25 29 -11 
-893 -336 -1954 -134 315 -1613 0 0 0 0 1 33 24 -4 
-684 -148 -1819 -152 309 -1582 0 0 0 0 1 25 19 -13 
-710 -113 -1753 -144 314 -1537 0 0 0 0 1 14 41 -4 
-911 -93 -1693 -112 210 -1477 0 0 0 0 1 24 18 -8 
-1050 -80 -1732 4 -75 -1441 0 0 0 0 1 22 13 -1 
-1267 12 -1856 124 -261 -1437 0 0 0 0 1 28 24 -2 
-1295 53 -1892 343 -384 -1390 0 0 0 0 1 17 15 1 
-1273 128 -1867 599 -254 -1281 0 0 0 0 1 30 4 -6 
-1331 205 -1706 762 -91 -1197 0 0 0 0 1 21 12 0 
-1437 234 -1620 1016 78 -1116 0 0 0 0 1 33 2 -16 
-1702 296 -1436 1255 121 -1095 0 0 0 0 1 15 -3 -12 
-1811 347 -1339 1379 45 -1078 0 0 0 0 1 33 -7 -2 
-1819 379 -1280 1547 -213 -1029 0 0 0 0 1 23 -14 -11 
-1879 400 -1301 1658 -404 -996 0 0 0 0 1 24 -25 -1 
-2025 414 -1255 1789 -485 -1035 0 0 0 0 1 15 -30 3 
-2308 378 -1079 1826 -326 -1178 0 0 0 0 1 11 -56 4 
-2444 311 -1028 1826 -218 -1296 0 0 0 0 1 15 -57 5 
-2471 267 -1019 1810 -194 -1451 0 0 0 0 1 17 -60 8 
-2511 276 -971 1786 -301 -1550 0 0 0 0 1 14 -63 4 
-2472 235 -916 1671 -516 -1648 0 0 0 0 1 27 -79 5 
-2439 74 -803 1479 -740 -1718 0 0 0 0 1 18 -90 6 
-2673 59 -690 1313 -849 -1807 0 0 0 0 1 28 -98 13 
-2690 -71 -650 1048 -995 -1949 0 0 0 0 1 16 -100 20 
-2756 -167 -501 754 -1174 -2066 0 0 0 0 1 12 -96 15 
-2687 -292 -431 568 -1373 -2116 0 0 0 0 1 28 -115 16 
-2646 -331 -455 357 -1807 -2155 0 0 0 0 1 21 -110 20 
-2557 -414 -493 212 -2291 -2179 0 0 0 0 1 29 -126 29 
-2464 -510 -557 142 -2563 -2188 0 0 0 0 1 30 -117 34 
-2337 -576 -550 74 -2834 -2173 0 0 0 0 1 38 -131 33 
-2197 -1392 -151 -417 -728 -2036 0 0 0 0 1 69 -160 57 
-3191 -565 293 -471 -729 -1739 0 0 0 0 1 63 -164 74 
-3210 -568 395 -310 -816 -475 0 0 0 0 1 68 -159 67 
-3234 -940 -43 149 -772 449 0 0 0 0 1 74 -155 73 
-2836 -779 -11 431 -771 731 0 0 0 0 1 75 -149 72 
-2898 -777 97 766 -633 693 0 0 0 0 1 75 -166 76 
-2687 -989 355 909 -412 492 0 0 0 0 1 80 -176 83 
-2609 -1047 406 989 88 52 0 0 0 0 1 71 -177 87 
-2514 -1141 366 918 587 -376 0 0 0 0 1 75 -166 100 
-2313 -1265 265 788 860 -622 0 0 0 0 1 67 -172 77 
-2331 -1321 174 501 1113 -938 0 0 0 0 1 73 -186 86 
-2073 -1333 148 159 956 -1134 0 0 0 0 1 57 -187 89 
-2074 -1408 48 -70 619 -1240 0 0 0 0 1 64 -190 82 
-2064 -1450 61 -436 -13 -1337 0 0 0 0 1 54 -186 83 
-2050 -1500 137 -689 -393 -1365 0 0 0 0 1 56 -193 81 
-1965 -1472 171 -1042 -789 -1355 0 0 0 0 1 48 -187 82 
-1891 -1340 172 -1349 -971 -1339 0 0 0 0 1 46 -187 80 
-1945 -1319 9 -1477 -1093 -1336 0 0 0 0 1 60 -182 77 
-1717 -1449 -184 -1546 -1295 -1228 0 0 0 0 1 57 -185 68 
-1577 -1318 -233 -1518 -1400 -1047 0 0 0 0 1 64 -187 68 
-1477 -1036 -376 -1414 -1420 -892 0 0 0 0 1 58 -166 72 
-1420 -1014 -443 -1294 -1399 -794 0 0 0 0 1 51 -176 74 
-1324 -1075 -518 -1056 -1340 -633 0 0 0 0 1 54 -161 65 
-1271 -1138 -573 -773 -1260 -453 0 0 0 0 1 58 -166 69 
-1274 -1182 -619 -557 -1199 -334 0 0 0 0 1 70 -161 60 
-1282 -1232 -639 -212 -1090 -180 0 0 0 0 1 62 -170 61 
-1310 -1331 -627 17 -995 -88 0 0 0 0 1 70 -171 67 
-1315 -1402 -615 362 -793 33 0 0 0 0 1 71 -175 80 
-1376 -1482 -610 686 -496 121 0 0 0 0 1 70 -164 72 
-1397 -1489 -612 891 -260 167 0 0 0 0 1 81 -165 84 
