Data Quantity : 14  Accelerometer : 3  Gyroscope : 3  FSR : 5







-2288 -1089 -2416 1961 -2814 -1250 0 0 0 0 1 197 -6 403 
-2327 -1295 -2801 1324 -4516 -1489 0 0 0 0 1 195 4 423 
-1787 -1679 -3636 723 -4812 -1379 0 0 0 0 1 187 3 434 
-1577 -1796 -4139 362 -4293 -1108 0 0 0 0 1 178 -6 455 
-1310 -2092 -4742 -67 -2919 -376 0 0 0 0 1 172 -17 460 
-1287 -2602 -5506 -458 -1534 496 0 0 0 0 1 163 -11 459 
-1664 -3211 -5558 -1156 -875 1221 0 0 0 0 1 176 -9 465 
-1957 -3926 -5431 -1839 -1070 1620 0 0 0 0 1 163 -8 469 
-1751 -4451 -5557 -3131 -1529 2335 0 0 0 0 1 158 -12 472 
-1446 -4888 -5587 -4815 -971 3097 0 0 0 0 1 171 -6 492 
-1764 -5482 -5454 -6067 -400 3428 0 0 0 0 1 165 -4 493 
-2436 -6095 -5527 -7756 -66 3402 0 0 0 0 1 161 -25 492 
-3527 -7116 -5963 -8613 -47 3114 0 0 0 0 1 173 -23 504 
-4110 -8245 -6470 -9556 363 2684 0 0 0 0 1 174 -58 481 
-4469 -9035 -6682 -10319 1509 2415 0 0 0 0 1 184 -66 472 
-5208 -10180 -6549 -11126 2787 2235 0 0 0 0 1 201 -84 464 
-5939 -11319 -5965 -11762 3470 2129 0 0 0 0 1 204 -89 431 
-6727 -12357 -5668 -12869 3702 2085 0 0 0 0 1 197 -104 415 
-7886 -13738 -4706 -14356 3038 2311 0 0 0 0 1 224 -107 384 
-8685 -15141 -4340 -15489 2162 2771 0 0 0 0 1 226 -107 332 
-9068 -15269 -4076 -17290 747 4085 0 0 0 0 1 234 -94 310 
-9062 -14015 -4448 -18789 -689 6101 0 0 0 0 1 237 -82 303 
-9314 -13030 -5057 -19625 -1456 8290 0 0 0 0 1 244 -57 287 
-10464 -12103 -6219 -19675 -1169 10099 0 0 0 0 1 244 15 294 
-11187 -11222 -7106 -19332 -620 11028 0 0 0 0 1 241 57 301 
-11380 -10221 -7542 -18390 170 12051 0 0 0 0 1 239 79 327 
-11489 -9576 -7416 -17183 935 12585 0 0 0 0 1 226 122 346 
-11437 -8699 -7128 -16288 1328 12679 0 0 0 0 1 209 134 377 
-11189 -7996 -6793 -14810 1541 12545 0 0 0 0 1 184 161 391 
-11005 -7381 -6666 -13066 1249 12117 0 0 0 0 1 158 188 449 
-10133 -7264 -6308 -11735 602 11931 0 0 0 0 1 123 180 476 
-9271 -6788 -5758 -9684 -27 11736 0 0 0 0 1 110 181 493 
-8387 -5584 -4722 -7758 321 11185 0 0 0 0 1 76 182 506 
-7800 -5316 -4187 -6645 849 10635 0 0 0 0 1 63 179 521 
-7425 -5109 -3734 -5285 1442 9654 0 0 0 0 1 37 169 526 
-6851 -5188 -2661 -4657 1599 9002 0 0 0 0 1 35 161 537 
-6425 -5166 -1757 -4159 1588 8086 0 0 0 0 1 8 158 552 
-5869 -4962 -749 -3985 1246 7515 0 0 0 0 1 1 153 552 
-5124 -4811 -122 -3691 389 6745 0 0 0 0 1 -14 130 570 
-4574 -4744 94 -3146 -553 6085 0 0 0 0 1 -17 138 562 
-3660 -4612 140 -2570 -1115 5688 0 0 0 0 1 -31 128 564 
-3127 -4584 105 -1454 -1484 5075 0 0 0 0 1 -37 122 568 
-2977 -4709 70 -232 -978 4247 0 0 0 0 1 -58 115 572 
-2925 -4862 363 480 -182 3604 0 0 0 0 1 -63 115 570 
-2902 -4957 769 1254 1172 2633 0 0 0 0 1 -73 107 563 
-2741 -4950 1388 1769 1876 1745 0 0 0 0 1 -69 128 557 
-2810 -4893 1775 1966 1928 1188 0 0 0 0 1 -67 123 555 
-2796 -4680 2424 1990 1610 395 0 0 0 0 1 -60 143 555 
-2646 -4523 2668 1825 945 -295 0 0 0 0 1 -57 148 562 
-2605 -4216 2694 1738 513 -870 0 0 0 0 1 -53 150 548 
-2773 -3899 2515 1891 574 -2246 0 0 0 0 1 -42 157 547 
-1956 -3845 2326 2016 318 -2937 0 0 0 0 1 -37 164 535 
-2353 -2919 2280 1945 -19 -3348 0 0 0 0 1 -25 161 542 
-2648 -2582 2042 1981 9 -3764 0 0 0 0 1 -31 163 536 
-4258 953 -119 4303 -1568 -5815 0 0 0 0 1 100 209 457 
-4479 1183 -316 4447 -1640 -5578 0 0 0 0 1 123 204 462 
-4724 1469 -442 4698 -1955 -5431 0 0 0 0 1 136 203 451 
-4960 1727 -603 4901 -2409 -5468 0 0 0 0 1 136 191 442 
-5026 1755 -708 4980 -2719 -5504 0 0 0 0 1 153 183 437 
-4888 1641 -783 5002 -3222 -5379 0 0 0 0 1 162 191 428 
-4449 1439 -912 4972 -3490 -5143 0 0 0 0 1 149 190 434 
-4135 1435 -981 4903 -3519 -4684 0 0 0 0 1 162 181 428 
-3847 1722 -1190 4918 -3278 -4311 0 0 0 0 1 168 175 420 
-3797 1800 -1324 5004 -3211 -4183 0 0 0 0 1 167 174 419 
-3829 1790 -1425 5187 -3424 -4162 0 0 0 0 1 187 170 431 
-4021 1616 -1638 5313 -3845 -4250 0 0 0 0 1 173 160 415 
-4051 1447 -1708 5412 -4727 -4403 0 0 0 0 1 181 166 409 
-3727 1343 -1700 5367 -5360 -4381 0 0 0 0 1 185 163 417 
-3013 1435 -1743 5332 -5447 -4223 0 0 0 0 1 191 164 421 
-2919 1481 -2046 5445 -5233 -3998 0 0 0 0 1 185 148 422 
-3144 1301 -2591 5652 -5000 -3949 0 0 0 0 1 184 154 433 
-3401 966 -2965 6048 -4890 -3999 0 0 0 0 1 189 148 424 
-3088 587 -2841 6306 -4961 -4030 0 0 0 0 1 185 141 424 
-2763 375 -2480 6238 -4722 -3938 0 0 0 0 1 176 134 428 
-2320 255 -2171 6030 -4610 -3848 0 0 0 0 1 184 130 437 
-2195 176 -2291 5933 -4724 -3853 0 0 0 0 1 189 143 422 
-2253 -48 -2462 5863 -5107 -4010 0 0 0 0 1 171 138 429 
-2515 -489 -2566 5718 -5611 -4335 0 0 0 0 1 179 127 440 
-2903 -868 -2564 5546 -5710 -4634 0 0 0 0 1 176 130 444 
-3740 -900 -2968 5349 -5210 -5293 0 0 0 0 1 174 120 447 
-4430 -563 -3565 5476 -4197 -6240 0 0 0 0 1 168 116 452 
-4581 106 -4135 5681 -3558 -6819 0 0 0 0 1 176 112 451 
-3613 482 -4103 5923 -3095 -7262 0 0 0 0 1 173 96 466 
-2992 433 -3826 5958 -2853 -7245 0 0 0 0 1 178 74 457 
-2786 236 -3699 6054 -2425 -7240 0 0 0 0 1 181 58 465 
-3503 -34 -3891 6277 -2319 -7381 0 0 0 0 1 179 68 460 
-3757 -104 -3469 6233 -2516 -7391 0 0 0 0 1 175 52 462 
-4525 17 -3300 5816 -2762 -7433 0 0 0 0 1 171 42 466 
-4823 428 -3458 5473 -2563 -7344 0 0 0 0 1 168 33 473 
-3961 624 -4046 5256 -1264 -6779 0 0 0 0 1 175 20 473 
-3309 539 -4834 5799 1136 -5920 0 0 0 0 1 166 15 466 
-3452 411 -4859 6434 2285 -5433 0 0 0 0 1 169 19 458 
-3504 540 -4253 6905 1657 -4805 0 0 0 0 1 175 20 452 
-3981 186 -2954 6656 291 -4531 0 0 0 0 1 182 20 450 
-4584 7 -2274 5514 -1721 -4399 0 0 0 0 1 172 12 449 
-4921 38 -1910 4075 -2478 -4285 0 0 0 0 1 163 3 455 
-4323 111 -2693 3415 -1980 -4055 0 0 0 0 1 163 6 441 
-3975 320 -3304 3149 174 -3598 0 0 0 0 1 165 0 451 
-3636 368 -3833 3384 1944 -3274 0 0 0 0 1 171 -1 445 
-3529 311 -3931 4037 3879 -2827 0 0 0 0 1 163 -3 436 
-3898 276 -3482 4585 4351 -2555 0 0 0 0 1 175 -6 420 
-4098 308 -3062 4794 3836 -2438 0 0 0 0 1 176 -9 407 
-3939 357 -2695 4751 2548 -2268 0 0 0 0 1 172 0 395 
-3471 330 -2295 4336 1097 -1995 0 0 0 0 1 188 -4 386 
-3005 279 -2141 3955 449 -1753 0 0 0 0 1 180 -18 385 
-2872 205 -2306 3482 470 -1367 0 0 0 0 1 187 -6 387 
-2705 194 -2818 3343 1652 -973 0 0 0 0 1 179 -19 393 
-2438 111 -3406 3462 2770 -665 0 0 0 0 1 189 -11 378 
-2295 -61 -3659 3825 3966 -112 0 0 0 0 1 189 -11 364 
-2124 -353 -3662 4023 3454 521 0 0 0 0 1 197 -1 345 
-1938 -668 -2991 3867 2553 906 0 0 0 0 1 199 -1 343 
-1832 -1036 -2417 3199 939 1352 0 0 0 0 1 191 4 337 
-1829 -1232 -2277 2222 -606 1611 0 0 0 0 1 191 12 337 
-1696 -1430 -2120 1052 -1461 1766 0 0 0 0 1 194 23 343 
-1684 -1569 -2501 307 -1585 1825 0 0 0 0 1 199 30 350 
-1508 -1688 -2911 -621 -1424 2011 0 0 0 0 1 187 45 345 
-1157 -2202 -3358 -1122 -1266 2241 0 0 0 0 1 194 52 366 
-1050 -2569 -3560 -1748 -1311 2665 0 0 0 0 1 184 58 363 
-1109 -3169 -3581 -2163 -1502 2916 0 0 0 0 1 201 55 371 
-1283 -3341 -3512 -2849 -1725 3074 0 0 0 0 1 185 82 382 
-1644 -3581 -3592 -3576 -1732 2976 0 0 0 0 1 176 71 400 
-1827 -3853 -3885 -4292 -1371 2688 0 0 0 0 1 176 71 405 
-2078 -4308 -4319 -4947 -698 2275 0 0 0 0 1 179 90 412 
-2269 -4969 -4803 -5317 -121 2000 0 0 0 0 1 168 74 431 
-2309 -5603 -5127 -5749 790 1682 0 0 0 0 1 189 74 441 
-2503 -6516 -5456 -6111 1715 1434 0 0 0 0 1 176 68 437 
-2984 -7558 -5550 -6367 2377 1240 0 0 0 0 1 193 61 444 
-3274 -8236 -5486 -6886 3272 876 0 0 0 0 1 179 53 440 
-3816 -9349 -4915 -7700 3907 454 0 0 0 0 1 193 46 435 
-4071 -9821 -4433 -8408 4234 142 0 0 0 0 1 207 39 433 
-4474 -10283 -4185 -9481 4560 -407 0 0 0 0 1 215 13 422 
-5083 -11138 -4179 -10319 4921 -974 0 0 0 0 1 222 1 406 
-5992 -12468 -4314 -10750 5179 -1368 0 0 0 0 1 250 -14 377 
-6788 -13813 -4141 -11517 5435 -1930 0 0 0 0 1 244 -28 359 
-7926 -15867 -3689 -12564 5587 -2341 0 0 0 0 1 247 -31 353 
-8595 -16525 -3392 -13997 5444 -2553 0 0 0 0 1 241 -50 289 
-9102 -16581 -2091 -15464 5162 -2563 0 0 0 0 1 247 -56 246 
-9246 -15788 -1085 -18338 4166 -2363 0 0 0 0 1 246 -50 231 
-9455 -14062 -769 -21187 2667 -1783 0 0 0 0 1 245 -22 230 
-9279 -12625 -1582 -22722 1410 -1015 0 0 0 0 1 233 -22 207 
-8988 -10705 -2907 -24204 -1055 921 0 0 0 0 1 225 8 210 
-8685 -9253 -4009 -24482 -3743 3734 0 0 0 0 1 244 62 252 
-8841 -7380 -5735 -23879 -5092 5814 0 0 0 0 1 234 94 292 
-9579 -6443 -7254 -21781 -5842 8603 0 0 0 0 1 235 110 342 
-9964 -6073 -7711 -18651 -4733 10395 0 0 0 0 1 217 127 391 
-9918 -5977 -7923 -15048 -2921 11187 0 0 0 0 1 202 127 421 
-9403 -6179 -7449 -12622 -1580 11269 0 0 0 0 1 163 128 485 
-8854 -6251 -6631 -9221 123 10836 0 0 0 0 1 130 141 492 
-8252 -6240 -5878 -6302 744 10119 0 0 0 0 1 136 159 509 
-7455 -6555 -3824 -4189 875 9322 0 0 0 0 1 109 153 513 
-6917 -6789 -2427 -3376 1156 8819 0 0 0 0 1 96 159 509 
-6260 -6678 -1089 -2943 1638 8149 0 0 0 0 1 70 169 521 
-5408 -6261 66 -2796 1478 7482 0 0 0 0 1 62 180 520 
-4423 -5964 357 -2505 923 7039 0 0 0 0 1 56 176 521 
-3974 -5757 141 -1514 -208 6238 0 0 0 0 1 35 174 526 
-3435 -5433 -62 -632 -667 5598 0 0 0 0 1 23 191 523 
-3331 -5384 235 503 -464 4512 0 0 0 0 1 16 179 533 
-3259 -5546 1108 1156 232 3422 0 0 0 0 1 -5 209 504 
-4287 786 -339 4538 -1974 -6091 0 0 0 0 1 135 197 441 
-4299 900 -594 4877 -1863 -5813 0 0 0 0 1 147 192 441 
-4399 1028 -770 5248 -1949 -5682 0 0 0 0 1 149 182 431 
-4448 1032 -996 5478 -2197 -5643 0 0 0 0 1 168 180 429 
-4589 1003 -1152 5716 -2781 -5671 0 0 0 0 1 161 185 420 
-4683 1079 -1299 5762 -3338 -5699 0 0 0 0 1 189 170 417 
-4128 1249 -1390 5654 -3523 -5490 0 0 0 0 1 185 158 403 
-3858 1190 -1492 5574 -3491 -5221 0 0 0 0 1 197 153 410 
-3854 1122 -1729 5615 -3589 -4878 0 0 0 0 1 194 145 403 
-3896 821 -2207 5772 -3798 -4757 0 0 0 0 1 200 139 402 
-3955 570 -2498 6150 -4164 -4755 0 0 0 0 1 205 134 391 
-3822 355 -2825 6586 -4334 -4831 0 0 0 0 1 206 118 394 
-3961 471 -3203 6902 -4215 -4930 0 0 0 0 1 201 121 401 
-3995 728 -3333 7323 -3681 -5035 0 0 0 0 1 208 126 408 
-3599 859 -3277 7504 -3252 -4934 0 0 0 0 1 211 111 413 
-3328 469 -3207 7650 -2842 -4588 0 0 0 0 1 215 94 406 
-3293 85 -3142 7682 -2844 -4212 0 0 0 0 1 219 98 398 
-3135 -509 -2874 7618 -3117 -3999 0 0 0 0 1 224 85 391 
-3421 -797 -2861 7449 -3750 -3907 0 0 0 0 1 215 74 406 
-3611 -544 -3108 7371 -4058 -3975 0 0 0 0 1 220 74 401 
-3432 -442 -3756 7501 -4106 -4088 0 0 0 0 1 213 65 403 
-3225 -327 -4203 7934 -3624 -4088 0 0 0 0 1 218 65 406 
-2934 -537 -4362 8267 -3172 -4020 0 0 0 0 1 208 60 427 
-2835 -749 -4125 8605 -2728 -3908 0 0 0 0 1 218 60 420 
-2874 -1059 -3650 8627 -3153 -3892 0 0 0 0 1 205 61 423 
-3148 -1224 -3454 8508 -3755 -4044 0 0 0 0 1 195 63 428 
-3517 -1243 -3715 8267 -4649 -4558 0 0 0 0 1 197 62 438 
-3212 -1158 -3902 7897 -4895 -4913 0 0 0 0 1 181 56 451 
-2800 -1120 -3990 7375 -4058 -4910 0 0 0 0 1 182 50 448 
-2537 -1158 -3784 6764 -2702 -4715 0 0 0 0 1 179 66 460 
-2474 -1282 -3589 6395 -1891 -4582 0 0 0 0 1 185 69 455 
-2860 -1492 -3581 6025 -1031 -4633 0 0 0 0 1 180 57 452 
-4165 -1559 -3741 5759 -1449 -5133 0 0 0 0 1 171 50 455 
-4958 -1362 -3453 5200 -2620 -5825 0 0 0 0 1 173 52 452 
-4989 -1252 -3474 4722 -3063 -6165 0 0 0 0 1 180 42 464 
-4400 -1195 -3685 4155 -2645 -6191 0 0 0 0 1 159 25 455 
-3551 -936 -4266 4077 -1388 -5987 0 0 0 0 1 160 22 451 
-3540 -750 -4595 4487 1433 -5611 0 0 0 0 1 161 18 445 
-3530 -585 -4325 4812 2003 -5046 0 0 0 0 1 169 17 447 
-3962 -724 -2956 4199 329 -4417 0 0 0 0 1 171 11 434 
-4028 -601 -1787 3268 -1220 -3994 0 0 0 0 1 166 -1 436 
-4023 -427 -1199 1414 -2863 -3434 0 0 0 0 1 163 -11 448 
-4108 -239 -1423 286 -3172 -3170 0 0 0 0 1 155 -14 442 
-3937 24 -2239 -777 -2258 -2912 0 0 0 0 1 155 -24 453 
-3799 87 -2877 -873 464 -2865 0 0 0 0 1 140 -28 448 
-3737 -13 -3926 46 3992 -3002 0 0 0 0 1 149 -40 445 
-4156 -194 -4584 1080 6114 -3152 0 0 0 0 1 146 -46 419 
-4876 -411 -4462 2749 6778 -3428 0 0 0 0 1 160 -51 402 
-5055 195 -4136 3708 2617 -3482 0 0 0 0 1 167 -68 398 
-4659 -16 -2533 3572 -552 -3395 0 0 0 0 1 165 -61 409 
-4194 -241 -1737 2419 -3977 -2952 0 0 0 0 1 163 -69 408 
-3602 -95 -2298 971 -5366 -2139 0 0 0 0 1 146 -90 421 
-3250 101 -3081 208 -4855 -1371 0 0 0 0 1 139 -63 442 
-2869 93 -3999 -393 -1917 59 0 0 0 0 1 141 -76 453 
-2452 -451 -5401 -232 1940 1578 0 0 0 0 1 135 -74 462 
-2875 -1226 -6470 190 3399 2392 0 0 0 0 1 143 -61 451 
-3188 -1659 -6443 709 3114 3254 0 0 0 0 1 153 -61 437 
-3386 -2427 -5535 681 2005 3655 0 0 0 0 1 160 -58 447 
-3194 -2845 -4821 -104 61 4206 0 0 0 0 1 172 -46 430 
-2545 -3320 -4033 -1084 -1033 4641 0 0 0 0 1 167 -24 453 
-1989 -3982 -3658 -3054 -1901 5442 0 0 0 0 1 171 -3 452 
-2052 -4389 -4012 -4978 -1879 6101 0 0 0 0 1 160 -4 456 
-2644 -5595 -5307 -6222 -1580 6321 0 0 0 0 1 167 -2 465 
-3591 -6930 -6391 -6705 -1286 6204 0 0 0 0 1 166 -1 476 
-3838 -7646 -6806 -7187 -404 5857 0 0 0 0 1 160 -4 491 
-3727 -8737 -6886 -7771 1033 5595 0 0 0 0 1 173 8 490 
-3680 -9732 -6804 -8239 2096 5434 0 0 0 0 1 173 -11 492 
-4089 -10646 -6549 -8958 3477 5044 0 0 0 0 1 179 -7 472 
-4595 -11075 -6299 -9649 4282 4327 0 0 0 0 1 198 -19 458 
-5650 -11659 -5499 -10222 4418 3669 0 0 0 0 1 205 -22 451 
-5826 -12554 -4792 -11308 4228 2968 0 0 0 0 1 226 -39 421 
-6332 -13203 -4670 -12510 3349 2708 0 0 0 0 1 227 -42 413 
-7408 -13470 -4945 -13668 2483 2951 0 0 0 0 1 245 -44 381 
-8036 -13196 -5327 -14332 2140 3307 0 0 0 0 1 240 -46 367 
-8748 -12988 -5513 -15328 2066 4054 0 0 0 0 1 238 -46 358 
-9654 -12648 -5432 -16054 2218 4637 0 0 0 0 1 244 -30 355 
-10421 -12172 -5345 -17152 2268 5557 0 0 0 0 1 247 4 337 
-10777 -11835 -5330 -18021 1900 6550 0 0 0 0 1 250 7 337 
-10955 -11022 -5507 -18383 1139 7644 0 0 0 0 1 253 28 331 
-10984 -10126 -5710 -18310 687 8397 0 0 0 0 1 248 50 341 
-10884 -9601 -5886 -17684 243 9488 0 0 0 0 1 246 74 352 
-10756 -8490 -6323 -16920 123 10077 0 0 0 0 1 225 77 371 
-10595 -7740 -6616 -15296 -194 10743 0 0 0 0 1 224 90 393 
-10353 -7181 -6578 -14005 -493 11103 0 0 0 0 1 197 131 438 
-10025 -6818 -6218 -11929 -471 11418 0 0 0 0 1 181 137 449 
-9760 -6461 -6146 -9648 -116 11364 0 0 0 0 1 163 145 466 
-9234 -5880 -5602 -8164 166 11150 0 0 0 0 1 140 158 487 
-8999 -5597 -5012 -6282 868 10485 0 0 0 0 1 117 157 495 
-8527 -5447 -3987 -5343 1324 9930 0 0 0 0 1 110 159 509 
-7800 -5768 -2478 -4544 1770 9170 0 0 0 0 1 93 175 513 
-7487 -5932 -1413 -4413 1807 8471 0 0 0 0 1 76 165 518 
-6535 -5900 -8 -4464 1046 7838 0 0 0 0 1 58 166 521 
-5948 -5799 233 -4284 99 7449 0 0 0 0 1 47 174 547 
-5352 -5658 145 -3376 -1551 6829 0 0 0 0 1 38 158 536 
-4360 -5455 -391 -2340 -2354 6382 0 0 0 0 1 16 161 533 
-3758 -5338 -463 -616 -2187 5640 0 0 0 0 1 3 170 552 
-3323 -5407 -84 772 -430 4822 0 0 0 0 1 -8 163 536 
-2938 -5510 666 1362 1044 4305 0 0 0 0 1 -25 179 544 
-3160 -5582 1550 1774 2616 3469 0 0 0 0 1 -23 176 535 
-3284 -5512 2208 1736 2765 2498 0 0 0 0 1 -29 192 531 
-3415 -5231 2974 1541 2165 1793 0 0 0 0 1 -20 185 529 
-3212 -4922 3434 1075 837 760 0 0 0 0 1 -22 187 520 
-2945 -4785 3590 483 -255 -139 0 0 0 0 1 -23 191 521 
-2442 -4534 3730 -75 -909 -945 0 0 0 0 1 -30 186 509 
-2374 -3974 3313 -387 -1320 -1851 0 0 0 0 1 -16 196 521 
-2264 -3668 2938 -311 -1569 -2810 0 0 0 0 1 -27 197 529 
-2163 -3222 2220 167 -1592 -3798 0 0 0 0 1 -16 191 523 
-2187 -2728 1627 898 -1232 -4764 0 0 0 0 1 -16 183 526 
-2185 -2233 1263 1437 -786 -5336 0 0 0 0 1 -1 192 524 
-2490 -1854 1115 2180 -50 -6116 0 0 0 0 1 2 191 521 
-3077 -1310 1182 2563 298 -6573 0 0 0 0 1 38 209 515 
-3542 -835 1283 2910 323 -7076 0 0 0 0 1 48 202 513 
-3898 -540 1269 3021 -276 -7415 0 0 0 0 1 63 196 505 
-4101 -200 1213 2973 -827 -7519 0 0 0 0 1 75 198 502 
-4090 -150 1098 2764 -1502 -7498 0 0 0 0 1 90 185 494 
-4241 -112 799 2637 -1767 -7459 0 0 0 0 1 100 187 499 
-4482 -19 380 2724 -1669 -7461 0 0 0 0 1 125 171 488 
-4643 -11 -124 2933 -1547 -7475 0 0 0 0 1 130 165 492 
-4952 42 -419 3397 -1368 -7570 0 0 0 0 1 145 165 483 
-4875 144 -612 3729 -1316 -7531 0 0 0 0 1 148 137 472 
-4716 68 -669 4183 -1330 -7243 0 0 0 0 1 166 141 473 
-4511 54 -714 4570 -1326 -6823 0 0 0 0 1 169 132 465 
-4470 48 -822 4812 -1270 -6556 0 0 0 0 1 178 118 473 
-4468 33 -983 5173 -1072 -6250 0 0 0 0 1 180 106 471 
-4474 28 -1096 5535 -831 -6061 0 0 0 0 1 195 112 456 
-4512 -38 -1396 5946 -746 -6023 0 0 0 0 1 200 105 449 
-4679 -137 -1690 6228 -746 -6101 0 0 0 0 1 206 96 443 
-4692 -111 -1797 6589 -739 -6238 0 0 0 0 1 205 88 433 
-4317 -205 -1897 6850 -853 -6187 0 0 0 0 1 226 83 430 
-4150 -325 -1996 6977 -1041 -6025 0 0 0 0 1 222 62 420 
-4086 -475 -2340 7190 -1541 -5670 0 0 0 0 1 237 65 420 
-3972 -638 -2639 7422 -2268 -5235 0 0 0 0 1 220 60 417 
-3874 -775 -2755 7600 -2730 -4851 0 0 0 0 1 224 36 419 
-4158 -910 -2984 7808 -2537 -4752 0 0 0 0 1 221 44 428 
-4260 -864 -3203 8114 -1788 -4847 0 0 0 0 1 217 29 426 
-4052 -981 -3390 8386 -1213 -4935 0 0 0 0 1 230 28 424 
-3759 -1149 -3398 8817 -775 -5029 0 0 0 0 1 224 7 423 
-3645 -1345 -3336 9131 -1090 -5082 0 0 0 0 1 226 19 433 
-3434 -1720 -3117 9213 -1563 -5087 0 0 0 0 1 227 8 427 
-3482 -1976 -3092 9188 -2430 -5123 0 0 0 0 1 217 9 428 
-3803 -2114 -3256 9011 -3257 -5209 0 0 0 0 1 201 -1 429 
-3813 -2157 -3525 8817 -3442 -5234 0 0 0 0 1 206 3 441 
-3896 -2194 -3778 8511 -2924 -5268 0 0 0 0 1 205 0 447 
-3901 -2179 -4184 8342 -2319 -5272 0 0 0 0 1 184 7 465 
-3847 -2105 -4321 8150 -1465 -5286 0 0 0 0 1 181 7 470 
-4171 -2129 -4492 8076 -598 -5463 0 0 0 0 1 182 1 462 
-4843 -2022 -4751 8178 402 -5782 0 0 0 0 1 182 1 471 
-5090 -1693 -4904 8310 566 -5927 0 0 0 0 1 179 9 465 
-4811 -1617 -4419 8169 268 -5797 0 0 0 0 1 187 -3 457 
-4330 -1698 -3943 7516 -252 -5190 0 0 0 0 1 176 9 453 
-3554 -1724 -3522 6601 -328 -4230 0 0 0 0 1 182 1 448 
-3097 -1733 -3736 6082 81 -3552 0 0 0 0 1 180 3 462 
-3033 -1701 -3811 5479 831 -2693 0 0 0 0 1 181 9 456 
-3323 -1748 -3415 4773 528 -2236 0 0 0 0 1 174 17 449 
-4145 -1727 -2350 4033 -314 -2257 0 0 0 0 1 175 11 441 
-4682 -1743 -1653 2512 -1712 -2708 0 0 0 0 1 173 1 455 
-4900 -1353 -1662 1033 -2720 -3299 0 0 0 0 1 165 12 451 
-4555 -1177 -2112 311 -2853 -3519 0 0 0 0 1 168 -1 452 
-4088 -973 -2511 -242 -1848 -3476 0 0 0 0 1 151 -4 453 
-3287 -702 -3417 -40 131 -3060 0 0 0 0 1 159 -13 459 
-2948 -671 -3668 456 1567 -2616 0 0 0 0 1 160 -19 449 
-2841 -646 -3654 1437 3276 -1811 0 0 0 0 1 156 -40 450 
-2710 -378 -3072 2277 3754 -948 0 0 0 0 1 166 -28 448 
-2642 -173 -2766 2636 3222 -423 0 0 0 0 1 166 -33 422 
-2931 68 -2293 2851 1903 57 0 0 0 0 1 161 -28 424 
-3060 174 -2030 2771 930 157 0 0 0 0 1 175 -20 424 
-2940 342 -1962 2646 563 131 0 0 0 0 1 179 -14 414 
-2672 419 -2121 2530 627 114 0 0 0 0 1 174 -14 402 
-2396 403 -2550 2604 1213 186 0 0 0 0 1 165 -4 405 
-2129 404 -2839 2679 1053 389 0 0 0 0 1 175 -15 396 
-2013 336 -2675 2575 465 535 0 0 0 0 1 172 -4 407 
-2142 249 -2509 2160 -377 614 0 0 0 0 1 185 -1 408 
-2428 97 -2338 1761 -748 548 0 0 0 0 1 175 13 403 
-2622 74 -2438 1118 -877 291 0 0 0 0 1 175 11 408 
-2544 -35 -2711 558 -398 128 0 0 0 0 1 168 11 408 
-2233 -490 -3335 227 358 138 0 0 0 0 1 168 18 406 
-1994 -622 -3560 95 595 239 0 0 0 0 1 172 22 407 
-1802 -740 -3500 -237 304 499 0 0 0 0 1 185 25 417 
-1919 -1019 -3177 -601 61 610 0 0 0 0 1 179 26 412 
-2087 -1064 -3047 -1290 -194 614 0 0 0 0 1 173 23 417 
-2220 -1143 -3071 -1993 -433 523 0 0 0 0 1 186 26 426 
-2358 -1499 -3191 -2434 -524 456 0 0 0 0 1 167 14 426 
-2465 -1799 -3391 -2953 -499 376 0 0 0 0 1 176 22 426 
-2474 -2202 -4069 -3172 -703 402 0 0 0 0 1 180 20 434 
-2507 -2677 -4561 -3236 -838 471 0 0 0 0 1 188 12 437 
-2532 -3341 -4782 -3387 -591 674 0 0 0 0 1 187 25 445 
-2447 -3760 -4942 -3667 223 1035 0 0 0 0 1 194 8 455 
-2185 -4552 -5061 -3977 823 1394 0 0 0 0 1 195 2 449 
-2118 -5029 -5013 -4673 1491 1979 0 0 0 0 1 188 -2 442 
-2204 -5746 -4968 -5544 1618 2438 0 0 0 0 1 206 -1 448 
-2588 -6516 -4917 -6520 1370 2622 0 0 0 0 1 199 -8 443 
-2994 -7189 -4948 -7187 1231 2601 0 0 0 0 1 197 -13 431 
-3343 -7651 -5168 -8067 1325 2368 0 0 0 0 1 206 -11 431 
-3854 -8396 -5663 -8818 1781 1971 0 0 0 0 1 220 -23 424 
-4114 -9347 -5814 -9351 2170 1745 0 0 0 0 1 207 -26 421 
-4376 -10095 -5771 -10308 2727 1521 0 0 0 0 1 234 -47 396 
-4936 -11408 -5421 -11619 2948 1455 0 0 0 0 1 232 -45 380 
-5739 -12577 -4817 -12716 2735 1497 0 0 0 0 1 250 -46 351 
-6457 -13363 -4449 -14589 1759 1785 0 0 0 0 1 244 -52 345 
-6640 -13174 -4373 -16638 403 2563 0 0 0 0 1 250 -51 337 
-7279 -12396 -4566 -18637 -678 3694 0 0 0 0 1 250 -46 316 
-8087 -11440 -5127 -19804 -1022 4597 0 0 0 0 1 252 -17 314 
-8515 -10790 -5600 -21055 -876 6065 0 0 0 0 1 244 -6 322 
-9260 -10038 -6462 -21408 -659 6980 0 0 0 0 1 247 14 314 
-9623 -9348 -7388 -21071 -908 8331 0 0 0 0 1 239 23 338 
-9705 -8817 -7694 -19884 -1370 9722 0 0 0 0 1 247 46 349 
-9507 -7903 -7938 -18021 -1375 10931 0 0 0 0 1 230 77 403 
-9538 -7153 -8013 -15675 -916 11577 0 0 0 0 1 227 89 429 
-9420 -6661 -7701 -14015 -447 11685 0 0 0 0 1 198 95 447 
-9246 -6458 -7290 -11603 312 11507 0 0 0 0 1 187 106 464 
-9031 -6538 -6399 -10145 739 11207 0 0 0 0 1 179 112 477 
-8539 -6503 -5396 -8427 1373 10594 0 0 0 0 1 162 117 486 
-8260 -6189 -3809 -7276 1632 9546 0 0 0 0 1 152 133 497 
-7678 -5761 -2758 -6630 1067 8756 0 0 0 0 1 129 134 498 
-7205 -5649 -2192 -5661 -363 7612 0 0 0 0 1 122 137 507 
-6541 -5715 -1562 -5004 -1197 6900 0 0 0 0 1 121 136 534 
-5881 -5868 -1135 -4134 -1745 6059 0 0 0 0 1 100 141 529 
-5099 -6475 -333 -3476 -1452 5471 0 0 0 0 1 79 136 529 
-4327 -6637 123 -3006 -1159 5113 0 0 0 0 1 70 142 542 
-4010 -6641 -29 -1951 -1010 4429 0 0 0 0 1 50 128 555 
-3601 -6645 -252 -1059 -893 3861 0 0 0 0 1 41 136 564 
-3474 -6531 -121 264 -298 2852 0 0 0 0 1 44 132 549 
-3350 -6517 275 1190 638 1854 0 0 0 0 1 30 157 547 
-3087 -6368 1105 1571 1128 1024 0 0 0 0 1 24 150 548 
-2823 -6113 1900 1589 1010 538 0 0 0 0 1 36 155 541 
-2644 -5804 2372 1445 367 -197 0 0 0 0 1 38 160 545 
-2472 -5421 2490 1443 -456 -1063 0 0 0 0 1 42 166 537 
-2396 -4957 2310 1580 -910 -1753 0 0 0 0 1 38 170 538 
-2456 -4633 2078 1991 -1273 -3008 0 0 0 0 1 38 163 541 
-2735 -3975 1692 2371 -1255 -3996 0 0 0 0 1 40 174 533 
-3289 -3253 1241 3054 -1052 -5651 0 0 0 0 1 47 176 530 
-3873 -2711 987 3698 -916 -7356 0 0 0 0 1 69 172 522 
-4457 -1911 556 4060 -966 -8369 0 0 0 0 1 80 171 514 
-4746 -1409 16 4516 -1281 -9474 0 0 0 0 1 83 165 511 
-4615 -1232 -357 4851 -1892 -9888 0 0 0 0 1 103 166 500 
-4517 -1006 -937 5068 -2360 -9786 0 0 0 0 1 120 157 500 
-4631 -783 -1415 5286 -2085 -9449 0 0 0 0 1 141 142 488 
-4665 -688 -1980 5543 -1589 -9169 0 0 0 0 1 149 133 497 
-4722 -685 -2365 6170 -755 -8789 0 0 0 0 1 154 133 480 
-5290 -721 -2752 6888 -243 -8590 0 0 0 0 1 171 121 476 
-5834 -744 -2751 7241 -361 -8505 0 0 0 0 1 179 125 465 
-5299 -1109 -3594 7548 -413 -6886 0 0 0 0 1 225 1 436 
-4925 -994 -3248 7493 -394 -6570 0 0 0 0 1 219 -29 442 
-4756 -882 -3508 7550 -886 -6145 0 0 0 0 1 209 -26 440 
-4412 -1059 -3896 7798 -1452 -5867 0 0 0 0 1 207 -34 453 
-4166 -1253 -4297 8187 -1644 -5813 0 0 0 0 1 202 -36 463 
-4344 -1677 -4500 8463 -1286 -5895 0 0 0 0 1 185 -40 464 
-4766 -1756 -4207 8754 159 -6058 0 0 0 0 1 193 -44 474 
-4713 -1723 -3821 8883 1991 -5930 0 0 0 0 1 194 -42 476 
-4692 -1674 -3735 9066 2993 -5591 0 0 0 0 1 188 -46 463 
-4818 -1752 -3699 9208 3063 -5348 0 0 0 0 1 185 -52 464 
-4680 -1804 -3703 9370 1902 -4989 0 0 0 0 1 185 -40 459 
-4328 -2066 -3491 9319 208 -4720 0 0 0 0 1 180 -30 459 
-3876 -2397 -3513 9218 -540 -4611 0 0 0 0 1 179 -34 460 
-3833 -2496 -3781 9155 -966 -4594 0 0 0 0 1 174 -26 458 
-3808 -2547 -4202 9187 -642 -4617 0 0 0 0 1 165 -7 474 
-3895 -2445 -4383 9226 631 -4599 0 0 0 0 1 165 -7 470 
-3905 -2365 -4765 9327 1886 -4504 0 0 0 0 1 165 9 465 
-3740 -2339 -4826 9411 2812 -4010 0 0 0 0 1 182 20 452 
-3299 -2104 -4058 8933 2575 -3336 0 0 0 0 1 186 22 440 
-2925 -2162 -2954 8276 2514 -2933 0 0 0 0 1 188 31 430 
-2915 -2238 -2767 7376 3318 -2600 0 0 0 0 1 188 26 416 
-3380 -2295 -3401 7102 4251 -2623 0 0 0 0 1 187 28 403 
-4207 -2392 -3647 7092 4099 -2794 0 0 0 0 1 184 24 381 
-4732 -2522 -3517 6920 2390 -3191 0 0 0 0 1 204 28 369 
-4194 -2610 -3237 6367 133 -3339 0 0 0 0 1 188 22 367 
-3230 -2668 -3534 5668 -1449 -2728 0 0 0 0 1 197 8 366 
-1878 -2365 -3952 5161 -1751 -1940 0 0 0 0 1 195 2 367 
-1387 -1778 -4154 4326 -1158 -611 0 0 0 0 1 182 6 362 
-1605 -1670 -4282 3491 -30 387 0 0 0 0 1 189 1 366 
-2417 -1823 -4332 2687 509 758 0 0 0 0 1 186 2 372 
-2897 -1927 -4319 2144 -11 751 0 0 0 0 1 187 8 371 
-2755 -1973 -4228 1193 -1674 649 0 0 0 0 1 182 6 371 
-2484 -1791 -4031 -38 -3053 571 0 0 0 0 1 181 12 372 
-2285 -1518 -4197 -923 -3428 570 0 0 0 0 1 180 15 392 
-2304 -1418 -4419 -2168 -3248 622 0 0 0 0 1 168 13 394 
-2482 -1606 -4846 -3166 -2670 700 0 0 0 0 1 175 13 403 
-2604 -1902 -5080 -3636 -2373 742 0 0 0 0 1 167 19 419 
-2707 -2169 -5278 -4068 -2126 819 0 0 0 0 1 163 13 420 
-2607 -2748 -5690 -4289 -1992 1030 0 0 0 0 1 165 19 428 
-2405 -2995 -5698 -4442 -1817 1282 0 0 0 0 1 166 11 445 
-2297 -3246 -5553 -4864 -1399 1776 0 0 0 0 1 168 6 450 
-2224 -3632 -5221 -5529 -933 2269 0 0 0 0 1 165 7 458 
-2395 -4278 -5151 -6278 -620 2674 0 0 0 0 1 162 -2 460 
-2582 -4877 -5330 -6731 -437 2865 0 0 0 0 1 168 1 471 
-2665 -5363 -5434 -7316 -197 3086 0 0 0 0 1 165 -14 481 
-2935 -6179 -5576 -7657 -33 3187 0 0 0 0 1 161 -15 469 
-3116 -7053 -5751 -8136 171 3309 0 0 0 0 1 167 -31 470 
-3198 -7772 -5774 -8685 322 3499 0 0 0 0 1 175 -33 476 
-3300 -8210 -5811 -9304 485 3742 0 0 0 0 1 184 -46 465 
-3694 -8958 -6047 -9682 572 3886 0 0 0 0 1 189 -67 466 
-4147 -9415 -6237 -10127 864 3943 0 0 0 0 1 194 -79 452 
-5016 -10465 -6551 -10485 1273 3896 0 0 0 0 1 204 -72 441 
-5355 -10975 -6498 -10911 1783 3915 0 0 0 0 1 212 -93 430 
-6087 -12107 -6645 -11232 2051 4003 0 0 0 0 1 213 -79 408 
-6655 -13043 -6601 -11832 2389 4259 0 0 0 0 1 221 -78 374 
-7553 -14352 -6175 -12592 2650 4561 0 0 0 0 1 227 -69 355 
-7842 -14037 -5774 -13520 2840 4731 0 0 0 0 1 245 -63 335 
-8140 -13471 -4799 -14680 2747 4884 0 0 0 0 1 252 -51 316 
-8237 -13118 -4305 -15565 2397 5050 0 0 0 0 1 244 -30 306 
-8329 -12857 -4207 -16768 1211 5574 0 0 0 0 1 253 11 289 
-8459 -12061 -4464 -17616 -454 6452 0 0 0 0 1 247 34 304 
-8653 -10991 -5196 -17888 -1392 7236 0 0 0 0 1 252 58 330 
-8902 -10290 -5634 -17846 -1710 8472 0 0 0 0 1 248 65 348 
-9239 -9253 -6384 -17185 -1249 9510 0 0 0 0 1 235 95 367 
-9280 -8211 -6698 -16475 -843 10084 0 0 0 0 1 221 98 391 
-9251 -7641 -6638 -15147 -237 10742 0 0 0 0 1 191 112 430 
-9154 -7136 -6468 -14085 -17 11061 0 0 0 0 1 184 132 460 
-8718 -6795 -6214 -12228 -44 11525 0 0 0 0 1 172 125 481 
-8178 -6227 -5741 -10072 -30 11784 0 0 0 0 1 146 122 481 
-7914 -5841 -5198 -7856 744 11410 0 0 0 0 1 132 127 502 
-7723 -5608 -4307 -6524 1599 10749 0 0 0 0 1 130 141 522 
-7051 -5540 -3738 -4808 2435 9565 0 0 0 0 1 103 142 521 
-6347 -5732 -2395 -3960 2603 8733 0 0 0 0 1 89 149 530 
-6102 -5983 -1190 -3289 2500 7479 0 0 0 0 1 88 143 534 
-5194 -6137 969 -3131 1879 6357 0 0 0 0 1 83 163 536 
-4722 -6012 1365 -2896 483 5407 0 0 0 0 1 81 160 534 
-3924 -5787 1435 -2554 -635 4906 0 0 0 0 1 57 150 543 
-2093 -4151 2128 1955 -790 -1855 0 0 0 0 1 35 166 523 
-1825 -3765 1864 2170 -1118 -2449 0 0 0 0 1 24 182 518 
-2069 -3273 1517 2363 -1198 -2959 0 0 0 0 1 25 181 519 
-2448 -2919 1323 2741 -1025 -3972 0 0 0 0 1 36 190 527 
-2824 -2389 964 3260 -514 -5201 0 0 0 0 1 28 201 514 
-3666 -1772 659 3661 -150 -6111 0 0 0 0 1 63 203 491 
-4084 -1241 704 4184 133 -7380 0 0 0 0 1 77 196 481 
-4441 -683 478 4600 -273 -8191 0 0 0 0 1 97 197 487 
-4220 -518 188 4754 -875 -8345 0 0 0 0 1 113 191 488 
-4076 -477 114 4737 -1693 -8145 0 0 0 0 1 123 177 459 
-4072 -418 25 4631 -2006 -7826 0 0 0 0 1 139 181 460 
-4191 -670 -463 4557 -2171 -7250 0 0 0 0 1 156 175 473 
-4295 -640 -650 4636 -1805 -6784 0 0 0 0 1 175 155 448 
-4626 -464 -912 4912 -1212 -6580 0 0 0 0 1 175 145 448 
-5078 -179 -1135 5196 -837 -6631 0 0 0 0 1 179 149 458 
-5275 47 -1268 5697 -813 -6795 0 0 0 0 1 186 139 430 
-5200 113 -1381 6131 -1443 -6809 0 0 0 0 1 198 130 430 
-4948 13 -1443 6310 -1963 -6696 0 0 0 0 1 208 91 415 
-4670 -177 -1550 6451 -2592 -6305 0 0 0 0 1 218 91 424 
-4563 -495 -1882 6562 -2684 -5834 0 0 0 0 1 215 91 417 
-4291 -691 -2218 6686 -2245 -5518 0 0 0 0 1 218 74 417 
-4216 -543 -2547 7146 -1127 -5162 0 0 0 0 1 224 83 412 
-4413 -604 -3153 7674 -457 -5027 0 0 0 0 1 221 83 409 
-4431 -566 -3442 8681 -88 -4910 0 0 0 0 1 221 63 398 
-4601 -509 -3732 9664 -922 -4946 0 0 0 0 1 234 55 392 
-4681 -566 -3571 10083 -1914 -5052 0 0 0 0 1 227 50 387 
-4530 -628 -3403 10291 -3496 -5188 0 0 0 0 1 244 38 382 
-4261 -983 -3513 10162 -4617 -5201 0 0 0 0 1 238 29 391 
-3814 -1417 -3878 9882 -4229 -5004 0 0 0 0 1 230 15 394 
-3350 -1544 -4286 9691 -3383 -4734 0 0 0 0 1 220 18 427 
-3162 -1675 -4352 9446 -1748 -4197 0 0 0 0 1 224 14 426 
-2942 -2031 -4159 9318 -695 -3830 0 0 0 0 1 222 11 417 
-3431 -1964 -4265 9373 -60 -3685 0 0 0 0 1 217 14 428 
-4321 -1971 -4605 9659 -1123 -4063 0 0 0 0 1 213 13 422 
-4448 -1792 -4558 9770 -2459 -4469 0 0 0 0 1 217 14 421 
-4230 -1942 -4703 9695 -4163 -4978 0 0 0 0 1 214 7 426 
-3193 -1793 -4847 9255 -3833 -4893 0 0 0 0 1 198 12 444 
-2800 -1826 -4812 8890 -2231 -4494 0 0 0 0 1 193 9 453 
-2578 -1980 -4720 8473 1055 -3611 0 0 0 0 1 198 12 451 
-3227 -1886 -3934 7986 2051 -2838 0 0 0 0 1 189 18 459 
-3799 -1793 -3118 7339 996 -2667 0 0 0 0 1 185 25 436 
-4290 -1807 -2322 5840 -1667 -3006 0 0 0 0 1 182 15 431 
-4628 -2055 -2369 4347 -3621 -3730 0 0 0 0 1 192 25 443 
-4371 -1982 -3227 3616 -4148 -4159 0 0 0 0 1 184 17 449 
-4023 -1883 -3961 2981 -3655 -4589 0 0 0 0 1 175 23 459 
-3780 -1823 -4235 2847 -2048 -4780 0 0 0 0 1 159 1 462 
-3574 -1578 -4300 2939 -874 -4767 0 0 0 0 1 168 13 457 
-3548 -1401 -4146 3170 459 -4558 0 0 0 0 1 156 3 462 
-3807 -1168 -3878 3392 1311 -4244 0 0 0 0 1 175 -11 448 
-3945 -1074 -3365 3410 1316 -3806 0 0 0 0 1 166 -15 448 
-3835 -975 -2871 3238 680 -3447 0 0 0 0 1 160 -17 453 
-3867 -944 -2601 2777 -554 -2977 0 0 0 0 1 167 -24 442 
-3819 -745 -2578 2330 -1139 -2663 0 0 0 0 1 151 -22 435 
-3676 -441 -2982 2195 -617 -2467 0 0 0 0 1 149 -23 441 
-3536 -90 -3454 2329 326 -2382 0 0 0 0 1 148 -36 428 
-3489 104 -3701 2814 2208 -2291 0 0 0 0 1 149 -45 434 
-3510 298 -3780 3232 3251 -2217 0 0 0 0 1 154 -40 438 
-3421 447 -3316 3640 3282 -1965 0 0 0 0 1 158 -39 423 
-3352 465 -2771 3490 2053 -1643 0 0 0 0 1 163 -40 401 
-3405 436 -2094 2889 558 -1408 0 0 0 0 1 159 -45 410 
-3537 467 -2111 2397 -365 -1335 0 0 0 0 1 161 -35 406 
-3600 445 -2274 1715 -1165 -1272 0 0 0 0 1 151 -39 416 
-3474 284 -2911 1421 -1148 -1187 0 0 0 0 1 145 -42 417 
-3320 4 -3699 1286 -869 -945 0 0 0 0 1 155 -44 426 
-2939 -451 -3713 1105 -1205 -457 0 0 0 0 1 155 -46 426 
-2856 -746 -3457 767 -1399 -79 0 0 0 0 1 159 -42 431 
-2852 -1026 -3464 76 -1665 480 0 0 0 0 1 155 -34 442 
-2738 -1291 -3630 -681 -1853 1012 0 0 0 0 1 143 -36 444 
-2680 -1612 -3953 -1173 -1965 1361 0 0 0 0 1 161 -33 445 
-2595 -1772 -4142 -1859 -1963 1907 0 0 0 0 1 140 -23 452 
-2528 -2187 -4650 -2229 -1778 2282 0 0 0 0 1 153 -19 465 
-2580 -2608 -5221 -2674 -1267 2805 0 0 0 0 1 148 -14 467 
-2666 -3252 -5691 -3075 -1007 3294 0 0 0 0 1 151 -24 481 
-2694 -3717 -5763 -3655 -827 3774 0 0 0 0 1 153 -22 484 
-2530 -4392 -5920 -4150 -626 4122 0 0 0 0 1 147 -15 483 
-2503 -4841 -6067 -4969 -3 4625 0 0 0 0 1 146 -22 491 
-2823 -5744 -6328 -5818 832 4891 0 0 0 0 1 141 -14 486 
-3424 -6681 -6428 -6409 1371 4858 0 0 0 0 1 153 -14 488 
-3771 -7296 -6318 -7357 2075 4556 0 0 0 0 1 163 -25 480 
-4175 -8186 -6096 -8346 2464 4084 0 0 0 0 1 165 -29 477 
-4515 -9016 -5761 -9026 2560 3754 0 0 0 0 1 182 -45 466 
-4588 -9562 -5680 -9916 2588 3411 0 0 0 0 1 188 -44 479 
-4732 -10400 -5832 -10505 2548 3339 0 0 0 0 1 204 -65 434 
-4874 -11519 -5859 -10807 2378 3496 0 0 0 0 1 217 -73 423 
-4994 -12251 -5813 -11189 2252 3937 0 0 0 0 1 222 -69 399 
-5679 -13126 -5855 -11489 2371 4268 0 0 0 0 1 225 -67 373 
-6443 -13692 -5750 -11755 2467 4382 0 0 0 0 1 234 -74 371 
-7110 -13651 -5385 -12564 2657 4263 0 0 0 0 1 250 -58 346 
-8183 -13446 -3850 -14145 2449 3960 0 0 0 0 1 251 -40 343 
-8767 -13343 -3068 -15532 1821 3798 0 0 0 0 1 243 -14 309 
-9049 -13101 -2613 -17638 379 3985 0 0 0 0 1 250 -14 323 
-9434 -12784 -3047 -19142 -1910 4998 0 0 0 0 1 251 -1 329 
-8788 -11253 -3409 -19759 -3496 6264 0 0 0 0 1 257 9 332 
-8828 -10298 -3829 -19923 -5169 8583 0 0 0 0 1 245 26 365 
-8851 -8984 -4562 -19424 -5615 10168 0 0 0 0 1 231 49 386 
-9122 -8111 -5428 -17776 -5096 12037 0 0 0 0 1 214 58 442 
-9187 -7631 -5972 -15333 -3489 12925 0 0 0 0 1 201 60 476 
-8962 -7409 -6570 -12500 -1638 13038 0 0 0 0 1 187 79 485 
-8271 -6883 -6139 -10637 -769 12911 0 0 0 0 1 168 74 492 
-7675 -6427 -5694 -7911 -386 12633 0 0 0 0 1 151 90 514 
-6962 -6146 -4592 -5488 -134 12088 0 0 0 0 1 143 93 530 
-6571 -5739 -3344 -4120 58 11418 0 0 0 0 1 126 116 534 
-6527 -5700 -2561 -2544 251 9998 0 0 0 0 1 117 127 526 
-5949 -5550 -1192 -1914 328 8983 0 0 0 0 1 88 126 536 
-5886 -5686 -404 -1584 365 7459 0 0 0 0 1 90 143 531 
-5450 -5810 1103 -1787 445 6556 0 0 0 0 1 75 144 530 
-4931 -5748 1546 -2286 105 5495 0 0 0 0 1 66 159 547 
-3875 -5405 1608 -2596 -747 4746 0 0 0 0 1 63 147 547 
-3094 -5216 1416 -2585 -1401 4457 0 0 0 0 1 35 152 537 
-2397 -4941 1074 -2130 -2194 4214 0 0 0 0 1 21 134 542 
-1935 -4625 605 -1332 -2362 3879 0 0 0 0 1 8 138 559 
-2123 -4665 695 -547 -1781 3243 0 0 0 0 1 -9 142 561 
-2150 -4680 1048 -135 -1120 2679 0 0 0 0 1 -10 141 562 
-1987 -4684 1300 310 -69 1774 0 0 0 0 1 -31 148 557 
-1569 -4486 1662 644 588 852 0 0 0 0 1 -18 142 561 
-1571 -4123 1886 940 600 -142 0 0 0 0 1 -25 149 558 
-1355 -3832 2050 1112 364 -764 0 0 0 0 1 -29 153 548 
-1254 -3666 2128 1308 11 -1626 0 0 0 0 1 -21 157 558 
-1241 -3354 2117 1402 -100 -2168 0 0 0 0 1 -21 157 551 
-1427 -3105 1966 1527 -89 -2984 0 0 0 0 1 -9 164 542 
-1604 -2938 1889 1640 76 -3842 0 0 0 0 1 5 163 548 
-2039 -2592 1753 1714 220 -4462 0 0 0 0 1 14 171 544 
-2327 -2290 1673 1816 433 -5449 0 0 0 0 1 23 164 533 
-2840 -1810 1664 1878 634 -6450 0 0 0 0 1 38 160 531 
-3367 -1329 1654 1917 713 -7087 0 0 0 0 1 35 169 535 
-3600 -1044 1470 2023 557 -7871 0 0 0 0 1 54 166 535 
-3751 -714 1220 2115 300 -8221 0 0 0 0 1 94 147 519 
-3666 -594 969 2291 -187 -8395 0 0 0 0 1 99 149 519 
-3496 -561 329 2554 -522 -8225 0 0 0 0 1 120 139 514 
-3491 -587 164 2801 -500 -8018 0 0 0 0 1 117 139 521 
-3475 -614 -290 3297 -19 -7690 0 0 0 0 1 134 125 509 
-3577 -596 -586 3903 750 -7474 0 0 0 0 1 141 120 512 
-4157 -376 -675 4314 1193 -7454 0 0 0 0 1 154 111 506 
-4299 -178 -607 4847 1331 -7390 0 0 0 0 1 179 90 484 
-4113 -74 -518 5112 1052 -7236 0 0 0 0 1 180 87 469 
-3955 -77 -543 5411 439 -6873 0 0 0 0 1 194 84 471 
-3810 -247 -817 5712 -93 -6476 0 0 0 0 1 201 72 459 
-3824 -504 -1263 5952 -391 -6221 0 0 0 0 1 200 68 453 
-3905 -732 -1579 6411 -593 -5933 0 0 0 0 1 197 67 450 
-4264 -808 -2187 6997 -241 -5846 0 0 0 0 1 215 57 438 
-4555 -675 -2404 7452 265 -5905 0 0 0 0 1 217 61 447 
-4676 -435 -2659 8234 921 -6030 0 0 0 0 1 218 45 422 
-4541 -352 -2760 9031 1082 -6069 0 0 0 0 1 232 33 415 
-4334 -406 -2903 9538 884 -6057 0 0 0 0 1 231 36 407 
-4032 -640 -3067 10221 186 -5985 0 0 0 0 1 234 18 399 
-3850 -891 -3122 10724 -979 -5837 0 0 0 0 1 235 2 388 
-3369 -1266 -3064 10918 -2205 -5538 0 0 0 0 1 244 -6 401 
-3231 -1846 -3062 10899 -2607 -5336 0 0 0 0 1 230 -1 403 
-3472 -2130 -3277 10885 -2209 -5183 0 0 0 0 1 230 -13 422 
-3602 -2354 -3806 11049 -848 -5056 0 0 0 0 1 225 -8 420 
-3820 -2473 -3992 11291 683 -4875 0 0 0 0 1 212 -17 414 
-4269 -2493 -3896 11425 1329 -4841 0 0 0 0 1 220 -18 420 
-4643 -2488 -3916 11568 948 -4974 0 0 0 0 1 219 -17 414 
-4882 -2474 -3627 11484 -21 -5163 0 0 0 0 1 227 -18 415 
-4431 -2651 -3549 10982 -2247 -5327 0 0 0 0 1 218 -28 422 
-3678 -2821 -3351 9923 -4033 -5020 0 0 0 0 1 199 -18 427 
-3056 -3119 -3250 9055 -4343 -4620 0 0 0 0 1 189 -28 457 
-2869 -3041 -3372 7838 -3338 -3957 0 0 0 0 1 188 -17 460 
-3246 -3059 -3775 7002 -1005 -3584 0 0 0 0 1 178 -1 462 
-4329 -3040 -4084 6702 550 -3626 0 0 0 0 1 171 -15 476 
-4871 -2896 -4077 6354 784 -3954 0 0 0 0 1 178 -8 469 
-5307 -2831 -3176 5454 -859 -4441 0 0 0 0 1 174 2 467 
-5262 -2905 -2083 4436 -2257 -4742 0 0 0 0 1 163 -13 473 
-5024 -2843 -1896 2665 -3818 -5034 0 0 0 0 1 160 -9 472 
-4567 -2364 -2361 1096 -4241 -5088 0 0 0 0 1 149 -18 487 
-4216 -1967 -2558 303 -3701 -4961 0 0 0 0 1 129 -34 493 
-3854 -1635 -2825 -310 -1728 -4578 0 0 0 0 1 138 -33 499 
-3736 -1456 -3396 -144 895 -4126 0 0 0 0 1 121 -40 490 
-3794 -1312 -3289 435 2168 -3613 0 0 0 0 1 123 -47 476 
-3909 -1163 -2763 707 1996 -3275 0 0 0 0 1 139 -66 477 
-4019 -979 -2321 822 943 -2905 0 0 0 0 1 143 -73 467 
-4144 -632 -1791 623 -420 -2709 0 0 0 0 1 128 -62 473 
-4046 -290 -1410 364 -1221 -2585 0 0 0 0 1 133 -67 466 
-3695 -29 -1275 -74 -2053 -2266 0 0 0 0 1 114 -89 483 
-3420 102 -1268 -427 -2201 -1751 0 0 0 0 1 113 -90 467 
-3038 181 -1592 -517 -1635 -1148 0 0 0 0 1 107 -82 466 
-2921 172 -1910 -369 -993 -754 0 0 0 0 1 109 -94 473 
-2843 212 -2193 149 169 -213 0 0 0 0 1 109 -101 476 
-3221 159 -2647 917 1098 162 0 0 0 0 1 126 -96 476 
-3654 237 -2734 1744 1196 258 0 0 0 0 1 112 -89 464 
-4043 431 -2603 2199 916 219 0 0 0 0 1 119 -87 462 
-4052 433 -2425 2657 399 199 0 0 0 0 1 113 -78 460 
-3619 278 -2434 3007 84 433 0 0 0 0 1 117 -76 472 
-3026 84 -2930 3321 207 747 0 0 0 0 1 119 -72 487 
-2763 24 -3412 4028 1122 1346 0 0 0 0 1 116 -47 476 
-2544 -40 -4092 4923 2689 2048 0 0 0 0 1 121 -40 487 
-2513 -239 -4367 5468 3691 2536 0 0 0 0 1 135 -20 476 
-2464 -560 -4301 5956 4153 3217 0 0 0 0 1 142 -1 469 
-2461 -956 -3916 5728 3621 3685 0 0 0 0 1 140 13 459 
-2419 -1889 -3059 5061 3184 3835 0 0 0 0 1 149 55 452 
-2140 -2496 -2709 3464 2504 3923 0 0 0 0 1 151 76 453 
-1517 -3382 -2634 2163 2103 3935 0 0 0 0 1 142 87 443 
-1514 -4245 -2655 19 1916 3691 0 0 0 0 1 154 94 445 
-1799 -4844 -2598 -2197 1827 2965 0 0 0 0 1 147 106 448 
-2360 -5792 -3044 -4058 1115 1852 0 0 0 0 1 159 99 448 
-2601 -6568 -3521 -5067 710 1095 0 0 0 0 1 153 93 449 
-2576 -6852 -3797 -6314 1159 113 0 0 0 0 1 156 94 462 
-2878 -7458 -4202 -7230 2367 -793 0 0 0 0 1 163 72 480 
-3566 -8293 -4364 -7663 3180 -1413 0 0 0 0 1 165 56 472 
-4060 -9028 -4289 -8135 3983 -2301 0 0 0 0 1 176 39 474 
-4457 -10311 -3808 -8666 4254 -2850 0 0 0 0 1 191 9 465 
-4571 -11337 -2979 -9208 4311 -2957 0 0 0 0 1 204 -30 441 
-4611 -11801 -2486 -10261 4294 -2821 0 0 0 0 1 217 -51 433 
-5067 -12292 -1846 -11506 3950 -2574 0 0 0 0 1 212 -73 414 
-5400 -12473 -1277 -12411 3489 -2342 0 0 0 0 1 222 -104 382 
-5684 -12751 -912 -13844 2338 -1841 0 0 0 0 1 215 -106 357 
-5804 -13271 -758 -15371 521 -900 0 0 0 0 1 225 -116 292 
-5983 -13893 -1014 -16724 -2007 604 0 0 0 0 1 228 -120 291 
-6598 -13446 -1763 -17411 -3680 1757 0 0 0 0 1 239 -116 278 
-7346 -12493 -2276 -18229 -5157 3485 0 0 0 0 1 237 -87 264 
-7786 -11966 -2624 -18812 -5322 5096 0 0 0 0 1 238 -66 272 
-8240 -11454 -3148 -19114 -5137 6675 0 0 0 0 1 250 -19 300 
-8604 -10829 -3703 -19050 -4999 8196 0 0 0 0 1 259 4 309 
-9078 -10054 -4172 -18540 -5375 9667 0 0 0 0 1 251 18 334 
-9432 -9145 -4653 -17881 -5833 10616 0 0 0 0 1 237 55 362 
-9500 -8481 -4725 -16445 -6093 11958 0 0 0 0 1 221 93 428 
-9255 -7399 -5098 -14430 -5531 12967 0 0 0 0 1 192 94 466 
-8929 -6895 -5227 -12075 -4094 13324 0 0 0 0 1 160 98 498 
-8568 -6792 -5229 -9623 -2311 13107 0 0 0 0 1 145 94 520 
-7895 -6449 -5126 -7990 -1295 12747 0 0 0 0 1 109 109 534 
-6731 -6075 -4399 -5732 -336 12255 0 0 0 0 1 94 100 551 
-6175 -5841 -3739 -3910 363 11652 0 0 0 0 1 70 105 547 
-5864 -5223 -2996 -2918 675 11044 0 0 0 0 1 62 121 548 
-5448 -5053 -2071 -1823 905 9965 0 0 0 0 1 53 136 557 
-5066 -5234 -1120 -1392 1168 8890 0 0 0 0 1 49 127 561 
-4264 -5384 140 -1406 1263 8229 0 0 0 0 1 35 142 554 
-3824 -5404 542 -1505 834 7259 0 0 0 0 1 20 131 562 
-3427 -5417 670 -1427 166 6213 0 0 0 0 1 15 153 562 
-3098 -5551 844 -1322 -12 5463 0 0 0 0 1 -2 137 568 
-2994 -5645 970 -1110 57 4235 0 0 0 0 1 -11 149 558 
-3033 -5771 972 -846 277 2851 0 0 0 0 1 -17 148 566 
-2991 -5841 1222 -689 479 1921 0 0 0 0 1 -14 134 565 
-2746 -5792 1301 -431 691 681 0 0 0 0 1 -14 125 551 
-2388 -5564 1344 -118 611 -263 0 0 0 0 1 -11 147 563 
-1756 -5316 1281 140 464 -687 0 0 0 0 1 -8 136 566 
-1415 -4936 1205 597 283 -1142 0 0 0 0 1 -9 137 558 
-1228 -4674 1132 1155 210 -1493 0 0 0 0 1 -14 137 558 
-1043 -4102 1002 1794 276 -1867 0 0 0 0 1 -5 141 552 
-1164 -3811 973 2249 424 -2222 0 0 0 0 1 5 155 550 
-1403 -3435 946 2966 772 -3018 0 0 0 0 1 1 155 548 
-2285 -2666 875 3434 1041 -3770 0 0 0 0 1 9 164 544 
-2684 -2185 801 4064 1257 -4958 0 0 0 0 1 29 170 524 
-3229 -1408 934 4483 1204 -5961 0 0 0 0 1 34 172 518 
-3485 -1090 949 4664 867 -6616 0 0 0 0 1 71 182 513 
-3436 -777 1061 4630 480 -6774 0 0 0 0 1 84 188 502 
-3502 -607 1078 4412 -198 -6720 0 0 0 0 1 102 182 497 
-3517 -285 690 4182 -777 -6439 0 0 0 0 1 117 191 491 
-3556 -117 387 4121 -1001 -6219 0 0 0 0 1 113 176 474 
-3640 6 13 4267 -1135 -5931 0 0 0 0 1 120 181 474 
-3886 581 -1326 5439 -2634 -5235 0 0 0 0 1 205 110 405 
-3837 741 -1515 5440 -2192 -4975 0 0 0 0 1 215 111 408 
-3849 961 -1914 5672 -2015 -4896 0 0 0 0 1 213 96 389 
-3907 929 -2277 5922 -2123 -4931 0 0 0 0 1 228 100 405 
-4008 839 -2562 6326 -2711 -5111 0 0 0 0 1 225 79 394 
-4047 733 -2633 6582 -3425 -5341 0 0 0 0 1 227 69 403 
-3953 547 -2543 6596 -3574 -5478 0 0 0 0 1 226 58 416 
-3711 456 -2620 6543 -3338 -5422 0 0 0 0 1 222 50 420 
-3211 305 -2650 6459 -2479 -5020 0 0 0 0 1 222 33 422 
-2719 493 -2901 6553 -1611 -4514 0 0 0 0 1 222 30 427 
-2600 364 -3169 6727 -1354 -4232 0 0 0 0 1 221 24 419 
-2787 102 -3279 7073 -1374 -4026 0 0 0 0 1 220 23 429 
-3169 -43 -3397 7498 -1595 -4218 0 0 0 0 1 214 14 423 
-3867 -65 -3685 7814 -1827 -4557 0 0 0 0 1 219 9 421 
-4268 179 -4100 8250 -2370 -5174 0 0 0 0 1 211 11 429 
-4016 265 -4091 8381 -2411 -5552 0 0 0 0 1 206 6 443 
-3387 238 -4004 8146 -1435 -5334 0 0 0 0 1 199 -11 448 
-2793 199 -3801 7738 -86 -4767 0 0 0 0 1 197 -6 443 
-2609 -114 -3551 7470 822 -4394 0 0 0 0 1 198 -4 440 
-2743 -211 -3448 7203 1649 -4041 0 0 0 0 1 197 -6 436 
-3704 -122 -3357 6928 578 -4103 0 0 0 0 1 200 -7 444 
-4197 208 -2964 6532 -879 -4353 0 0 0 0 1 195 -7 435 
-4379 251 -2891 5700 -3165 -4886 0 0 0 0 1 186 -12 444 
-4181 185 -3497 4938 -4393 -5326 0 0 0 0 1 178 -20 455 
-3875 164 -4083 4641 -3230 -5480 0 0 0 0 1 169 -19 465 
-3222 346 -5080 4877 -1259 -5370 0 0 0 0 1 158 -26 477 
-2765 436 -5437 5792 2391 -4893 0 0 0 0 1 165 -36 479 
-2353 468 -5116 6538 4765 -4425 0 0 0 0 1 162 -34 451 
-2452 515 -3928 7330 6466 -3599 0 0 0 0 1 174 -22 444 
-2510 621 -2873 7157 4658 -2864 0 0 0 0 1 180 -8 438 
-3614 216 -1387 5920 1466 -2868 0 0 0 0 1 187 -18 417 
-4042 -240 -134 4627 -420 -3131 0 0 0 0 1 185 -20 422 
-3873 -287 -169 2704 -2127 -3548 0 0 0 0 1 182 -18 427 
-3407 -261 -1187 1817 -2382 -3744 0 0 0 0 1 173 -40 436 
-2961 -186 -2270 1225 -1592 -3870 0 0 0 0 1 156 -38 424 
-2837 -252 -2922 1475 121 -3806 0 0 0 0 1 152 -42 434 
-2814 -410 -3617 2353 2254 -3595 0 0 0 0 1 163 -47 424 
-3090 -319 -3668 3073 3693 -3416 0 0 0 0 1 161 -69 427 
-3294 -302 -3564 4150 5366 -3084 0 0 0 0 1 166 -77 410 
-3570 -266 -3211 5045 6048 -2679 0 0 0 0 1 163 -65 389 
-3639 -271 -3013 5468 5862 -2381 0 0 0 0 1 168 -74 378 
-3541 -307 -2837 5795 4613 -1880 0 0 0 0 1 168 -72 380 
-3070 -393 -2663 5801 3213 -1486 0 0 0 0 1 181 -63 367 
-2331 -674 -2395 5437 739 -756 0 0 0 0 1 186 -68 365 
-1910 -881 -2198 4613 -1588 103 0 0 0 0 1 184 -53 377 
-1625 -1284 -2086 3459 -3258 968 0 0 0 0 1 186 -58 384 
-1565 -1502 -2332 2622 -3892 1509 0 0 0 0 1 171 -50 403 
-1736 -1579 -2762 1407 -4042 2212 0 0 0 0 1 166 -50 406 
-1814 -1608 -3026 346 -3386 2764 0 0 0 0 1 165 -36 416 
-1764 -1961 -3391 -443 -2478 3248 0 0 0 0 1 169 -29 430 
-1662 -2303 -3885 -764 -2098 3519 0 0 0 0 1 160 -14 440 
-1643 -2607 -4037 -1060 -1898 3802 0 0 0 0 1 165 -14 451 
-1823 -3092 -4100 -1317 -1829 3878 0 0 0 0 1 166 8 448 
-1794 -3427 -4101 -1660 -1642 3808 0 0 0 0 1 154 11 448 
-1852 -4016 -4370 -1915 -1366 3716 0 0 0 0 1 151 19 458 
-1695 -4358 -4650 -2323 -859 3623 0 0 0 0 1 154 30 478 
-1402 -5039 -4718 -2966 -144 3608 0 0 0 0 1 152 33 480 
-1308 -5840 -4526 -3561 306 3587 0 0 0 0 1 143 46 481 
-1409 -6247 -4234 -4673 467 3405 0 0 0 0 1 156 38 478 
-1774 -6814 -3958 -5492 278 3167 0 0 0 0 1 160 36 491 
-1948 -7244 -4199 -6582 161 2789 0 0 0 0 1 154 28 487 
-2146 -8107 -4516 -7542 841 2466 0 0 0 0 1 154 3 506 
-2474 -8702 -4361 -8183 1468 2219 0 0 0 0 1 167 2 495 
-3049 -9470 -4192 -9107 2050 1712 0 0 0 0 1 167 -14 491 
-3834 -10877 -3982 -10022 2083 1249 0 0 0 0 1 173 -33 480 
-4380 -12140 -3785 -10634 2115 1054 0 0 0 0 1 176 -63 481 
-4889 -12807 -3687 -11617 2574 814 0 0 0 0 1 189 -72 464 
-5556 -13797 -3088 -12922 3128 696 0 0 0 0 1 208 -104 415 
-6119 -15333 -2299 -14024 3095 760 0 0 0 0 1 214 -117 386 
-6400 -16442 -1675 -16059 2095 1254 0 0 0 0 1 221 -134 360 
-6599 -16132 -788 -18399 303 2231 0 0 0 0 1 215 -133 341 
-7029 -15608 -828 -19838 -1138 3091 0 0 0 0 1 222 -118 313 
-7472 -14498 -1395 -21291 -3368 4595 0 0 0 0 1 240 -107 295 
-8409 -12590 -2754 -21612 -5292 6250 0 0 0 0 1 247 -71 281 
-8700 -11443 -4023 -21207 -6314 7536 0 0 0 0 1 251 -40 296 
-8980 -10270 -5342 -19680 -6991 9407 0 0 0 0 1 257 -14 316 
-9148 -9644 -6087 -17218 -6783 10788 0 0 0 0 1 253 11 341 
-9433 -9199 -6675 -14286 -5645 11463 0 0 0 0 1 240 39 372 
-9370 -9070 -6600 -12322 -4308 11537 0 0 0 0 1 220 74 422 
-9117 -9022 -6516 -9505 -2254 11332 0 0 0 0 1 201 91 450 
-8429 -8695 -5852 -7113 -642 11030 0 0 0 0 1 204 111 462 
-7441 -8094 -4910 -5221 211 10886 0 0 0 0 1 175 131 469 
-6072 -7505 -3964 -4216 555 10921 0 0 0 0 1 151 144 474 
-5360 -7316 -2996 -3329 1555 10932 0 0 0 0 1 125 181 477 
-5264 -7263 -1696 -3169 2449 10716 0 0 0 0 1 117 193 479 
-5174 -7147 -137 -3854 3761 9721 0 0 0 0 1 95 199 483 
-4947 -6756 722 -4331 3448 8998 0 0 0 0 1 92 193 486 
-4465 -6582 882 -4633 1848 7845 0 0 0 0 1 68 201 500 
-3733 -6278 724 -4245 39 6663 0 0 0 0 1 30 203 507 
-3047 -5973 671 -3479 -899 5491 0 0 0 0 1 36 192 518 
-2429 -6077 1028 -2970 -978 4760 0 0 0 0 1 23 206 528 
-2107 -6238 1156 -2225 -709 3691 0 0 0 0 1 14 186 533 
-1954 -6253 1237 -1511 -198 2625 0 0 0 0 1 -2 186 530 
-1625 -6205 1352 -1045 202 1941 0 0 0 0 1 -4 169 537 
-1362 -6124 1534 -388 671 983 0 0 0 0 1 -11 179 535 
-1385 -5941 1548 253 788 -12 0 0 0 0 1 -11 174 533 
-1359 -5362 1872 757 620 -1001 0 0 0 0 1 3 175 529 
-1187 -5150 2005 1010 376 -1583 0 0 0 0 1 -4 179 528 
-1219 -4922 2121 1279 -38 -2460 0 0 0 0 1 5 172 524 
-1533 -4328 1927 1538 -359 -3447 0 0 0 0 1 15 185 527 
-1689 -4012 1667 1873 -482 -4521 0 0 0 0 1 17 195 529 
-1922 -3548 1280 2145 -377 -5278 0 0 0 0 1 27 185 515 
-2237 -3217 906 2676 67 -6493 0 0 0 0 1 35 198 516 
-2925 -2628 402 3095 414 -7343 0 0 0 0 1 48 192 504 
-3511 -2208 70 3778 792 -8544 0 0 0 0 1 84 186 495 
-4068 -1757 -69 4321 922 -9405 0 0 0 0 1 104 185 492 
-4273 -1472 -76 4544 709 -9683 0 0 0 0 1 121 175 476 
-4259 -1387 -207 4648 -28 -9689 0 0 0 0 1 148 164 472 
-4262 -1377 -252 4514 -576 -9470 0 0 0 0 1 166 163 455 
-4680 -1395 -570 4401 -583 -9412 0 0 0 0 1 188 127 458 
-5273 -1481 -1217 4452 -396 -9521 0 0 0 0 1 199 101 445 
-5617 -1451 -1534 4674 182 -9799 0 0 0 0 1 208 87 441 
-5625 -1468 -1847 4991 748 -9886 0 0 0 0 1 221 66 430 
-5572 -1424 -1886 5200 972 -9750 0 0 0 0 1 215 60 422 
-5438 -1355 -1812 5461 1152 -9215 0 0 0 0 1 227 28 429 
-4854 -1389 -1866 5650 1151 -8619 0 0 0 0 1 234 8 410 
-4651 -1551 -2102 6059 1085 -7563 0 0 0 0 1 240 -17 407 
-4523 -1831 -2543 6608 1230 -6555 0 0 0 0 1 237 -35 396 
-4575 -1917 -2767 7042 1419 -5993 0 0 0 0 1 227 -47 399 
-4736 -1841 -2931 7740 1954 -5401 0 0 0 0 1 234 -60 403 
-5630 -1795 -3432 8564 2742 -5191 0 0 0 0 1 226 -71 388 
-5911 -1663 -3800 9159 3044 -5085 0 0 0 0 1 235 -66 391 
-5845 -1536 -3889 9933 2459 -4861 0 0 0 0 1 219 -95 395 
-5405 -1353 -3605 10314 926 -4551 0 0 0 0 1 213 -99 392 
-4957 -1414 -3441 10348 -674 -4125 0 0 0 0 1 214 -98 388 
-4431 -1598 -3552 10319 -1564 -3808 0 0 0 0 1 218 -99 401 
-4124 -1847 -3961 10247 -2003 -3310 0 0 0 0 1 207 -95 423 
-4033 -1860 -4178 10096 -789 -2881 0 0 0 0 1 187 -96 445 
-3805 -1913 -4219 9854 1159 -2480 0 0 0 0 1 175 -89 455 
-3955 -1939 -4120 9690 2216 -2296 0 0 0 0 1 188 -58 456 
-4246 -1869 -3987 9510 2947 -2276 0 0 0 0 1 193 -51 458 
-4491 -1646 -3696 9363 2665 -2401 0 0 0 0 1 189 -45 450 
-4265 -1611 -3498 9248 1880 -2436 0 0 0 0 1 191 -36 447 
-3759 -1732 -3273 8879 -276 -2356 0 0 0 0 1 186 -22 453 
-3393 -1916 -3050 8086 -2329 -2145 0 0 0 0 1 193 -9 449 
-3137 -1993 -2839 6971 -2922 -1967 0 0 0 0 1 181 -7 453 
-3079 -1878 -3140 5994 -2079 -1921 0 0 0 0 1 169 2 472 
-3615 -1774 -3749 5583 -1154 -2093 0 0 0 0 1 165 4 477 
-4019 -1570 -3849 5199 -33 -2643 0 0 0 0 1 160 12 474 
-4196 -1110 -3549 4692 -379 -3222 0 0 0 0 1 161 23 476 
-4071 -959 -2932 4139 -1024 -3533 0 0 0 0 1 158 24 472 
-3825 -941 -2749 3132 -1986 -3741 0 0 0 0 1 163 20 469 
-3304 -820 -2865 2216 -2290 -3581 0 0 0 0 1 152 13 476 
-2953 -630 -3305 1832 -1866 -3338 0 0 0 0 1 145 11 480 
-2717 -362 -3747 1708 -468 -2887 0 0 0 0 1 147 11 480 
-2797 -154 -3845 1979 1085 -2521 0 0 0 0 1 143 0 474 
-3220 176 -3387 2157 1644 -2377 0 0 0 0 1 147 8 483 
-3374 380 -2805 2055 1272 -2212 0 0 0 0 1 152 8 462 
-3533 554 -1683 1496 346 -2133 0 0 0 0 1 163 -3 450 
-3557 648 -1509 1017 -248 -2131 0 0 0 0 1 147 1 455 
-3476 737 -1588 425 -768 -2101 0 0 0 0 1 152 -8 462 
-3185 784 -1931 179 -455 -1959 0 0 0 0 1 142 -13 448 
-2808 857 -2440 282 210 -1798 0 0 0 0 1 148 -14 447 
-2552 900 -2776 831 1535 -1438 0 0 0 0 1 151 -17 444 
-2332 891 -3020 1661 2869 -1035 0 0 0 0 1 149 -13 434 
-2554 868 -2754 2184 3545 -845 0 0 0 0 1 160 -29 421 
-2706 873 -2558 2820 4065 -680 0 0 0 0 1 161 -15 424 
-3093 893 -2475 3370 4178 -697 0 0 0 0 1 169 -14 405 
-3497 758 -2745 3948 3952 -804 0 0 0 0 1 185 -25 403 
-3378 703 -3036 4391 3502 -806 0 0 0 0 1 174 -7 393 
-2957 607 -3283 5084 2605 -522 0 0 0 0 1 185 6 373 
-2301 211 -3543 5524 2055 -142 0 0 0 0 1 184 -4 374 
-1733 -322 -3805 6125 1397 600 0 0 0 0 1 186 7 367 
-1548 -662 -3824 6479 1121 1351 0 0 0 0 1 192 18 375 
-1279 -1148 -3508 6430 1193 1810 0 0 0 0 1 186 24 363 
-1224 -1462 -3235 5799 1566 2304 0 0 0 0 1 191 26 377 
-1115 -1850 -2765 4438 1808 2459 0 0 0 0 1 199 62 343 
-988 -2306 -2089 3129 1678 2340 0 0 0 0 1 199 72 341 
-1092 -2751 -1788 768 739 1836 0 0 0 0 1 201 69 345 
-1016 -3690 -1430 -1899 -1048 1258 0 0 0 0 1 200 83 349 
-752 -4310 -1489 -4521 -2814 929 0 0 0 0 1 194 79 348 
-711 -4593 -2270 -6004 -3581 881 0 0 0 0 1 192 87 375 
-842 -4838 -3017 -7567 -3743 1001 0 0 0 0 1 194 69 399 
-1258 -5341 -4384 -8201 -2801 1128 0 0 0 0 1 176 73 426 
-1652 -6103 -5533 -8196 -1838 1148 0 0 0 0 1 175 57 431 
-1841 -6717 -5948 -7856 -206 1046 0 0 0 0 1 178 52 438 
-2073 -7619 -5993 -7583 765 885 0 0 0 0 1 182 47 450 
-2340 -8123 -5569 -7470 1869 471 0 0 0 0 1 176 49 453 
-2964 -8902 -4837 -7838 2299 -118 0 0 0 0 1 200 14 453 
-3813 -10009 -3667 -8775 2281 -732 0 0 0 0 1 200 -14 447 
-4140 -10645 -3001 -9750 2019 -1041 0 0 0 0 1 212 -22 433 
-4361 -11241 -2425 -11669 1258 -1142 0 0 0 0 1 211 -35 438 
-4715 -12089 -2196 -13695 295 -681 0 0 0 0 1 215 -57 422 
-5272 -13011 -2694 -15499 -672 331 0 0 0 0 1 219 -88 400 
-6121 -14357 -3318 -16523 -1275 1243 0 0 0 0 1 232 -99 378 
-6824 -14935 -3642 -17859 -1773 2707 0 0 0 0 1 225 -106 359 
-7808 -14958 -3982 -18997 -1696 4061 0 0 0 0 1 227 -101 345 
-9221 -14816 -4596 -19564 -1492 4764 0 0 0 0 1 238 -100 330 
-10519 -14206 -5503 -20048 -1373 5580 0 0 0 0 1 246 -60 310 
-10467 -13949 -5963 -20085 -1976 7061 0 0 0 0 1 245 -51 302 
-10317 -13147 -6499 -19868 -2549 8558 0 0 0 0 1 251 -3 303 
-10523 -12049 -6919 -19138 -3555 11243 0 0 0 0 1 252 29 314 
-11015 -10987 -6905 -17962 -4039 13699 0 0 0 0 1 246 42 341 
-12071 -9793 -7033 -16354 -3137 14908 0 0 0 0 1 243 73 388 
-12582 -8922 -7480 -15059 -1972 14900 0 0 0 0 1 189 118 438 
-12300 -8337 -7818 -12890 -333 14205 0 0 0 0 1 166 143 462 
-11582 -7986 -7438 -10765 424 13492 0 0 0 0 1 154 153 476 
-9867 -7397 -6416 -9441 334 13256 0 0 0 0 1 132 164 495 
-8929 -6861 -5605 -7625 -48 12962 0 0 0 0 1 108 159 505 
-7781 -6356 -4601 -6507 -232 12703 0 0 0 0 1 82 157 512 
-6937 -6596 -3398 -5127 184 12061 0 0 0 0 1 42 169 540 
-6378 -6514 -2151 -4268 1438 10889 0 0 0 0 1 34 163 557 
-5823 -6264 -1459 -3774 2053 9472 0 0 0 0 1 5 160 552 
-5179 -5948 -812 -3411 1635 8414 0 0 0 0 1 0 154 554 
-5028 -5617 -697 -2619 411 6581 0 0 0 0 1 7 152 547 
-4910 -5269 -413 -1853 -70 4667 0 0 0 0 1 -15 148 557 
-4337 -5260 499 -1591 155 3563 0 0 0 0 1 -27 131 564 
-4070 -5377 665 -1362 321 2272 0 0 0 0 1 -25 127 565 
-3753 -5304 908 -1234 56 1365 0 0 0 0 1 -35 125 572 
-3120 -5189 898 -1113 -217 999 0 0 0 0 1 -30 125 551 
-2562 -5078 704 -735 -449 751 0 0 0 0 1 -40 122 565 
-2336 -5039 452 -155 -233 507 0 0 0 0 1 -46 126 566 
-2175 -4974 543 297 131 261 0 0 0 0 1 -35 120 558 
-2107 -4873 774 985 740 -223 0 0 0 0 1 -35 122 568 
-1892 -4484 985 1735 993 -757 0 0 0 0 1 -36 131 555 
-1789 -4242 1101 2241 1004 -1156 0 0 0 0 1 -40 132 549 
-1786 -3992 1151 2985 999 -1849 0 0 0 0 1 -28 142 551 
-2185 -3559 1285 3624 1032 -2723 0 0 0 0 1 -24 155 545 
-2303 -2926 1476 3965 1025 -3325 0 0 0 0 1 1 165 527 
-2946 -2410 1517 4385 870 -4340 0 0 0 0 1 9 174 535 
-3234 -2013 1564 4645 434 -5313 0 0 0 0 1 10 190 522 
-3778 -1465 1417 4755 -41 -5883 0 0 0 0 1 21 203 509 
-3864 -1149 1220 4855 -764 -6490 0 0 0 0 1 41 204 508 
-5241 1170 -885 5423 -3415 -6490 0 0 0 0 1 169 181 402 
-5268 1123 -1114 5002 -3930 -6202 0 0 0 0 1 189 172 394 
-5280 883 -1594 4760 -4145 -5774 0 0 0 0 1 188 157 407 
-5186 873 -1862 4690 -4124 -5469 0 0 0 0 1 178 150 406 
-5110 1240 -2062 4724 -3783 -5114 0 0 0 0 1 189 133 403 
-4947 1467 -2195 4930 -3322 -4912 0 0 0 0 1 193 134 412 
-4527 1767 -2182 5086 -3231 -4820 0 0 0 0 1 209 132 407 
-4393 1787 -2140 5226 -3587 -4782 0 0 0 0 1 212 112 416 
-4362 1572 -1999 5213 -3985 -4807 0 0 0 0 1 209 105 416 
-4304 1344 -1890 4950 -4531 -4768 0 0 0 0 1 208 109 413 
-3977 1083 -1681 4503 -4526 -4484 0 0 0 0 1 207 95 416 
-3500 1094 -1757 4246 -4212 -4194 0 0 0 0 1 208 89 420 
-3393 1134 -2015 4095 -3527 -3891 0 0 0 0 1 214 85 433 
-3505 1195 -2316 4215 -3004 -3907 0 0 0 0 1 199 89 438 
-3798 1178 -2559 4389 -2998 -4076 0 0 0 0 1 206 72 455 
-3871 1191 -2628 4653 -3456 -4414 0 0 0 0 1 204 74 448 
-3790 1085 -2619 4760 -3810 -4581 0 0 0 0 1 197 57 445 
-3754 1157 -2527 4780 -4005 -4736 0 0 0 0 1 198 51 470 
-3669 1277 -2578 4705 -3874 -4634 0 0 0 0 1 194 45 455 
-3103 1079 -2659 4600 -3305 -4201 0 0 0 0 1 192 50 471 
-3024 1080 -2788 4586 -2757 -3884 0 0 0 0 1 174 41 479 
-3101 1141 -2916 4658 -2139 -3601 0 0 0 0 1 178 42 490 
-3353 1138 -2765 4689 -1880 -3547 0 0 0 0 1 172 36 486 
-3287 1289 -2666 4710 -1852 -3574 0 0 0 0 1 174 34 488 
-3602 1513 -2761 4811 -2025 -3812 0 0 0 0 1 169 31 477 
-3868 1774 -2648 4782 -2506 -4112 0 0 0 0 1 172 51 477 
-3742 2145 -2464 4628 -2910 -4222 0 0 0 0 1 148 53 498 
-3639 2284 -2479 4278 -3256 -4228 0 0 0 0 1 153 31 495 
-3360 2566 -2601 3882 -2944 -4011 0 0 0 0 1 147 47 492 
-3070 2846 -2605 3629 -2428 -3782 0 0 0 0 1 132 46 509 
-2971 3228 -2495 3274 -1701 -3458 0 0 0 0 1 141 41 509 
-2743 3390 -2149 2735 -1673 -3106 0 0 0 0 1 134 44 512 
-2568 3239 -1248 2162 -2009 -2842 0 0 0 0 1 121 45 506 
-2774 3225 -493 1028 -2757 -2502 0 0 0 0 1 120 34 514 
-2609 3178 -75 -240 -3216 -2066 0 0 0 0 1 110 49 514 
-2506 3144 -65 -940 -3213 -1764 0 0 0 0 1 101 34 521 
-2358 3139 -224 -1586 -2860 -1314 0 0 0 0 1 97 33 515 
-1962 2954 -508 -1716 -2252 -835 0 0 0 0 1 84 14 530 
-1538 2550 -919 -1350 -1655 -412 0 0 0 0 1 81 11 529 
-1388 2354 -1024 -910 -1393 -205 0 0 0 0 1 77 17 528 
-1142 2176 -1035 -121 -1284 23 0 0 0 0 1 67 18 531 
-1021 1972 -885 701 -1412 56 0 0 0 0 1 66 12 542 
-950 1883 -895 1553 -1507 -132 0 0 0 0 1 67 20 529 
-775 1834 -819 2123 -1401 -360 0 0 0 0 1 58 22 533 
-931 1723 -848 3045 -1227 -802 0 0 0 0 1 54 41 535 
-363 1724 -1032 3977 -623 -1340 0 0 0 0 1 58 39 542 
-940 1819 -1106 4582 -99 -1883 0 0 0 0 1 50 55 529 
-1536 2213 -1137 5454 814 -2895 0 0 0 0 1 60 62 524 
-2114 2748 -1123 6195 1799 -4081 0 0 0 0 1 71 72 511 
-2776 3248 -997 6589 2462 -4818 0 0 0 0 1 75 98 500 
-2539 3231 -1006 7109 3374 -5485 0 0 0 0 1 90 94 497 
-2012 2914 -1254 7438 3802 -5572 0 0 0 0 1 100 104 480 
-1342 2458 -1356 7870 4158 -5242 0 0 0 0 1 172 49 426 
-1779 -1925 -3164 256 -4643 -4991 0 0 0 0 1 165 49 440 
-1127 -2265 -3545 -965 -2253 -2932 0 0 0 0 1 156 23 450 
-1106 -2680 -4062 -1864 -644 -900 0 0 0 0 1 160 12 456 
-1939 -3157 -4119 -2316 -466 127 0 0 0 0 1 160 9 458 
-2145 -3454 -4209 -2737 -1256 1351 0 0 0 0 1 154 11 478 
-2043 -3658 -4715 -2886 -2319 2387 0 0 0 0 1 159 11 471 
-1927 -3803 -4947 -2944 -2470 3337 0 0 0 0 1 154 15 478 
-1988 -4515 -5541 -2974 -1776 3874 0 0 0 0 1 147 23 485 
-2169 -5002 -5893 -3156 238 4361 0 0 0 0 1 151 26 488 
-2454 -6240 -5457 -3797 2187 4436 0 0 0 0 1 148 19 495 
-2839 -6873 -4953 -4910 3066 3974 0 0 0 0 1 143 24 495 
-3829 -7828 -4225 -5799 3016 3318 0 0 0 0 1 158 24 491 
-4453 -8368 -3857 -7217 2665 2036 0 0 0 0 1 171 8 497 
-5097 -9525 -3658 -8157 2493 1209 0 0 0 0 1 193 0 472 
-5240 -10424 -3674 -9502 2594 385 0 0 0 0 1 189 -28 471 
-5466 -11769 -3448 -10939 2944 140 0 0 0 0 1 195 -53 467 
-5965 -12692 -2886 -12010 3264 157 0 0 0 0 1 209 -63 447 
-6599 -13601 -2315 -13709 3430 318 0 0 0 0 1 213 -77 420 
-6840 -15021 -2051 -15486 2582 990 0 0 0 0 1 224 -85 388 
-7773 -16927 -1716 -17335 1100 2290 0 0 0 0 1 226 -110 344 
-7723 -16963 -1998 -18484 -350 3599 0 0 0 0 1 237 -101 327 
-8647 -15864 -2037 -20150 -1979 5825 0 0 0 0 1 233 -90 316 
-9396 -13991 -2926 -21408 -2809 8253 0 0 0 0 1 241 -67 303 
-9983 -13000 -3661 -21905 -3033 10565 0 0 0 0 1 251 3 308 
-11010 -11620 -5405 -21317 -2741 12311 0 0 0 0 1 241 30 329 
-12383 -11095 -6779 -20387 -2383 12974 0 0 0 0 1 247 53 349 
-12912 -10649 -7458 -18427 -1593 13372 0 0 0 0 1 225 89 375 
-12897 -10338 -7427 -16149 -995 13410 0 0 0 0 1 208 109 410 
-12649 -9332 -6808 -14614 -725 13241 0 0 0 0 1 176 137 451 
-11566 -9266 -6657 -12181 -1238 13161 0 0 0 0 1 148 159 474 
-10376 -8130 -5467 -9902 -1417 12964 0 0 0 0 1 142 143 506 
-8460 -7129 -5450 -8219 -1565 12875 0 0 0 0 1 112 145 518 
-6890 -7004 -4709 -5812 -742 12683 0 0 0 0 1 75 152 540 
-6482 -7206 -3985 -4061 1383 12092 0 0 0 0 1 63 149 533 
-5738 -6863 -2798 -3297 2586 11495 0 0 0 0 1 42 157 544 
-5305 -6302 -1548 -2577 3135 10314 0 0 0 0 1 35 157 544 
-5178 -5848 -833 -2054 2125 8724 0 0 0 0 1 23 154 544 
-4918 -5208 9 -1738 1164 7486 0 0 0 0 1 9 161 554 
-5006 -5229 636 -1368 134 5454 0 0 0 0 1 -1 158 550 
-4659 -5421 1418 -1431 53 3584 0 0 0 0 1 -10 165 557 
-4276 -5724 1742 -1545 184 2024 0 0 0 0 1 -15 148 555 
-3626 -5775 1546 -1515 181 1218 0 0 0 0 1 -16 147 556 
-3014 -5803 1521 -1268 139 400 0 0 0 0 1 -24 158 569 
-2325 -5817 1128 -884 52 40 0 0 0 0 1 -23 142 561 
-1862 -5596 1142 -136 -45 -364 0 0 0 0 1 -28 137 565 
-1663 -6159 903 1507 1703 -2082 0 0 0 0 1 -24 145 564 
-1810 -5202 978 2220 667 -3177 0 0 0 0 1 -7 149 551 
-447 -5252 2155 2382 197 -3051 0 0 0 0 1 -4 152 544 
-893 -4498 2018 2571 1065 -2974 0 0 0 0 1 4 152 549 
-2258 -3754 1485 2856 1129 -3342 0 0 0 0 1 8 163 534 
-2717 -3180 1534 3356 864 -4327 0 0 0 0 1 9 171 540 
-3911 -2082 1475 3854 431 -5662 0 0 0 0 1 28 176 516 
-4012 -1726 1355 4177 173 -6489 0 0 0 0 1 43 177 529 
-5796 798 -1141 6383 -1950 -6089 0 0 0 0 1 187 158 413 
-5764 820 -1244 6255 -2273 -6048 0 0 0 0 1 194 150 413 
-5384 721 -1153 5833 -2860 -5703 0 0 0 0 1 206 138 401 
-4594 508 -1094 5259 -3473 -5064 0 0 0 0 1 200 122 405 
-4401 540 -1246 4913 -3779 -4631 0 0 0 0 1 208 118 403 
-4329 572 -1485 4598 -4020 -4176 0 0 0 0 1 212 117 407 
-4437 574 -1910 4522 -3915 -4095 0 0 0 0 1 211 109 417 
-4502 633 -2146 4598 -3740 -4229 0 0 0 0 1 214 100 419 
-4630 647 -2355 4864 -3544 -4607 0 0 0 0 1 214 85 428 
-4677 620 -2527 5076 -3472 -4869 0 0 0 0 1 208 91 431 
-4292 613 -2391 5317 -3357 -5069 0 0 0 0 1 213 84 427 
-4127 647 -2350 5414 -3390 -4992 0 0 0 0 1 220 72 429 
-3824 865 -2445 5420 -3544 -4813 0 0 0 0 1 202 66 437 
-3808 862 -2813 5449 -3791 -4499 0 0 0 0 1 208 55 445 
-3855 740 -3082 5558 -3894 -4237 0 0 0 0 1 206 50 448 
-3912 481 -3361 5688 -3767 -4056 0 0 0 0 1 198 51 460 
-3747 888 -3448 5768 -3487 -3985 0 0 0 0 1 205 56 460 
-3688 986 -3464 5912 -2853 -3921 0 0 0 0 1 186 49 458 
-3348 996 -3272 5999 -2510 -3819 0 0 0 0 1 202 41 463 
-3082 1228 -3295 6139 -2366 -3585 0 0 0 0 1 186 53 465 
-3037 1576 -3430 6233 -2963 -3326 0 0 0 0 1 189 42 476 
-3033 1438 -3445 6222 -3626 -3173 0 0 0 0 1 162 56 477 
-3192 1286 -3433 6107 -4207 -3050 0 0 0 0 1 159 62 483 
-3484 1117 -3455 6017 -4007 -3058 0 0 0 0 1 156 72 485 
-3570 1323 -3501 5978 -2989 -3162 0 0 0 0 1 149 62 492 
-3340 1918 -3650 6055 -2066 -3230 0 0 0 0 1 143 73 486 
-3175 2022 -3519 6063 -1464 -3158 0 0 0 0 1 154 82 485 
-2956 2084 -3142 5958 -1372 -3025 0 0 0 0 1 148 90 484 
-2800 2079 -2868 5641 -1829 -2760 0 0 0 0 1 141 100 477 
-2659 1992 -2768 5229 -2550 -2458 0 0 0 0 1 147 109 476 
-2247 1832 -2630 4762 -3276 -2027 0 0 0 0 1 138 106 471 
-1861 1792 -2458 4382 -3598 -1648 0 0 0 0 1 129 117 477 
-1578 1729 -2205 3677 -3623 -1084 0 0 0 0 1 130 118 471 
