Data Quantity : 14  Accelerometer : 3  Gyroscope : 3  FSR : 5







-1903 20 -99 -378 16 181 0 0 0 0 1 165 34 484 
-1927 13 -67 -447 -11 173 0 0 0 0 1 173 35 487 
-1926 14 -58 -537 -49 149 0 0 0 0 1 169 31 493 
-1972 39 -91 -568 -77 128 0 0 0 0 1 166 38 480 
-2030 49 -136 -584 -116 90 0 0 0 0 1 185 45 490 
-2057 46 -163 -579 -148 88 0 0 0 0 1 162 31 484 
-2057 44 -194 -574 -147 107 0 0 0 0 1 166 25 492 
-2059 27 -187 -589 -81 151 0 0 0 0 1 154 30 483 
-2065 35 -160 -605 -26 179 0 0 0 0 1 168 38 480 
-2115 39 -197 -660 65 237 0 0 0 0 1 171 25 485 
-2064 -11 -192 -794 324 392 0 0 0 0 1 171 40 492 
-2031 -48 -212 -912 503 516 0 0 0 0 1 163 23 487 
-1823 369 151 154 726 165 0 0 0 0 1 175 13 487 
-1808 362 145 339 697 108 0 0 0 0 1 176 7 481 
-1821 312 176 481 662 47 0 0 0 0 1 186 9 486 
-1852 285 205 531 649 6 0 0 0 0 1 182 15 471 
-1898 242 270 563 616 -58 0 0 0 0 1 181 12 463 
-1880 183 335 549 598 -85 0 0 0 0 1 191 14 479 
-1848 101 400 496 593 -110 0 0 0 0 1 191 19 467 
-1778 19 465 460 574 -115 0 0 0 0 1 189 11 466 
-1748 -16 485 437 451 -136 0 0 0 0 1 185 6 471 
-1724 -49 465 451 329 -164 0 0 0 0 1 191 24 467 
-1693 -69 448 520 147 -212 0 0 0 0 1 189 11 462 
-1652 -108 387 598 57 -251 0 0 0 0 1 188 12 472 
-1666 -156 347 739 2 -337 0 0 0 0 1 202 14 470 
-1699 -226 314 848 28 -413 0 0 0 0 1 199 20 471 
-1757 -269 312 1017 135 -563 0 0 0 0 1 188 14 463 
-1824 -325 309 1126 209 -678 0 0 0 0 1 184 24 456 
-1858 -370 317 1285 255 -837 0 0 0 0 1 193 19 458 
-1841 -374 322 1420 194 -942 0 0 0 0 1 194 15 457 
-1777 -387 348 1485 105 -963 0 0 0 0 1 193 9 449 
-1774 -382 372 1551 -58 -973 0 0 0 0 1 195 12 460 
-1832 -344 365 1567 -216 -982 0 0 0 0 1 192 18 455 
-1970 -291 324 1546 -328 -991 0 0 0 0 1 193 19 453 
-2064 -277 246 1459 -563 -984 0 0 0 0 1 197 18 455 
-2112 -266 140 1362 -721 -949 0 0 0 0 1 189 18 448 
-2117 -292 85 1184 -855 -869 0 0 0 0 1 192 18 464 
-2124 -344 22 1000 -852 -762 0 0 0 0 1 192 15 464 
-2130 -363 -28 900 -863 -694 0 0 0 0 1 188 14 463 
-3027 614 -3067 -1808 270 1353 0 0 0 0 1 149 18 497 
-3002 469 -3111 -1960 233 1361 0 0 0 0 1 148 -4 512 
-3134 388 -3135 -2024 59 1323 0 0 0 0 1 154 1 513 
-3495 71 -3395 -1852 -473 1260 0 0 0 0 1 168 1 508 
-3520 -138 -3573 -1595 -750 1288 0 0 0 0 1 149 -11 506 
-3625 -387 -3827 -911 -987 1331 0 0 0 0 1 151 4 516 
-4109 -978 -4441 -226 -1004 1285 0 0 0 0 1 159 11 520 
-4622 -1284 -4790 1084 -427 958 0 0 0 0 1 149 6 520 
-10587 -18055 221 -24156 7754 -2939 0 0 0 0 1 258 -20 296 
-11410 -19669 -821 -26488 6278 -958 0 0 0 0 1 255 -18 220 
-12610 -20634 -2578 -28491 2822 2928 0 0 0 0 1 239 18 206 
-15482 -19969 -5259 -29270 1910 5021 0 0 0 0 1 232 52 199 
-18002 -19192 -6798 -29408 3776 6228 0 0 0 0 1 226 105 216 
-17933 -19273 -7371 -27857 3631 7250 0 0 0 0 1 212 139 244 
-13767 -18164 -6443 -26007 1461 8725 0 0 0 0 1 194 165 280 
-11867 -18276 -5927 -21960 -62 10861 0 0 0 0 1 192 175 329 
-9548 -18117 -4675 -16655 1260 11075 0 0 0 0 1 135 182 413 
-6623 -17314 -2339 -12760 2104 10411 0 0 0 0 1 121 187 445 
-4565 -16119 -889 -7097 2417 8867 0 0 0 0 1 113 188 458 
-2975 -14308 1702 -4106 2414 7512 0 0 0 0 1 100 202 469 
-2328 -12955 3398 -1120 1913 5304 0 0 0 0 1 82 206 460 
-2347 -11907 3964 308 971 3149 0 0 0 0 1 86 212 466 
-2445 -10342 4253 649 180 1900 0 0 0 0 1 75 210 467 
-2404 -9337 4099 647 -967 472 0 0 0 0 1 82 210 470 
-2190 -7947 3657 500 -1427 -160 0 0 0 0 1 73 208 467 
-2028 -7102 3336 328 -1643 -758 0 0 0 0 1 66 218 465 
-1963 -5905 2873 410 -1493 -1250 0 0 0 0 1 71 217 480 
-2056 -4668 2493 638 -1414 -1629 0 0 0 0 1 70 213 486 
-2108 -3873 2306 1131 -1470 -2255 0 0 0 0 1 80 218 477 
-2120 -2878 2144 1486 -1530 -2679 0 0 0 0 1 76 212 471 
-2175 -2284 1955 1987 -1612 -3277 0 0 0 0 1 74 202 471 
-2321 -1566 1569 2441 -1603 -3754 0 0 0 0 1 92 218 477 
-2474 -926 1214 2692 -1463 -3962 0 0 0 0 1 88 204 476 
-2566 -585 1100 2967 -1197 -4069 0 0 0 0 1 106 206 458 
-3260 51 674 3285 -1604 -3948 0 0 0 0 1 127 208 447 
-3419 181 457 3383 -1981 -3844 0 0 0 0 1 129 198 440 
-3441 290 375 3412 -2138 -3775 0 0 0 0 1 141 203 449 
-3419 397 304 3390 -2056 -3759 0 0 0 0 1 145 202 434 
-3440 413 164 3359 -1973 -3742 0 0 0 0 1 152 195 422 
-3552 411 -66 3327 -2073 -3734 0 0 0 0 1 158 188 428 
-3574 377 -118 3297 -2170 -3725 0 0 0 0 1 165 191 428 
-3540 349 -175 3249 -2347 -3695 0 0 0 0 1 181 176 435 
-3331 345 -242 3238 -2446 -3646 0 0 0 0 1 172 181 421 
-3009 504 -385 3304 -2498 -3560 0 0 0 0 1 187 170 415 
-2900 607 -696 3593 -2595 -3566 0 0 0 0 1 186 169 426 
-2921 595 -989 3929 -2726 -3646 0 0 0 0 1 192 158 427 
-3004 540 -1259 4570 -2879 -3862 0 0 0 0 1 199 148 417 
-3104 311 -1509 5204 -2855 -4099 0 0 0 0 1 204 136 417 
-3098 -10 -1685 5572 -2747 -4208 0 0 0 0 1 195 142 409 
-3036 -160 -1734 5965 -2298 -4254 0 0 0 0 1 204 136 424 
-2811 -424 -1730 6191 -1759 -4159 0 0 0 0 1 209 117 402 
-2672 -476 -1812 6307 -1593 -4065 0 0 0 0 1 219 125 409 
-2746 -545 -1922 6510 -1821 -4019 0 0 0 0 1 213 106 396 
-2974 -775 -2244 6785 -2549 -4102 0 0 0 0 1 224 107 405 
-2958 -957 -2416 6999 -3068 -4180 0 0 0 0 1 221 88 398 
-3050 -1172 -2523 7306 -3567 -4322 0 0 0 0 1 219 85 405 
-3174 -1546 -2719 7591 -3716 -4459 0 0 0 0 1 214 85 402 
-3163 -1704 -2704 7717 -3531 -4517 0 0 0 0 1 211 62 413 
-3057 -1876 -2618 7798 -2903 -4486 0 0 0 0 1 218 60 420 
-3055 -2093 -2681 7858 -2554 -4426 0 0 0 0 1 220 57 422 
-3679 -2129 -3024 8091 -2422 -4568 0 0 0 0 1 213 60 424 
-3888 -2095 -3234 8448 -2596 -4919 0 0 0 0 1 214 49 416 
-4015 -2150 -3212 8655 -2978 -5111 0 0 0 0 1 211 38 429 
-4121 -2301 -3234 8789 -4159 -5234 0 0 0 0 1 209 41 440 
-4318 -2440 -3136 8634 -4991 -5359 0 0 0 0 1 197 50 450 
-4740 -2456 -3343 8429 -4801 -5473 0 0 0 0 1 195 49 453 
-4738 -2397 -3608 8087 -3063 -5409 0 0 0 0 1 189 33 459 
-4718 -2257 -3831 7879 -1279 -5158 0 0 0 0 1 191 46 453 
-4602 -2062 -4010 7679 985 -4497 0 0 0 0 1 181 56 456 
-4529 -1863 -4054 7591 1725 -3780 0 0 0 0 1 188 49 440 
-4490 -1730 -4125 7402 354 -3039 0 0 0 0 1 201 60 431 
-4231 -1708 -3852 7048 -915 -2564 0 0 0 0 1 197 55 429 
-4486 -1510 -3980 6073 -2543 -1955 0 0 0 0 1 197 57 422 
-4557 -1288 -3929 5179 -2354 -1635 0 0 0 0 1 195 68 428 
-4604 -1162 -3830 4564 -1621 -1444 0 0 0 0 1 194 72 434 
-4395 -930 -3772 3462 64 -1075 0 0 0 0 1 187 74 429 
-4106 -784 -3689 3050 491 -905 0 0 0 0 1 189 82 420 
-3836 -681 -3730 2556 210 -652 0 0 0 0 1 197 72 415 
-3317 -487 -3492 2003 -444 -413 0 0 0 0 1 206 74 401 
-3196 -375 -3381 1576 -787 -283 0 0 0 0 1 198 73 409 
-3107 -240 -3288 922 -1088 -143 0 0 0 0 1 192 82 413 
-3018 -51 -3203 536 -1121 -88 0 0 0 0 1 195 83 412 
-3146 56 -3148 53 -948 -95 0 0 0 0 1 197 82 410 
-3129 118 -3113 -417 -593 -102 0 0 0 0 1 195 73 409 
-2989 187 -3067 -728 -401 -52 0 0 0 0 1 199 74 422 
-2885 191 -3019 -1163 -248 113 0 0 0 0 1 192 79 420 
-2736 180 -2984 -1522 -266 333 0 0 0 0 1 198 80 416 
-2717 168 -2973 -1710 -292 471 0 0 0 0 1 199 77 434 
-2732 103 -2958 -1930 -294 629 0 0 0 0 1 200 66 423 
-2839 -34 -2922 -2061 -264 691 0 0 0 0 1 191 78 433 
-2880 -106 -2904 -2256 -160 748 0 0 0 0 1 182 72 434 
-2917 -295 -2832 -2480 -28 812 0 0 0 0 1 186 61 449 
-2855 -405 -2731 -2760 146 915 0 0 0 0 1 181 71 447 
-2749 -622 -2681 -3032 197 1048 0 0 0 0 1 178 65 448 
-2733 -737 -2717 -2263 347 1410 0 0 0 0 1 182 40 485 
-2648 -1767 -4194 -1552 32 1480 0 0 0 0 1 180 25 476 
-2941 -2255 -4575 -973 -281 1516 0 0 0 0 1 180 30 485 
-3327 -2738 -4890 90 -600 1508 0 0 0 0 1 178 33 490 
-4668 -4640 -5523 1958 1479 1256 0 0 0 0 1 187 35 480 
-5673 -6082 -5535 2423 4495 981 0 0 0 0 1 187 50 471 
-6938 -7490 -5317 1851 7058 375 0 0 0 0 1 204 60 457 
-8338 -9792 -3679 412 7687 -264 0 0 0 0 1 226 71 395 
-8282 -12491 -1881 -5965 6494 -1309 0 0 0 0 1 231 61 395 
-9378 -13696 -572 -13286 6744 -2459 0 0 0 0 1 245 26 358 
-11288 -14681 -864 -18003 7505 -3155 0 0 0 0 1 253 8 331 
-11684 -15741 -1337 -23296 8739 -2682 0 0 0 0 1 255 1 292 
-11687 -17830 -1946 -25734 7686 -894 0 0 0 0 1 254 7 253 
-11737 -18860 -2915 -28052 2988 3797 0 0 0 0 1 253 20 233 
-14375 -17521 -5569 -28681 635 6827 0 0 0 0 1 240 51 228 
-16656 -16917 -7660 -28175 2271 9339 0 0 0 0 1 227 96 252 
-16331 -18048 -7043 -26332 4933 9795 0 0 0 0 1 219 130 267 
-14051 -18092 -4537 -24675 3561 9909 0 0 0 0 1 184 166 339 
-10470 -17798 -2214 -20461 440 10000 0 0 0 0 1 154 172 380 
-8585 -17055 -1840 -13810 -39 8575 0 0 0 0 1 155 181 402 
-5304 -15555 -497 -9235 387 7274 0 0 0 0 1 145 172 434 
-3042 -14929 1087 -3792 726 6128 0 0 0 0 1 119 170 450 
-1306 -13878 2996 -1282 896 5603 0 0 0 0 1 120 181 456 
-1392 -12999 3710 1154 1216 4120 0 0 0 0 1 109 197 450 
-2421 -10882 4284 2315 1014 1942 0 0 0 0 1 106 210 458 
-2676 -9858 4305 2463 482 569 0 0 0 0 1 100 222 450 
-2625 -8858 4158 2006 -396 -867 0 0 0 0 1 114 219 450 
-2291 -7537 3947 1443 -846 -1388 0 0 0 0 1 112 217 448 
-2273 -6213 3463 705 -1452 -1892 0 0 0 0 1 108 215 447 
-2469 -5310 3002 430 -1893 -2494 0 0 0 0 1 110 210 444 
-2866 -4008 2331 534 -2052 -2998 0 0 0 0 1 108 208 444 
-3043 -3249 1903 1029 -2109 -3736 0 0 0 0 1 125 201 444 
-3153 -2357 1396 1496 -2007 -4120 0 0 0 0 1 130 199 457 
-3175 -1874 1137 2248 -1770 -4483 0 0 0 0 1 135 192 459 
-3515 -1124 663 2735 -1736 -4608 0 0 0 0 1 143 188 449 
-3603 -1007 575 3369 -1717 -4657 0 0 0 0 1 155 181 444 
-3850 -701 354 3851 -1548 -4602 0 0 0 0 1 163 170 441 
-4006 -396 126 4108 -1468 -4547 0 0 0 0 1 167 171 435 
-4001 -217 -50 4443 -1541 -4447 0 0 0 0 1 172 161 428 
-4049 63 -308 4663 -1695 -4414 0 0 0 0 1 181 147 437 
-4154 209 -599 4979 -2131 -4451 0 0 0 0 1 186 144 419 
-4135 182 -896 5357 -2724 -4506 0 0 0 0 1 202 147 414 
-4083 164 -1550 5621 -2930 -4539 0 0 0 0 1 199 133 420 
-3935 89 -1812 6000 -2816 -4504 0 0 0 0 1 202 127 419 
-3764 53 -1980 6308 -2381 -4337 0 0 0 0 1 206 114 415 
-3679 -92 -2139 6450 -2106 -4201 0 0 0 0 1 208 118 417 
-3700 -19 -2284 6558 -1812 -4065 0 0 0 0 1 213 101 413 
-3663 158 -2598 6618 -1964 -3944 0 0 0 0 1 226 105 405 
-3420 13 -2863 6642 -2395 -3813 0 0 0 0 1 221 88 400 
-3268 -154 -3012 6659 -3155 -3612 0 0 0 0 1 215 84 403 
-3153 -648 -3170 6652 -3526 -3481 0 0 0 0 1 219 76 407 
-3087 -907 -3147 6599 -3397 -3446 0 0 0 0 1 222 82 417 
-2958 -1091 -3101 6464 -2813 -3422 0 0 0 0 1 227 72 417 
-2808 -1062 -3295 6438 -2453 -3470 0 0 0 0 1 219 66 419 
-2817 -784 -3371 6521 -2076 -3723 0 0 0 0 1 211 62 424 
-2964 -758 -3436 6705 -2264 -4170 0 0 0 0 1 208 65 431 
-3362 -552 -3667 6869 -2651 -4537 0 0 0 0 1 207 58 428 
-3360 -581 -3661 7049 -3025 -4874 0 0 0 0 1 205 46 426 
-3211 -669 -3685 7274 -2882 -4785 0 0 0 0 1 193 44 442 
-3109 -741 -3727 7514 -2506 -4562 0 0 0 0 1 188 44 440 
-3111 -726 -3449 7855 -1688 -4192 0 0 0 0 1 197 38 450 
-3190 -700 -3206 7902 -1415 -3924 0 0 0 0 1 202 36 437 
-3419 -686 -2919 7681 -1674 -3853 0 0 0 0 1 206 45 438 
-3545 -749 -2687 6909 -2193 -3857 0 0 0 0 1 198 49 449 
-3915 -595 -3014 6033 -2488 -3914 0 0 0 0 1 193 46 444 
-3988 -522 -3321 5585 -2410 -3868 0 0 0 0 1 187 38 448 
-3999 -386 -3699 5368 -1815 -3613 0 0 0 0 1 181 51 437 
-3913 -309 -3779 5529 -1227 -3203 0 0 0 0 1 197 60 450 
-4031 -152 -3567 5602 -1683 -2922 0 0 0 0 1 184 58 451 
-4046 29 -3315 5237 -2603 -2599 0 0 0 0 1 184 53 458 
-4250 7 -3005 4388 -2548 -2393 0 0 0 0 1 175 47 459 
-4191 75 -3156 3797 -1938 -2257 0 0 0 0 1 182 62 462 
-4036 68 -3186 3050 -765 -1971 0 0 0 0 1 176 53 458 
-3416 458 -2390 -1836 377 1249 0 0 0 0 1 162 46 481 
-3299 115 -3494 -1820 589 1299 0 0 0 0 1 174 41 491 
-3248 -38 -3681 -1769 915 1379 0 0 0 0 1 162 36 493 
-3052 -297 -3902 -1732 1209 1513 0 0 0 0 1 167 44 477 
-2774 -616 -4136 -1722 1320 1622 0 0 0 0 1 166 42 480 
-2768 -931 -4333 -1653 1106 1743 0 0 0 0 1 174 44 484 
-2953 -1376 -4692 -1544 670 1766 0 0 0 0 1 168 45 490 
-3141 -1772 -4907 -1271 -37 1722 0 0 0 0 1 171 55 480 
-3575 -2557 -5314 -775 -428 1597 0 0 0 0 1 163 42 480 
-4095 -3258 -5688 -138 16 1358 0 0 0 0 1 168 52 485 
-4698 -4096 -5936 250 926 1151 0 0 0 0 1 158 51 484 
-4896 -4676 -5769 388 2864 829 0 0 0 0 1 169 58 479 
-5882 -5989 -5327 95 3937 502 0 0 0 0 1 169 78 484 
-17206 -17926 -6302 -25730 3550 10749 0 0 0 0 1 233 85 267 
-14825 -17438 -7724 -22717 3929 11735 0 0 0 0 1 221 134 274 
-13403 -17644 -6370 -20412 5309 11267 0 0 0 0 1 194 158 306 
-12055 -17676 -3967 -17387 4732 9796 0 0 0 0 1 182 182 329 
-8487 -16353 -667 -14114 2885 8285 0 0 0 0 1 163 190 359 
-6556 -15713 410 -11678 2353 7402 0 0 0 0 1 152 204 375 
-4586 -14944 1539 -7905 1603 6198 0 0 0 0 1 123 197 415 
-3042 -13347 2559 -5470 1067 5138 0 0 0 0 1 121 195 427 
-2395 -12511 3268 -2531 374 3407 0 0 0 0 1 115 198 442 
-2120 -10907 3567 -586 -347 1882 0 0 0 0 1 107 214 450 
-2150 -9627 3222 285 -446 1124 0 0 0 0 1 115 218 453 
-2125 -8898 3056 1085 -145 348 0 0 0 0 1 110 206 447 
-2002 -7636 3132 1401 -167 -253 0 0 0 0 1 110 215 444 
-1876 -6443 3215 1438 -496 -676 0 0 0 0 1 99 210 449 
-1883 -5696 3203 1402 -1089 -1429 0 0 0 0 1 112 195 445 
-2030 -4646 2937 1430 -1630 -2280 0 0 0 0 1 119 212 441 
-2331 -3637 2346 1558 -1955 -2827 0 0 0 0 1 114 209 443 
-2450 -3153 1936 1915 -2347 -3446 0 0 0 0 1 126 222 448 
-2615 -2532 1483 2219 -2573 -3690 0 0 0 0 1 133 202 448 
-2690 -2263 1150 2802 -2754 -3816 0 0 0 0 1 129 193 451 
-2749 -1985 687 3479 -2319 -3849 0 0 0 0 1 136 208 430 
-2968 -1690 299 3947 -1890 -3902 0 0 0 0 1 140 190 438 
-3127 -1492 126 4583 -1476 -4087 0 0 0 0 1 155 193 426 
-3404 -1220 -3 4919 -1506 -4296 0 0 0 0 1 165 191 426 
-3579 -1129 -112 5279 -1868 -4659 0 0 0 0 1 171 182 422 
-3597 -1102 -233 5519 -2355 -4987 0 0 0 0 1 184 169 414 
-3866 -1160 -595 5653 -2689 -5175 0 0 0 0 1 186 166 400 
-3962 -1277 -889 5803 -2894 -5315 0 0 0 0 1 198 166 393 
-4017 -1281 -1209 5919 -2974 -5267 0 0 0 0 1 209 139 393 
-3962 -1072 -1770 6016 -3167 -5060 0 0 0 0 1 208 150 396 
-4121 -909 -2230 6098 -3337 -4944 0 0 0 0 1 219 127 400 
-4538 -944 -2685 6358 -3340 -4935 0 0 0 0 1 222 111 399 
-4795 -936 -2873 6767 -2929 -5125 0 0 0 0 1 219 103 400 
-5008 -979 -2922 7038 -2775 -5283 0 0 0 0 1 222 89 401 
-4834 -1157 -2647 7229 -2860 -5411 0 0 0 0 1 231 80 414 
-4391 -1318 -2465 7081 -3029 -5244 0 0 0 0 1 220 74 408 
-3919 -1445 -2650 6892 -3333 -5020 0 0 0 0 1 228 49 407 
-3945 -1511 -2930 6869 -3573 -5006 0 0 0 0 1 218 30 413 
-4119 -1595 -3332 7129 -3661 -5265 0 0 0 0 1 217 31 426 
-4553 -1546 -4067 7541 -3331 -5619 0 0 0 0 1 206 23 434 
-4842 -1519 -4482 8470 -2193 -6212 0 0 0 0 1 218 20 448 
-4744 -1574 -4359 9534 -564 -6568 0 0 0 0 1 213 8 441 
-4549 -1670 -3886 10269 536 -6465 0 0 0 0 1 213 20 443 
-4123 -1898 -3180 10359 99 -6136 0 0 0 0 1 213 11 441 
-3673 -2073 -2646 9754 -1408 -5487 0 0 0 0 1 198 2 447 
-3537 -2349 -2403 8988 -2264 -5107 0 0 0 0 1 197 13 445 
-3512 -2510 -2391 7517 -2604 -4600 0 0 0 0 1 198 9 449 
-3893 -2616 -2880 6280 -1683 -4243 0 0 0 0 1 201 6 457 
-3992 -2538 -3672 5705 -54 -3878 0 0 0 0 1 186 17 458 
-4053 -2546 -3662 5650 833 -3624 0 0 0 0 1 197 18 452 
-3929 -2458 -3676 5732 199 -3100 0 0 0 0 1 188 9 451 
-3769 -2207 -3339 5602 -1198 -2764 0 0 0 0 1 185 25 450 
-3885 -2121 -3131 4960 -3061 -2444 0 0 0 0 1 186 14 456 
-4124 -1853 -3157 4021 -3353 -2273 0 0 0 0 1 184 22 467 
-4476 -1735 -3304 3415 -2696 -2215 0 0 0 0 1 179 22 477 
-4835 -1562 -3523 2722 -1236 -2168 0 0 0 0 1 169 19 472 
-4911 -1459 -3632 2329 -247 -2040 0 0 0 0 1 167 29 470 
-4809 -1174 -3698 2174 -107 -1839 0 0 0 0 1 181 22 477 
-4592 -986 -3616 1944 -271 -1308 0 0 0 0 1 179 7 472 
-4077 -561 -3390 1585 -425 -601 0 0 0 0 1 168 30 464 
-3908 -426 -3264 1257 -443 -139 0 0 0 0 1 174 9 458 
-3776 -292 -3138 666 -347 402 0 0 0 0 1 169 34 465 
-3706 -162 -3068 273 -200 611 0 0 0 0 1 172 39 470 
-3647 -95 -3012 -244 233 703 0 0 0 0 1 176 29 465 
-3548 -75 -2978 -607 637 640 0 0 0 0 1 176 29 470 
-3458 -77 -2965 -763 709 591 0 0 0 0 1 175 35 464 
-3313 -117 -2916 -947 586 611 0 0 0 0 1 173 30 462 
-2801 -1125 -3034 -2787 921 1788 0 0 0 0 1 185 25 480 
-2742 -1261 -3235 -2793 774 1851 0 0 0 0 1 186 12 474 
-2760 -1369 -3418 -2690 569 1873 0 0 0 0 1 175 23 480 
-7100 -8818 -6129 733 2816 1301 0 0 0 0 1 218 45 429 
-8604 -11534 -5894 -262 7380 819 0 0 0 0 1 226 58 407 
-11552 -13899 -4430 -4146 10746 -853 0 0 0 0 1 224 58 370 
-12612 -15004 -2088 -11858 10581 -3901 0 0 0 0 1 253 33 331 
-12205 -15999 -665 -20219 9626 -5514 0 0 0 0 1 247 24 295 
-11188 -18136 -1578 -24422 8998 -4602 0 0 0 0 1 261 4 232 
-12007 -20346 -2744 -28751 4453 -891 0 0 0 0 1 247 12 195 
-13061 -19540 -4253 -31072 -1989 4712 0 0 0 0 1 243 41 204 
-15426 -16390 -7583 -31365 -3074 8134 0 0 0 0 1 234 84 238 
-16847 -16450 -8919 -29741 -731 10877 0 0 0 0 1 220 128 273 
-16222 -16561 -8670 -25984 206 11845 0 0 0 0 1 168 165 373 
-11510 -17369 -6026 -21088 616 12689 0 0 0 0 1 151 164 414 
-10400 -16535 -5122 -16989 942 11710 0 0 0 0 1 129 159 451 
-2010 -7155 2283 2058 -406 -1189 0 0 0 0 1 104 182 483 
-2066 -6158 2357 1981 -409 -1816 0 0 0 0 1 100 187 485 
-2275 -5447 2409 2118 -721 -2740 0 0 0 0 1 101 183 477 
-2622 -4476 2303 2311 -1230 -3393 0 0 0 0 1 108 183 479 
-3158 -3483 1702 3028 -2360 -4716 0 0 0 0 1 123 187 473 
-3507 -3034 1150 3382 -2283 -5062 0 0 0 0 1 126 190 473 
-3629 -2767 815 3998 -1668 -5340 0 0 0 0 1 132 186 472 
-3706 -2412 348 4478 -1240 -5398 0 0 0 0 1 146 179 451 
-3818 -2176 103 5241 -920 -5439 0 0 0 0 1 161 175 445 
-4089 -1869 -230 6007 -896 -5593 0 0 0 0 1 173 168 438 
-4479 -1745 -320 6457 -996 -5779 0 0 0 0 1 179 176 421 
-4744 -1734 -327 6973 -1702 -6108 0 0 0 0 1 181 152 416 
-4965 -1941 -417 7241 -2766 -6376 0 0 0 0 1 200 147 409 
-4972 -2360 -559 7301 -3319 -6470 0 0 0 0 1 209 130 414 
-5064 -2534 -902 7304 -3529 -6528 0 0 0 0 1 217 112 405 
-5226 -2629 -1946 7420 -3195 -6489 0 0 0 0 1 228 100 402 
-5275 -2684 -2538 7683 -2798 -6381 0 0 0 0 1 215 82 403 
-5614 -2695 -3254 8493 -2144 -6264 0 0 0 0 1 224 78 405 
-6083 -2747 -4000 9256 -1688 -6206 0 0 0 0 1 239 67 410 
-5843 -3057 -3970 10382 -1626 -5951 0 0 0 0 1 232 45 389 
-5585 -3292 -3801 11045 -2653 -5630 0 0 0 0 1 239 33 401 
-4903 -3867 -2983 10965 -3456 -5364 0 0 0 0 1 227 30 406 
-4797 -4193 -2834 10632 -3691 -5247 0 0 0 0 1 227 18 422 
-4895 -4440 -3013 10106 -3626 -5224 0 0 0 0 1 230 23 431 
-5078 -4758 -3903 9945 -2738 -5284 0 0 0 0 1 221 14 426 
-5484 -4948 -4426 10178 -1800 -5387 0 0 0 0 1 206 8 436 
-5753 -4973 -4736 10847 -619 -5478 0 0 0 0 1 209 24 444 
-5264 -5020 -4258 11159 -685 -5250 0 0 0 0 1 219 22 442 
-4992 -4957 -4092 11024 -2673 -4458 0 0 0 0 1 215 25 445 
-4151 -5013 -3274 9701 -4620 -3241 0 0 0 0 1 193 26 442 
-4003 -5032 -2701 8371 -5029 -2491 0 0 0 0 1 186 34 456 
-4356 -4840 -2726 6321 -4468 -1915 0 0 0 0 1 172 49 465 
-5385 -4198 -3155 4697 -3569 -2159 0 0 0 0 1 171 67 478 
-5827 -3866 -3361 3937 -3143 -2737 0 0 0 0 1 166 65 485 
-6161 -3541 -3610 3126 -3005 -4206 0 0 0 0 1 153 61 493 
-6254 -3072 -3779 2903 -3547 -4668 0 0 0 0 1 155 53 481 
-5887 -2856 -3745 2462 -4266 -4457 0 0 0 0 1 143 44 505 
-5407 -2254 -3543 1835 -3825 -3386 0 0 0 0 1 138 45 508 
-5522 -1454 -3589 1439 -2811 -2579 0 0 0 0 1 139 51 523 
-5507 -1017 -3324 943 -947 -1631 0 0 0 0 1 129 34 512 
-5416 -411 -2935 712 -265 -1299 0 0 0 0 1 142 50 513 
-5328 -69 -2676 548 -111 -1204 0 0 0 0 1 123 40 506 
-3259 565 -2075 676 711 -68 0 0 0 0 1 145 69 490 
-3184 338 -1949 -172 172 178 0 0 0 0 1 143 53 505 
-3214 155 -2054 -748 -84 345 0 0 0 0 1 153 56 500 
-3321 14 -2226 -1454 -174 557 0 0 0 0 1 152 60 501 
-3437 -190 -2468 -1923 39 738 0 0 0 0 1 140 57 499 
-3730 -1511 -3062 1517 5917 1497 0 0 0 0 1 193 -4 486 
-8754 -12064 -6473 1435 7727 2163 0 0 0 0 1 211 -18 462 
-9570 -14842 -5490 -437 8881 2553 0 0 0 0 1 224 24 407 
-10903 -16234 -1611 -11151 11496 1361 0 0 0 0 1 239 11 357 
-11619 -17089 -717 -17940 11483 -382 0 0 0 0 1 251 1 322 
-12187 -18664 -1607 -24988 9723 -1586 0 0 0 0 1 258 -1 275 
-12201 -22313 -4090 -27227 7751 -270 0 0 0 0 1 245 -2 242 
-12985 -22243 -5812 -29090 3897 3344 0 0 0 0 1 240 24 221 
-14486 -20825 -7102 -30470 2904 5835 0 0 0 0 1 228 103 207 
-15103 -19916 -8151 -30445 2849 6781 0 0 0 0 1 215 133 238 
-13221 -19271 -5721 -29571 1385 7583 0 0 0 0 1 205 154 293 
-11269 -18499 -4046 -25491 -2607 8731 0 0 0 0 1 182 160 352 
-9245 -16642 -4767 -19953 -3790 7916 0 0 0 0 1 160 154 398 
-6726 -15604 -4339 -10480 -1970 5735 0 0 0 0 1 141 152 440 
-2231 -15482 -2014 -3549 -182 5797 0 0 0 0 1 143 142 453 
-537 -14415 1146 -763 623 6228 0 0 0 0 1 126 168 478 
-1179 -13579 2420 1861 1402 5100 0 0 0 0 1 102 180 462 
-2786 -10806 4091 2986 1138 2318 0 0 0 0 1 117 183 465 
-2841 -10145 4140 3066 371 721 0 0 0 0 1 113 198 460 
-2670 -8637 3774 2596 -724 -550 0 0 0 0 1 119 197 450 
-2325 -7237 3391 2150 -1263 -856 0 0 0 0 1 115 208 456 
-2246 -6293 3012 1689 -1680 -1153 0 0 0 0 1 114 202 459 
-2506 -4859 2453 1597 -1612 -1725 0 0 0 0 1 125 203 453 
-2749 -3693 2053 1678 -1578 -2214 0 0 0 0 1 129 203 460 
-2810 -3041 1891 1856 -1686 -2913 0 0 0 0 1 128 195 455 
-2766 -2179 1481 1976 -1832 -3263 0 0 0 0 1 125 215 451 
-2851 -1617 1085 2176 -1990 -3638 0 0 0 0 1 135 199 445 
-3331 -891 438 2408 -1718 -3825 0 0 0 0 1 143 188 440 
-3375 -436 96 2549 -1290 -3718 0 0 0 0 1 156 185 457 
-3322 -239 -80 2760 -842 -3333 0 0 0 0 1 163 177 434 
-3422 192 -112 2935 -797 -3050 0 0 0 0 1 160 188 442 
-3533 458 -18 2994 -1065 -3016 0 0 0 0 1 160 174 430 
-3601 674 -55 2946 -1980 -3112 0 0 0 0 1 172 169 426 
-3432 935 -186 2831 -2663 -3178 0 0 0 0 1 173 163 434 
-3225 1023 -371 2602 -3256 -3237 0 0 0 0 1 185 158 427 
-3139 961 -655 2427 -3034 -3326 0 0 0 0 1 169 147 433 
-2919 1008 -959 2406 -2582 -3384 0 0 0 0 1 184 159 433 
-2730 1038 -1088 2586 -2034 -3483 0 0 0 0 1 175 133 436 
-2531 1151 -1223 2846 -1839 -3605 0 0 0 0 1 185 133 441 
-2455 1415 -1345 3398 -1914 -3854 0 0 0 0 1 194 118 445 
-2576 1459 -1419 3991 -2359 -4182 0 0 0 0 1 185 123 443 
-2784 1496 -1550 4334 -2627 -4449 0 0 0 0 1 198 117 456 
-2964 1412 -1683 4677 -2470 -4788 0 0 0 0 1 201 106 448 
-2996 1083 -1668 4746 -1836 -4847 0 0 0 0 1 204 87 441 
-2745 846 -1682 4758 -776 -4612 0 0 0 0 1 211 84 436 
-2597 943 -1858 4910 -292 -4301 0 0 0 0 1 206 72 438 
-2344 1019 -1830 5103 -292 -4229 0 0 0 0 1 212 68 435 
-2291 1005 -1784 5412 -926 -4406 0 0 0 0 1 215 62 422 
-2274 883 -1725 5544 -1679 -4677 0 0 0 0 1 214 49 437 
-2302 663 -1750 5601 -2699 -5170 0 0 0 0 1 214 51 437 
-2482 344 -1843 5551 -3153 -5673 0 0 0 0 1 213 38 441 
-2736 96 -2117 5540 -3034 -5937 0 0 0 0 1 204 18 452 
-2914 53 -2278 5574 -2001 -5996 0 0 0 0 1 206 -3 450 
-3190 40 -2399 5702 -1010 -5569 0 0 0 0 1 205 9 451 
-3124 195 -2478 5847 -889 -5096 0 0 0 0 1 198 2 460 
-2999 222 -2432 6091 -1114 -4392 0 0 0 0 1 191 -14 465 
-2991 196 -2331 6282 -1171 -4106 0 0 0 0 1 188 -12 474 
-3224 239 -2312 6638 -1142 -4043 0 0 0 0 1 179 -4 470 
-3470 359 -2334 6993 -1458 -4381 0 0 0 0 1 181 0 474 
-3955 516 -2396 7094 -1821 -4741 0 0 0 0 1 174 -2 486 
-4253 630 -2442 6885 -2135 -5134 0 0 0 0 1 162 4 479 
-4130 575 -2661 6558 -2053 -5051 0 0 0 0 1 169 -2 495 
-3948 506 -2680 5954 -1413 -4431 0 0 0 0 1 174 4 484 
-3710 561 -2802 5513 -741 -3550 0 0 0 0 1 153 9 488 
-3744 722 -2677 5325 -751 -3008 0 0 0 0 1 149 6 490 
-4086 888 -2810 5062 -1727 -2484 0 0 0 0 1 169 22 491 
-4323 988 -2718 4794 -2208 -2336 0 0 0 0 1 149 33 494 
-4606 1234 -2988 4454 -2345 -2384 0 0 0 0 1 145 30 497 
-4476 1355 -3140 4255 -1950 -2494 0 0 0 0 1 147 74 480 
-3420 1149 -2612 -1331 230 235 0 0 0 0 1 158 66 486 
-2939 122 -2657 -1624 253 120 0 0 0 0 1 201 57 438 
-4224 -4873 -4830 4249 4376 -557 0 0 0 0 1 206 67 427 
-3876 -6793 -3805 3609 1729 149 0 0 0 0 1 224 63 414 
-3713 -8112 -3409 1385 368 1204 0 0 0 0 1 218 82 399 
-4698 -10265 -2677 -853 1407 1703 0 0 0 0 1 219 76 400 
-6294 -11179 -2354 -4863 3196 1097 0 0 0 0 1 225 72 385 
-9627 -15175 -2002 -9498 4019 -766 0 0 0 0 1 228 71 391 
-10870 -17984 -4492 -15393 4611 7798 0 0 0 0 1 201 133 369 
-6442 -17025 62 -11827 4001 6177 0 0 0 0 1 195 152 395 
-2816 -14783 3376 -8028 1910 5222 0 0 0 0 1 191 142 388 
-1846 -13226 3974 -5065 -3 4622 0 0 0 0 1 176 157 412 
-1593 -11200 3216 -3073 -686 4189 0 0 0 0 1 172 159 416 
-2007 -10211 2660 -372 -123 3492 0 0 0 0 1 161 160 422 
-2944 -9059 2208 1260 800 2881 0 0 0 0 1 160 169 421 
-3073 -8121 3274 1453 1154 2628 0 0 0 0 1 152 185 417 
-2974 -7603 3989 846 939 2255 0 0 0 0 1 152 190 429 
-2392 -6744 4599 47 131 1687 0 0 0 0 1 146 201 423 
-1922 -5896 4403 -237 -543 1148 0 0 0 0 1 145 199 417 
-1869 -5315 3962 -123 -1371 157 0 0 0 0 1 140 192 427 
-1780 -4589 3325 231 -1661 -474 0 0 0 0 1 140 192 434 
-1665 -4167 2991 1013 -1639 -1238 0 0 0 0 1 136 203 435 
-1851 -3621 2377 1667 -1523 -1633 0 0 0 0 1 148 198 423 
-2035 -3302 2019 2700 -1352 -2070 0 0 0 0 1 142 199 424 
-2419 -2758 1716 3525 -1128 -2396 0 0 0 0 1 160 193 419 
-2590 -2505 1578 3892 -1003 -2608 0 0 0 0 1 159 192 415 
-2702 -2252 1481 4211 -844 -2932 0 0 0 0 1 165 198 395 
-2821 -1902 1241 4331 -927 -3150 0 0 0 0 1 169 193 402 
-2833 -1649 931 4492 -1317 -3439 0 0 0 0 1 179 188 384 
-2738 -1610 717 4734 -1741 -3643 0 0 0 0 1 187 175 387 
-2839 -1575 323 4968 -2057 -3798 0 0 0 0 1 191 179 386 
-2963 -1564 18 5415 -2656 -4073 0 0 0 0 1 197 177 378 
-3181 -1699 -501 5745 -2973 -4274 0 0 0 0 1 211 158 373 
-3444 -1821 -734 6125 -2789 -4623 0 0 0 0 1 215 145 364 
-3685 -1890 -1151 6430 -2247 -4853 0 0 0 0 1 221 142 360 
-3680 -2066 -1788 6806 -1984 -4869 0 0 0 0 1 219 117 374 
-3591 -2283 -2016 7093 -1933 -4792 0 0 0 0 1 237 104 364 
-3598 -2494 -2336 7672 -2204 -4753 0 0 0 0 1 250 100 349 
-3881 -2684 -2948 8497 -2965 -4989 0 0 0 0 1 241 67 355 
-4161 -2925 -3326 9094 -3619 -5263 0 0 0 0 1 253 47 359 
-4293 -3184 -3479 9978 -4351 -5764 0 0 0 0 1 240 46 365 
-4954 -3639 -3886 10587 -4386 -6198 0 0 0 0 1 244 25 387 
-4977 -3917 -4046 11391 -3234 -6728 0 0 0 0 1 238 7 388 
-4785 -3899 -4001 11710 -1023 -6719 0 0 0 0 1 235 12 393 
-4189 -4009 -3901 11601 323 -6256 0 0 0 0 1 244 -11 392 
-3683 -4201 -3766 11107 1489 -5087 0 0 0 0 1 228 -22 393 
-3352 -4383 -3817 10625 1548 -3991 0 0 0 0 1 230 -25 392 
-3533 -4457 -4166 10529 1077 -3458 0 0 0 0 1 227 -28 387 
-3563 -4555 -4386 10616 -703 -2834 0 0 0 0 1 226 -17 391 
-3754 -4512 -4677 10648 -2959 -2539 0 0 0 0 1 231 -12 388 
-4025 -4515 -4966 10477 -3812 -2509 0 0 0 0 1 225 -13 422 
-4312 -4352 -5088 9690 -3174 -2594 0 0 0 0 1 197 6 427 
-4359 -4123 -4914 8360 -674 -2472 0 0 0 0 1 208 3 441 
-4059 -3728 -4742 7408 789 -2260 0 0 0 0 1 199 18 424 
-4086 -3525 -4835 6222 1546 -2059 0 0 0 0 1 214 19 423 
-3695 -3203 -4619 5226 1166 -1878 0 0 0 0 1 214 24 398 
-3446 -3029 -4274 4615 110 -1723 0 0 0 0 1 217 22 400 
-3337 -2747 -4100 3611 -2182 -1387 0 0 0 0 1 201 20 410 
-3124 -2401 -3770 2857 -3313 -1057 0 0 0 0 1 201 15 410 
-3121 -2158 -3865 1845 -3989 -494 0 0 0 0 1 198 29 435 
-2870 -300 -2700 -1421 -2110 782 0 0 0 0 1 179 14 472 
-3089 -243 -2923 -1497 -1482 1002 0 0 0 0 1 161 8 480 
-3233 -290 -3020 -1490 -236 1114 0 0 0 0 1 169 12 479 
-3400 -364 -2986 -1472 388 1060 0 0 0 0 1 168 11 485 
-3491 -387 -2709 -1542 807 881 0 0 0 0 1 171 18 483 
-3465 -442 -2509 -1778 666 752 0 0 0 0 1 176 12 484 
-3377 -426 -2321 -2105 202 788 0 0 0 0 1 174 4 481 
-3265 -429 -2340 -2320 -92 924 0 0 0 0 1 166 3 478 
-3168 -435 -2382 -2568 -265 1260 0 0 0 0 1 178 8 487 
-3095 -1775 -4805 -534 883 2369 0 0 0 0 1 181 0 488 
-3554 -2254 -5134 545 1025 2337 0 0 0 0 1 187 13 480 
-4150 -3236 -5100 1187 1022 2252 0 0 0 0 1 252 19 356 
-9738 -17559 1246 -27743 5120 40 0 0 0 0 1 254 2 328 
-10504 -18716 -2244 -30106 -748 5581 0 0 0 0 1 246 6 296 
-11836 -17508 -3719 -30023 -4062 10189 0 0 0 0 1 248 23 306 
-14764 -16207 -5525 -28532 -3959 14634 0 0 0 0 1 233 71 339 
-14862 -17154 -6877 -25009 1575 15267 0 0 0 0 1 221 103 363 
-13058 -17505 -5375 -21884 2754 14027 0 0 0 0 1 199 123 392 
-11504 -15955 -3963 -15901 280 10616 0 0 0 0 1 180 126 415 
-6743 -15447 -2219 -11472 -207 8701 0 0 0 0 1 167 134 442 
-3537 -15425 -656 -5818 757 7324 0 0 0 0 1 141 132 470 
-946 -13869 1851 -1964 698 6362 0 0 0 0 1 140 145 478 
-486 -12362 3048 -145 205 5362 0 0 0 0 1 141 154 479 
-655 -11485 3034 1740 116 3402 0 0 0 0 1 121 172 483 
-1368 -9886 2794 2438 268 2067 0 0 0 0 1 129 169 472 
-1843 -8871 2670 2718 70 535 0 0 0 0 1 121 185 473 
-1969 -7416 2874 2248 -139 -217 0 0 0 0 1 117 186 456 
-1823 -6749 3087 1691 -120 -454 0 0 0 0 1 127 191 456 
-1677 -6072 3275 803 -255 -757 0 0 0 0 1 135 192 445 
-1616 -4706 3316 144 -744 -1235 0 0 0 0 1 121 195 455 
-1596 -4126 3171 -79 -1081 -1645 0 0 0 0 1 120 198 458 
-1602 -3570 2881 -25 -1523 -2306 0 0 0 0 1 132 183 463 
-1833 -2898 2440 229 -1722 -2745 0 0 0 0 1 133 172 466 
-2155 -2381 1905 891 -1789 -3320 0 0 0 0 1 147 168 464 
-2391 -2141 1564 1789 -1496 -3720 0 0 0 0 1 142 160 466 
-2694 -1844 1125 2454 -1065 -3892 0 0 0 0 1 146 157 467 
-2930 -1624 865 3472 -295 -4052 0 0 0 0 1 155 161 463 
-3141 -1297 576 4114 84 -4082 0 0 0 0 1 161 155 457 
-3129 -1193 557 4906 352 -3985 0 0 0 0 1 168 153 443 
-3135 -1093 490 5417 121 -3827 0 0 0 0 1 179 147 430 
-3121 -1115 457 5625 -214 -3732 0 0 0 0 1 191 161 442 
-2946 -1246 330 5836 -677 -3621 0 0 0 0 1 197 133 410 
-2810 -1374 25 5956 -918 -3599 0 0 0 0 1 197 148 403 
-2748 -1433 -211 6173 -1158 -3646 0 0 0 0 1 207 147 393 
-2774 -1578 -665 6375 -1359 -3739 0 0 0 0 1 212 122 388 
-2839 -1680 -901 6723 -1815 -3963 0 0 0 0 1 233 130 395 
-2949 -1931 -1147 7006 -2416 -4249 0 0 0 0 1 222 116 394 
-2977 -2429 -1340 7144 -2812 -4437 0 0 0 0 1 235 105 395 
-2926 -2799 -1579 7379 -3193 -4662 0 0 0 0 1 235 95 384 
-2793 -3449 -2126 7736 -3052 -4852 0 0 0 0 1 234 79 385 
-2824 -3642 -2393 8063 -2783 -5005 0 0 0 0 1 233 71 388 
-3043 -3795 -2618 8683 -2273 -5366 0 0 0 0 1 233 63 388 
-3340 -4017 -2864 9357 -1910 -5801 0 0 0 0 1 238 49 391 
-3399 -4463 -2861 9743 -2014 -6044 0 0 0 0 1 240 34 386 
-3525 -4727 -2975 10203 -2499 -6435 0 0 0 0 1 245 29 395 
-4137 -5059 -3438 10514 -2539 -6811 0 0 0 0 1 234 1 408 
-4563 -5283 -4031 11081 -1932 -7336 0 0 0 0 1 225 -11 420 
-4816 -5501 -4375 11691 -441 -7522 0 0 0 0 1 215 -20 422 
-4872 -5487 -4744 12002 839 -7317 0 0 0 0 1 219 -14 414 
-4487 -5585 -4671 12177 2417 -6343 0 0 0 0 1 215 -40 413 
-4112 -5676 -4465 11844 1876 -4595 0 0 0 0 1 221 -29 419 
-3833 -5848 -4338 10942 -585 -2726 0 0 0 0 1 219 -31 412 
-4052 -5772 -4189 9984 -2209 -1752 0 0 0 0 1 211 -25 415 
-4428 -5648 -4093 8238 -2916 -950 0 0 0 0 1 206 -3 415 
-5216 -4963 -4231 6566 -2095 -933 0 0 0 0 1 204 11 429 
-5282 -4374 -4256 5215 -1163 -1393 0 0 0 0 1 201 20 438 
-5144 -4042 -4308 4344 -853 -1951 0 0 0 0 1 206 23 436 
-4663 -3640 -4326 3999 -778 -2225 0 0 0 0 1 188 22 435 
-4540 -3423 -4303 3752 -1067 -2371 0 0 0 0 1 206 23 438 
-4096 -2948 -4244 3463 -2219 -1997 0 0 0 0 1 199 20 438 
-3733 -2358 -3709 3014 -2870 -1578 0 0 0 0 1 192 20 445 
-3709 -1969 -3491 2087 -3290 -912 0 0 0 0 1 185 20 457 
-3750 -1494 -3296 -393 -777 159 0 0 0 0 1 175 20 473 
-3165 95 -2589 -737 -699 377 0 0 0 0 1 160 22 486 
-3266 10 -2574 -972 -528 464 0 0 0 0 1 158 29 484 
-3463 -78 -2592 -1298 -259 485 0 0 0 0 1 154 18 476 
-3707 -172 -2630 -1487 -79 455 0 0 0 0 1 156 13 487 
-3726 -322 -2617 -1725 174 483 0 0 0 0 1 154 11 483 
-3642 -614 -2639 -1917 212 668 0 0 0 0 1 159 8 494 
-3540 -760 -2584 -2060 162 880 0 0 0 0 1 149 11 490 
-3485 -890 -2536 -2354 132 1236 0 0 0 0 1 159 -3 497 
-3464 -1051 -2534 -2946 603 2535 0 0 0 0 1 155 -24 512 
-4124 -2804 -3933 -2891 1026 2698 0 0 0 0 1 162 -29 509 
-4409 -3030 -4113 -2766 1406 2849 0 0 0 0 1 163 -40 504 
-4987 -3772 -4728 -2405 1565 2883 0 0 0 0 1 253 30 331 
-12553 -19005 -6142 -22800 7606 4131 0 0 0 0 1 259 36 302 
-13350 -19434 -7222 -23113 5113 6690 0 0 0 0 1 243 49 286 
-14912 -18839 -6784 -23584 3108 8473 0 0 0 0 1 248 101 287 
-17036 -17649 -5894 -23470 2171 8763 0 0 0 0 1 218 118 313 
-15414 -17337 -5783 -21504 955 9898 0 0 0 0 1 199 141 345 
-12324 -18029 -4174 -19366 969 10799 0 0 0 0 1 187 153 380 
-9917 -18046 -1766 -15658 1983 10770 0 0 0 0 1 155 159 409 
-7933 -17038 -213 -11729 2109 9493 0 0 0 0 1 158 161 433 
-4868 -16086 1222 -9005 2081 8615 0 0 0 0 1 138 170 462 
-3058 -14893 2384 -5263 2781 7138 0 0 0 0 1 123 172 459 
-2080 -13091 3871 -2132 2470 4964 0 0 0 0 1 110 166 477 
-1644 -11804 4778 -522 1984 3496 0 0 0 0 1 107 180 469 
-1466 -10810 4982 974 1216 1764 0 0 0 0 1 119 195 464 
-1399 -9318 4996 1353 638 997 0 0 0 0 1 125 183 467 
-1413 -7774 4922 1169 -50 259 0 0 0 0 1 117 193 460 
-1541 -6884 4615 674 -830 -315 0 0 0 0 1 119 195 457 
-1695 -5758 4039 424 -1272 -678 0 0 0 0 1 116 192 466 
-1731 -5115 3592 347 -1585 -1222 0 0 0 0 1 116 192 459 
-1865 -4274 3011 516 -1545 -1621 0 0 0 0 1 120 186 458 
-1979 -3563 2468 1046 -1314 -2273 0 0 0 0 1 117 196 477 
-2103 -2913 2132 1777 -1037 -2896 0 0 0 0 1 120 186 463 
-2261 -2510 1968 2292 -924 -3269 0 0 0 0 1 117 181 470 
-2470 -2208 1790 3026 -907 -3718 0 0 0 0 1 130 195 459 
-2669 -1892 1493 3445 -890 -3917 0 0 0 0 1 141 171 456 
-2851 -1681 1220 3966 -856 -4061 0 0 0 0 1 154 182 441 
-2971 -1596 1024 4373 -929 -4105 0 0 0 0 1 160 179 433 
-3224 -1551 787 4578 -950 -4149 0 0 0 0 1 167 179 437 
-3332 -1484 599 4841 -852 -4242 0 0 0 0 1 169 176 430 
-3311 -1418 259 5036 -819 -4276 0 0 0 0 1 181 161 428 
-3108 -1505 -18 5386 -890 -4249 0 0 0 0 1 192 153 403 
-3033 -1603 -230 5799 -1162 -4223 0 0 0 0 1 206 155 387 
-3172 -1938 -452 6186 -1566 -4316 0 0 0 0 1 209 144 388 
-3251 -2085 -602 6382 -1916 -4439 0 0 0 0 1 217 134 379 
-3294 -2206 -735 6507 -2259 -4663 0 0 0 0 1 221 130 374 
-3290 -2477 -997 6536 -2339 -4818 0 0 0 0 1 232 118 382 
-3423 -2834 -1492 6611 -2346 -4886 0 0 0 0 1 234 96 369 
-3678 -3067 -1870 6882 -2353 -5020 0 0 0 0 1 252 71 374 
-4183 -3378 -2394 7378 -2546 -5247 0 0 0 0 1 258 62 373 
-4541 -3579 -2885 7804 -2683 -5399 0 0 0 0 1 226 61 381 
-4511 -3657 -3068 8467 -2547 -5512 0 0 0 0 1 243 36 386 
-4362 -3758 -3311 8904 -2335 -5513 0 0 0 0 1 239 20 385 
-4503 -3745 -3408 9413 -2030 -5542 0 0 0 0 1 243 4 405 
-4547 -3847 -3450 9718 -1750 -5578 0 0 0 0 1 234 3 403 
-4886 -4032 -3747 9874 -1643 -5640 0 0 0 0 1 238 -12 409 
-4942 -4100 -3975 10133 -1239 -5716 0 0 0 0 1 241 -15 417 
-4878 -4234 -4500 10592 -277 -5651 0 0 0 0 1 227 -30 420 
-4697 -4214 -4806 10951 324 -5446 0 0 0 0 1 222 -23 422 
-4264 -4203 -4747 11332 444 -4783 0 0 0 0 1 230 -28 427 
-3945 -4157 -4660 11317 -504 -4051 0 0 0 0 1 192 23 436 
-4154 -2412 -4891 3629 -1274 -1685 0 0 0 0 1 189 18 448 
-4197 -2006 -4510 3426 -10 -1564 0 0 0 0 1 202 34 447 
-4187 -1774 -4196 3129 437 -1422 0 0 0 0 1 192 28 438 
-3557 -367 -2941 -222 -262 255 0 0 0 0 1 181 39 451 
-3494 -443 -2863 -541 -209 335 0 0 0 0 1 178 45 459 
-3489 -528 -2883 -729 -201 442 0 0 0 0 1 185 42 459 
-3474 -640 -2914 -991 -287 677 0 0 0 0 1 181 39 463 
-3462 -800 -2844 -1188 -320 867 0 0 0 0 1 186 34 463 
-3444 -889 -2839 -1497 -315 1164 0 0 0 0 1 180 38 473 
-3415 -954 -2900 -1783 -244 1427 0 0 0 0 1 179 39 474 
-3478 -969 -2975 -1949 -103 1533 0 0 0 0 1 176 36 467 
-3477 -1073 -3132 -2083 128 1647 0 0 0 0 1 165 39 465 
-3417 -1240 -3393 -2046 279 1728 0 0 0 0 1 180 42 471 
-3274 -1580 -3560 -1967 261 1831 0 0 0 0 1 173 38 478 
-3193 -1911 -3898 -1784 49 2073 0 0 0 0 1 173 38 478 
-3292 -2159 -4170 -1586 4 2349 0 0 0 0 1 169 44 472 
-3444 -2464 -4386 -1541 262 2553 0 0 0 0 1 197 84 455 
-10344 -11825 -4297 -7091 7909 -523 0 0 0 0 1 206 82 438 
-12584 -14388 -3895 -9314 9826 -1929 0 0 0 0 1 234 69 427 
-12528 -15999 -2844 -14103 11894 -2680 0 0 0 0 1 240 51 377 
-11541 -17678 236 -20629 9357 -1036 0 0 0 0 1 255 28 345 
-11107 -18286 972 -24771 5237 1801 0 0 0 0 1 254 14 314 
-11727 -17634 -586 -28623 -1755 8002 0 0 0 0 1 247 34 314 
-15989 -14960 -3777 -29351 -4660 11545 0 0 0 0 1 247 63 328 
-18508 -13977 -6282 -27853 -3532 14353 0 0 0 0 1 230 87 373 
-19453 -15587 -9549 -23386 1655 14793 0 0 0 0 1 193 105 402 
-15225 -18710 -8758 -19839 4758 14933 0 0 0 0 1 180 123 429 
-13179 -19115 -6045 -15347 5478 14073 0 0 0 0 1 171 145 422 
-10701 -17456 -1040 -11063 2206 10908 0 0 0 0 1 140 155 452 
-6941 -15029 1240 -7929 244 8639 0 0 0 0 1 130 143 476 
-3956 -14550 2103 -3749 -421 6993 0 0 0 0 1 117 157 479 
-1908 -13280 2739 -1556 -259 6565 0 0 0 0 1 110 161 488 
-1687 -12511 3019 903 178 5718 0 0 0 0 1 100 180 492 
-2196 -11237 2934 2476 1015 4197 0 0 0 0 1 95 190 492 
-2535 -9672 3148 2938 1379 3106 0 0 0 0 1 87 198 486 
-2474 -8771 3597 2710 883 1753 0 0 0 0 1 86 209 469 
-2255 -7545 4046 2139 162 1063 0 0 0 0 1 87 213 465 
-1983 -6804 3950 1224 -799 260 0 0 0 0 1 86 222 464 
-1869 -5676 3357 685 -1366 -500 0 0 0 0 1 75 223 465 
-1859 -4772 2666 603 -1461 -1041 0 0 0 0 1 84 223 453 
-1941 -4177 2291 799 -1316 -1922 0 0 0 0 1 81 222 462 
-1946 -3440 1781 1078 -1203 -2485 0 0 0 0 1 88 222 464 
-1993 -2982 1556 1566 -1043 -3215 0 0 0 0 1 87 220 465 
-2179 -2413 1333 2048 -910 -3799 0 0 0 0 1 103 213 458 
-2743 -1942 1277 2328 -1033 -4122 0 0 0 0 1 103 210 453 
-3061 -1615 1155 2695 -1625 -4409 0 0 0 0 1 127 203 449 
-3310 -1275 814 3031 -1980 -4451 0 0 0 0 1 135 204 452 
-3400 -1053 470 3256 -1890 -4412 0 0 0 0 1 126 207 445 
-3424 -944 220 3655 -1605 -4371 0 0 0 0 1 140 204 448 
-3470 -759 -145 3974 -1465 -4422 0 0 0 0 1 149 185 436 
-3409 -679 -371 4503 -1339 -4601 0 0 0 0 1 167 186 423 
-3499 -734 -671 5031 -1292 -4893 0 0 0 0 1 171 170 415 
-3592 -847 -842 5342 -1387 -5098 0 0 0 0 1 179 166 407 
-3720 -949 -963 5703 -1776 -5343 0 0 0 0 1 188 159 395 
-3718 -1241 -1040 5804 -2038 -5387 0 0 0 0 1 207 152 395 
-3491 -1476 -1142 5775 -2213 -5251 0 0 0 0 1 217 147 391 
-3457 -1546 -1341 5739 -2311 -5128 0 0 0 0 1 222 111 389 
-3892 -1753 -1728 5921 -2826 -5374 0 0 0 0 1 226 112 388 
-4459 -1887 -2276 6195 -3336 -5758 0 0 0 0 1 233 100 379 
-4664 -2069 -2605 6739 -3839 -6405 0 0 0 0 1 235 85 398 
-4846 -2420 -2926 7118 -3904 -6793 0 0 0 0 1 232 60 394 
-5025 -2727 -3136 7579 -3727 -7243 0 0 0 0 1 225 50 406 
-5304 -2882 -3454 7913 -3002 -7560 0 0 0 0 1 231 19 423 
-5694 -2794 -3919 8074 -2175 -7611 0 0 0 0 1 217 12 433 
-5562 -2844 -4195 8322 -970 -7268 0 0 0 0 1 220 1 436 
-5350 -2897 -4502 8636 -158 -6713 0 0 0 0 1 221 -14 433 
-4996 -2954 -4764 8911 209 -6316 0 0 0 0 1 222 -23 434 
-4821 -3136 -4768 9397 258 -5750 0 0 0 0 1 215 -33 431 
-5129 -3306 -4722 9645 -679 -5471 0 0 0 0 1 211 -33 436 
-5494 -3525 -4483 9616 -2950 -5321 0 0 0 0 1 197 -23 464 
-6069 -3503 -4523 9074 -4603 -5694 0 0 0 0 1 187 -38 480 
-6304 -3499 -4605 8035 -4423 -6054 0 0 0 0 1 174 -24 491 
-5791 -3362 -4467 7216 -3166 -6001 0 0 0 0 1 162 -34 500 
-5262 -2986 -4693 6271 -1037 -5525 0 0 0 0 1 168 -35 506 
-4954 -2811 -4724 5775 419 -4868 0 0 0 0 1 155 -9 502 
-4832 -2627 -4699 5667 903 -4498 0 0 0 0 1 147 -20 497 
-4964 -2511 -4578 5626 569 -4150 0 0 0 0 1 149 -20 497 
-4898 -1577 -3474 4200 -3277 -3512 0 0 0 0 1 156 -6 515 
-4831 -1191 -3452 3795 -3064 -3278 0 0 0 0 1 141 12 512 
-4801 -937 -3376 3335 -1684 -2908 0 0 0 0 1 136 4 514 
-3639 171 -2446 448 899 280 0 0 0 0 1 156 30 485 
-3634 -28 -2431 116 919 402 0 0 0 0 1 154 33 483 
-3638 -187 -2452 -412 506 651 0 0 0 0 1 158 46 484 
-3670 -388 -2437 -801 112 842 0 0 0 0 1 161 35 485 
-3717 -532 -2480 -1361 -187 1125 0 0 0 0 1 158 29 486 
-3760 -753 -2546 -1847 -11 1370 0 0 0 0 1 158 36 500 
-3799 -874 -2566 -2113 235 1495 0 0 0 0 1 155 34 495 
-3859 -1097 -2600 -2437 526 1611 0 0 0 0 1 152 40 497 
-3873 -1233 -2634 -2717 502 1699 0 0 0 0 1 152 30 497 
-4617 -3245 -5499 -2538 1752 2399 0 0 0 0 1 165 9 502 
-4042 -4150 -5815 -2364 2274 3178 0 0 0 0 1 176 14 498 
-4882 -5373 -6128 -2309 2782 3744 0 0 0 0 1 184 9 488 
-5761 -6467 -6092 -2510 3580 3843 0 0 0 0 1 189 23 478 
-6686 -8754 -5882 -3125 4004 3822 0 0 0 0 1 192 23 466 
-7525 -10154 -5920 -5291 4199 3629 0 0 0 0 1 202 17 449 
-9789 -12578 -5610 -9160 6304 3122 0 0 0 0 1 218 13 445 
-11353 -14588 -6825 -12165 9098 2978 0 0 0 0 1 239 18 394 
-12006 -16345 -7158 -16659 11608 3564 0 0 0 0 1 254 14 351 
-13031 -17991 -5414 -19849 10287 4408 0 0 0 0 1 255 8 306 
-14466 -18025 -5668 -23863 5934 6302 0 0 0 0 1 246 45 285 
-15698 -17679 -6886 -26192 3520 8358 0 0 0 0 1 251 67 271 
-17578 -17144 -9761 -26471 3577 9036 0 0 0 0 1 237 89 282 
-16884 -17716 -11011 -24847 4702 9355 0 0 0 0 1 224 112 293 
-14677 -18699 -8310 -23445 4915 9391 0 0 0 0 1 200 152 346 
-11926 -18269 -3113 -21243 2612 8839 0 0 0 0 1 184 161 374 
-9576 -16712 -1943 -16670 -1420 7613 0 0 0 0 1 180 153 422 
-6246 -15173 -649 -12654 -2352 6653 0 0 0 0 1 154 148 452 
-3115 -13641 -31 845 -1681 -412 0 0 0 0 1 108 203 451 
-1568 -3847 2029 969 -1357 -913 0 0 0 0 1 101 213 467 
-1806 -3055 1951 1292 -978 -1864 0 0 0 0 1 128 204 462 
-2033 -2410 1850 1654 -887 -2787 0 0 0 0 1 117 201 456 
-2089 -2028 1806 1954 -862 -3390 0 0 0 0 1 117 198 460 
-2145 -1492 1542 2149 -932 -3556 0 0 0 0 1 128 192 443 
-2145 -1233 1338 2427 -931 -3494 0 0 0 0 1 141 183 456 
-2343 -917 1013 2618 -828 -3332 0 0 0 0 1 145 197 450 
-2590 -703 732 2939 -650 -3107 0 0 0 0 1 155 176 430 
-2871 -394 481 3215 -528 -3001 0 0 0 0 1 165 176 440 
-2921 -151 360 3329 -475 -2991 0 0 0 0 1 172 174 419 
-2857 -29 281 3379 -493 -3021 0 0 0 0 1 180 168 410 
-2808 120 248 3348 -622 -3056 0 0 0 0 1 187 170 420 
-2667 206 266 3250 -991 -3078 0 0 0 0 1 185 175 408 
-2541 234 199 3197 -1401 -3045 0 0 0 0 1 191 169 407 
-2447 407 -50 3212 -1590 -3046 0 0 0 0 1 191 159 402 
-2332 672 -305 3268 -1673 -3060 0 0 0 0 1 204 165 408 
