Data Quantity : 14  Accelerometer : 3  Gyroscope : 3  FSR : 5







-1420 1309 78 -58 56 -119 0 0 0 0 1 225 69 417 
-1421 1328 61 -64 34 -128 0 0 0 0 1 217 68 421 
-1413 1336 60 -71 -6 -118 0 0 0 0 1 226 66 419 
-1396 1351 53 -70 -24 -103 0 0 0 0 1 225 62 415 
-1414 1362 45 -56 -42 -88 0 0 0 0 1 219 71 412 
-1444 1378 27 -40 -40 -85 0 0 0 0 1 224 71 421 
-1447 1389 32 -13 -7 -96 0 0 0 0 1 213 60 415 
-1444 1394 35 10 34 -113 0 0 0 0 1 221 68 412 
-1440 1399 46 21 57 -123 0 0 0 0 1 222 67 417 
-1425 1407 56 21 66 -139 0 0 0 0 1 225 67 417 
-1415 1411 65 15 45 -145 0 0 0 0 1 225 57 420 
-1416 1425 68 10 5 -152 0 0 0 0 1 218 60 410 
-1405 1430 70 5 -18 -150 0 0 0 0 1 227 47 408 
-1407 1441 70 2 -52 -140 0 0 0 0 1 227 62 415 
-1423 1446 73 1 -61 -130 0 0 0 0 1 222 55 420 
-1421 1458 75 2 -53 -117 0 0 0 0 1 225 52 413 
-1425 1462 90 2 -49 -112 0 0 0 0 1 222 50 415 
-1437 1472 90 4 -80 -96 0 0 0 0 1 226 46 416 
-1437 1469 98 10 -113 -85 0 0 0 0 1 221 53 412 
-1437 1463 109 20 -143 -64 0 0 0 0 1 226 49 412 
-1450 1430 106 33 -157 -59 0 0 0 0 1 224 61 430 
-1500 1387 131 55 -189 -70 0 0 0 0 1 215 60 417 
-1520 1348 160 68 -213 -86 0 0 0 0 1 221 46 421 
-1525 1297 215 81 -232 -92 0 0 0 0 1 213 62 422 
-1528 1252 238 100 -289 -96 0 0 0 0 1 219 53 421 
-1558 1156 277 117 -344 -99 0 0 0 0 1 228 44 416 
-1607 974 365 135 -437 -130 0 0 0 0 1 228 49 435 
-1572 697 513 123 -514 -163 0 0 0 0 1 215 50 434 
-1494 467 609 110 -566 -173 0 0 0 0 1 224 49 423 
-1450 258 659 137 -661 -219 0 0 0 0 1 219 51 430 
-1339 -14 695 319 -725 -397 0 0 0 0 1 218 50 438 
-1195 -352 879 533 -696 -607 0 0 0 0 1 215 52 431 
-1101 -549 937 716 -729 -767 0 0 0 0 1 214 51 444 
-1075 -732 957 1079 -861 -1065 0 0 0 0 1 212 39 442 
-1011 -946 905 1386 -947 -1309 0 0 0 0 1 213 50 438 
-1039 -1041 839 1913 -1085 -1757 0 0 0 0 1 218 42 436 
-1145 -1168 683 2294 -1136 -2095 0 0 0 0 1 207 34 458 
-1185 -1192 661 2876 -973 -2649 0 0 0 0 1 213 23 450 
-1307 -1219 671 3412 -474 -3225 0 0 0 0 1 212 31 444 
-1404 -1257 645 3754 -190 -3574 0 0 0 0 1 215 23 445 
-1514 -1186 680 4209 -11 -4028 0 0 0 0 1 205 14 451 
-1642 -1185 701 4539 -115 -4392 0 0 0 0 1 211 15 452 
-1830 -1166 664 4704 -327 -4565 0 0 0 0 1 213 -1 445 
-2072 -1221 464 4856 -806 -4721 0 0 0 0 1 207 0 444 
-2281 -1244 358 4885 -1324 -4744 0 0 0 0 1 209 -7 447 
-2500 -1241 68 4865 -1629 -4665 0 0 0 0 1 206 -23 459 
-2571 -1454 -186 4831 -1911 -4391 0 0 0 0 1 198 -12 465 
-2993 -1431 -526 4843 -1734 -4217 0 0 0 0 1 199 -15 466 
-3488 -1328 -993 4906 -1425 -4188 0 0 0 0 1 184 -26 481 
-3673 -1263 -1244 5054 -815 -4182 0 0 0 0 1 174 -26 472 
-3739 -1192 -1404 5156 -269 -4084 0 0 0 0 1 179 -24 481 
-3649 -1192 -1454 5155 -117 -3932 0 0 0 0 1 175 -25 490 
-3174 -662 -1997 1984 -452 -1211 0 0 0 0 1 162 0 488 
-3010 -524 -1975 1888 -207 -1054 0 0 0 0 1 161 1 492 
-2937 -443 -1906 1706 -67 -736 0 0 0 0 1 160 14 493 
-2882 -300 -1740 1519 -133 -509 0 0 0 0 1 156 3 480 
-2895 -218 -1645 1128 -302 -229 0 0 0 0 1 161 8 485 
-2898 -50 -1587 675 -374 -28 0 0 0 0 1 158 4 484 
-2863 10 -1560 382 -351 68 0 0 0 0 1 156 15 490 
-2836 71 -1555 -1 -303 174 0 0 0 0 1 154 18 494 
-2763 192 -1609 -198 -298 245 0 0 0 0 1 152 8 487 
-2761 352 -1673 -495 -352 354 0 0 0 0 1 171 23 494 
-2758 375 -1758 -598 -369 412 0 0 0 0 1 156 13 483 
-2799 381 -1781 -728 -288 486 0 0 0 0 1 152 11 494 
-2889 394 -1814 -817 -187 531 0 0 0 0 1 149 15 508 
-2928 417 -1827 -961 -7 619 0 0 0 0 1 156 -1 487 
-2954 446 -1874 -1112 210 731 0 0 0 0 1 148 12 491 
-3011 428 -1958 -1239 390 859 0 0 0 0 1 155 4 502 
-3104 394 -2091 -1306 502 941 0 0 0 0 1 153 17 495 
-3193 376 -2185 -1408 652 1055 0 0 0 0 1 153 7 505 
-3241 354 -2233 -1533 711 1185 0 0 0 0 1 154 8 497 
-3291 310 -2303 -1640 715 1296 0 0 0 0 1 154 1 501 
-3340 277 -2384 -1826 770 1438 0 0 0 0 1 155 2 502 
-3401 219 -2503 -1970 876 1520 0 0 0 0 1 161 -3 501 
-3391 -6 -2624 -2219 1147 1674 0 0 0 0 1 165 -7 502 
-3374 -40 -2710 -2465 1393 1844 0 0 0 0 1 161 6 499 
-3408 -257 -2874 -2596 1418 1941 0 0 0 0 1 174 0 498 
-3440 -384 -2985 -2726 1316 2056 0 0 0 0 1 181 4 491 
-3511 -606 -3188 -2747 1200 2111 0 0 0 0 1 176 -7 502 
-3591 -809 -3423 -2672 1039 2149 0 0 0 0 1 179 -9 493 
-3610 -945 -3617 -2431 990 2157 0 0 0 0 1 181 12 484 
-3648 -1273 -4118 -1958 1070 2129 0 0 0 0 1 186 -2 484 
-3679 -1491 -4434 -1495 1187 2086 0 0 0 0 1 184 -4 479 
-3817 -1743 -4772 -573 1291 1928 0 0 0 0 1 186 4 484 
-4211 -2090 -5165 212 1163 1715 0 0 0 0 1 194 13 473 
-5434 -3281 -5781 1074 774 1432 0 0 0 0 1 198 14 472 
-5953 -4308 -5881 2332 288 1102 0 0 0 0 1 199 23 462 
-6504 -5845 -5829 3196 1653 967 0 0 0 0 1 200 36 467 
-7611 -7936 -5999 3014 5402 737 0 0 0 0 1 215 35 452 
-9519 -10173 -5890 1821 8012 381 0 0 0 0 1 220 42 441 
-9999 -12059 -4347 -2875 9971 -213 0 0 0 0 1 235 49 405 
-10312 -14255 -2018 -7686 9544 -829 0 0 0 0 1 239 47 329 
-10125 -15400 -1111 -15520 8897 -1432 0 0 0 0 1 254 14 309 
-10727 -15808 -1290 -22086 8783 -1064 0 0 0 0 1 254 26 270 
-12817 -17033 -2504 -25052 7394 -35 0 0 0 0 1 257 26 242 
-14818 -17323 -3986 -27954 3821 2856 0 0 0 0 1 245 53 239 
-15681 -17192 -6015 -29378 1783 6667 0 0 0 0 1 238 78 230 
-18207 -15928 -7995 -29454 2211 8614 0 0 0 0 1 213 143 273 
-18763 -15738 -8333 -27582 1765 9972 0 0 0 0 1 185 153 334 
-16576 -15568 -7238 -23774 -1355 11329 0 0 0 0 1 178 165 378 
-12943 -16837 -5304 -20464 -2168 12005 0 0 0 0 1 140 163 417 
-10350 -17386 -4258 -14601 -1125 11682 0 0 0 0 1 122 161 456 
-6323 -17061 -3080 -8186 -152 10310 0 0 0 0 1 97 158 485 
-2979 -15691 -1132 -4456 440 9191 0 0 0 0 1 75 161 507 
-1792 -14880 365 547 -1526 -3513 0 0 0 0 1 56 181 519 
-1463 -3692 1222 1355 -1130 -4185 0 0 0 0 1 69 182 527 
-1825 -2897 995 1929 -868 -4583 0 0 0 0 1 63 174 514 
-2177 -2450 894 2714 -556 -5091 0 0 0 0 1 86 190 511 
-2691 -1923 730 3141 -388 -5350 0 0 0 0 1 88 172 506 
-3193 -1513 654 3601 -125 -5638 0 0 0 0 1 119 175 497 
-3432 -1283 622 3878 -86 -5754 0 0 0 0 1 126 175 487 
-3645 -1054 479 4012 -209 -5708 0 0 0 0 1 135 165 480 
-3774 -954 369 4218 -410 -5532 0 0 0 0 1 138 175 469 
-4017 -813 108 4392 -552 -5394 0 0 0 0 1 153 171 460 
-4119 -718 -102 4752 -746 -5203 0 0 0 0 1 171 158 457 
-4232 -649 -513 5190 -900 -5060 0 0 0 0 1 179 154 451 
-4235 -685 -667 5456 -972 -5017 0 0 0 0 1 178 150 443 
-4221 -760 -791 5750 -1185 -5025 0 0 0 0 1 192 141 424 
-4208 -952 -937 5860 -1390 -5059 0 0 0 0 1 204 133 415 
-4278 -1123 -1124 5997 -1772 -5153 0 0 0 0 1 211 133 415 
-4371 -1401 -1499 6136 -1952 -5236 0 0 0 0 1 213 116 413 
-4306 -1484 -1845 6503 -1948 -5316 0 0 0 0 1 225 114 406 
-4152 -1555 -2346 7068 -1657 -5345 0 0 0 0 1 215 106 396 
-3952 -1747 -2692 7505 -1554 -5322 0 0 0 0 1 225 94 401 
-3901 -1993 -2918 8180 -1645 -5274 0 0 0 0 1 233 66 407 
-3987 -2401 -3210 8787 -1767 -5267 0 0 0 0 1 248 57 396 
-4000 -3046 -3326 9077 -1779 -5255 0 0 0 0 1 237 55 389 
-4068 -3137 -3542 9357 -1606 -5355 0 0 0 0 1 235 39 400 
-4146 -3297 -3434 9266 -1224 -5418 0 0 0 0 1 234 35 399 
-3832 -3491 -3266 8791 -644 -5244 0 0 0 0 1 237 25 387 
-3807 -3604 -3373 8289 -791 -4988 0 0 0 0 1 232 11 396 
-3901 -3585 -3793 8096 -1083 -4873 0 0 0 0 1 233 -7 402 
-3782 -3610 -4147 8060 -1283 -4681 0 0 0 0 1 219 -9 407 
-3842 -3574 -4402 8339 -1456 -4485 0 0 0 0 1 227 -13 410 
-4156 -3492 -4872 8625 -1668 -4407 0 0 0 0 1 218 -11 422 
-4418 -3331 -5071 8927 -1596 -4340 0 0 0 0 1 221 -7 421 
-4539 -3284 -5140 8948 -874 -4191 0 0 0 0 1 209 -7 440 
-4595 -3029 -5062 8706 86 -3915 0 0 0 0 1 207 -7 437 
-4526 -2793 -4751 8428 451 -3685 0 0 0 0 1 181 19 470 
-4388 -940 -3605 3171 -654 -1538 0 0 0 0 1 180 15 464 
-4073 -682 -3139 2666 -1367 -1094 0 0 0 0 1 176 26 465 
-3885 -561 -2824 1936 -1753 -586 0 0 0 0 1 175 18 466 
-3692 -532 -2674 1237 -1689 -41 0 0 0 0 1 172 24 467 
-3645 -221 -2630 883 -1407 214 0 0 0 0 1 162 34 467 
-3583 -188 -2624 572 -878 442 0 0 0 0 1 172 36 470 
-3506 -78 -2515 402 -392 474 0 0 0 0 1 160 34 481 
-3433 63 -2328 246 -92 390 0 0 0 0 1 160 36 486 
-3300 207 -2066 102 0 321 0 0 0 0 1 168 42 473 
-3221 271 -1893 -169 47 275 0 0 0 0 1 167 34 479 
-3091 268 -1714 -369 47 320 0 0 0 0 1 162 39 481 
-3018 211 -1646 -678 84 547 0 0 0 0 1 162 29 465 
-2961 124 -1608 -996 123 862 0 0 0 0 1 165 41 477 
-3012 90 -1624 -1184 112 1047 0 0 0 0 1 159 35 471 
-3058 23 -1635 -1428 83 1239 0 0 0 0 1 168 38 483 
-3203 -22 -1731 -1552 25 1289 0 0 0 0 1 153 34 472 
-3337 -109 -1816 -1708 -79 1293 0 0 0 0 1 165 29 488 
-3466 -1076 -3493 -3153 578 2319 0 0 0 0 1 153 17 507 
-3400 -1426 -4267 -3059 910 2543 0 0 0 0 1 151 7 507 
-3595 -1526 -4742 -2670 954 2638 0 0 0 0 1 156 13 511 
-3964 -1682 -5501 -2123 1191 2575 0 0 0 0 1 172 14 505 
-4309 -1704 -5900 -1758 1512 2440 0 0 0 0 1 162 7 502 
-4601 -1785 -6149 -1173 2002 2125 0 0 0 0 1 161 15 504 
-5203 -1783 -6123 -843 2398 1822 0 0 0 0 1 176 17 495 
-5611 -1996 -6045 -444 2757 1447 0 0 0 0 1 174 12 500 
-6366 -3856 -5939 -226 2414 1564 0 0 0 0 1 187 13 483 
-6720 -4601 -5783 -352 2036 1933 0 0 0 0 1 194 18 473 
-8536 -7179 -5297 -1364 2976 2537 0 0 0 0 1 208 28 459 
-11251 -9366 -5185 -2648 5306 2813 0 0 0 0 1 215 52 445 
-12323 -10926 -5264 -5750 9280 3006 0 0 0 0 1 224 41 419 
-13571 -13297 -3231 -9000 10420 2777 0 0 0 0 1 240 41 367 
-13789 -14274 -1889 -14772 9532 2665 0 0 0 0 1 252 36 360 
-13253 -16211 -1318 -19802 7301 4589 0 0 0 0 1 254 51 330 
-13089 -16747 -1539 -22053 5224 7288 0 0 0 0 1 248 62 310 
-14254 -18166 -2967 -23324 2503 11679 0 0 0 0 1 247 88 298 
-16546 -17526 -4063 -23151 2515 13206 0 0 0 0 1 221 120 316 
-17128 -17525 -2989 -22540 4084 13646 0 0 0 0 1 198 147 337 
-16238 -17465 -1893 -21014 5206 13038 0 0 0 0 1 163 185 392 
-12187 -17205 1020 -17951 2771 11763 0 0 0 0 1 143 183 426 
-9581 -16889 1065 -14626 2191 10414 0 0 0 0 1 115 179 458 
-5452 -16388 841 -8875 3401 7807 0 0 0 0 1 121 182 473 
-2375 -15027 2353 -5466 3817 6090 0 0 0 0 1 106 174 474 
-67 -13308 4485 -1870 2966 4172 0 0 0 0 1 101 179 484 
516 -12268 5506 -43 1305 2718 0 0 0 0 1 108 181 479 
492 -11181 5888 556 235 1732 0 0 0 0 1 107 187 483 
-344 -9035 5249 883 -522 732 0 0 0 0 1 102 187 478 
-765 -8126 4769 1045 -869 -557 0 0 0 0 1 97 192 490 
-1041 -7291 4248 1066 -725 -1421 0 0 0 0 1 94 196 479 
-1081 -6528 3957 1060 -632 -1743 0 0 0 0 1 117 193 479 
-1213 -5160 3324 1133 -676 -1963 0 0 0 0 1 104 197 485 
-1300 -4832 3181 1421 -778 -2349 0 0 0 0 1 109 192 469 
-1563 -3704 2512 1738 -803 -2666 0 0 0 0 1 107 187 476 
-1615 -3472 2379 2329 -836 -3187 0 0 0 0 1 123 172 480 
-1928 -2874 2045 2917 -995 -3738 0 0 0 0 1 130 172 478 
-2114 -2587 1818 3268 -1086 -4052 0 0 0 0 1 127 186 474 
-2597 -2168 1447 3569 -1084 -4322 0 0 0 0 1 141 179 465 
-2699 -2065 1297 3958 -1030 -4627 0 0 0 0 1 158 179 456 
-2888 -1846 931 4290 -888 -4771 0 0 0 0 1 165 169 440 
-3210 -1622 571 4507 -853 -4820 0 0 0 0 1 169 169 444 
-3484 -1477 300 4824 -962 -4887 0 0 0 0 1 174 157 444 
-3678 -1364 5 5007 -989 -4921 0 0 0 0 1 187 150 431 
-3793 -1377 -170 5240 -984 -4968 0 0 0 0 1 208 148 417 
-3846 -1392 -370 5375 -1011 -4978 0 0 0 0 1 202 137 423 
-3722 -1503 -620 5575 -1070 -4913 0 0 0 0 1 220 123 415 
-3614 -1633 -898 5688 -1102 -4849 0 0 0 0 1 219 112 405 
-3599 -1640 -1016 5717 -1216 -4781 0 0 0 0 1 232 101 401 
-3730 -1753 -1178 5645 -1478 -4784 0 0 0 0 1 225 87 403 
-4009 -1822 -1434 5488 -2065 -4915 0 0 0 0 1 232 72 401 
-4025 -1876 -1519 5324 -2401 -5085 0 0 0 0 1 239 77 396 
-4074 -2002 -1721 5283 -2577 -5137 0 0 0 0 1 238 49 407 
-4022 -2160 -1840 5350 -2697 -5082 0 0 0 0 1 231 26 414 
-3789 -2370 -2133 5482 -2633 -4988 0 0 0 0 1 232 15 417 
-3793 -2348 -2320 5828 -2402 -4927 0 0 0 0 1 233 17 435 
-3887 -2344 -2393 6209 -1955 -5049 0 0 0 0 1 230 -1 436 
-3985 -2386 -2485 6436 -1762 -5184 0 0 0 0 1 219 0 437 
-4185 -2501 -2626 6702 -1896 -5480 0 0 0 0 1 221 -12 447 
-4642 -2731 -2747 6845 -2113 -5858 0 0 0 0 1 206 -30 445 
-4813 -2904 -2802 6852 -2111 -6066 0 0 0 0 1 202 -29 456 
-5203 -3107 -2906 6717 -1739 -6218 0 0 0 0 1 193 -34 470 
-5223 -3131 -3011 6562 -1314 -6130 0 0 0 0 1 185 -35 480 
-5170 -3130 -3042 6359 -729 -5782 0 0 0 0 1 173 -42 478 
-5123 -2981 -3190 6267 -775 -5461 0 0 0 0 1 174 -41 491 
-4894 -2880 -3186 6060 -1402 -4928 0 0 0 0 1 169 -36 479 
-5091 -2870 -3237 5782 -1907 -4642 0 0 0 0 1 167 -44 495 
-5265 -2704 -3450 5591 -1880 -4563 0 0 0 0 1 158 -39 500 
-5286 -2633 -3527 5336 -1124 -4508 0 0 0 0 1 152 -35 497 
-5260 -2474 -3566 5194 -459 -4466 0 0 0 0 1 159 -28 515 
-4929 -2240 -3479 4987 159 -4281 0 0 0 0 1 142 -20 497 
-4914 -2015 -3456 4790 -68 -4001 0 0 0 0 1 143 -22 516 
-4543 -1628 -3328 4316 -940 -3312 0 0 0 0 1 135 -23 513 
-4528 -1455 -3250 4016 -1062 -2925 0 0 0 0 1 135 -6 511 
-4544 -1218 -3311 3660 -797 -2401 0 0 0 0 1 140 -11 515 
-4529 -958 -3271 3425 -120 -1985 0 0 0 0 1 136 0 523 
-4458 -784 -3220 3304 436 -1762 0 0 0 0 1 147 1 513 
-4115 -476 -2867 3168 942 -1558 0 0 0 0 1 151 0 512 
-3974 -356 -2732 2926 1279 -1308 0 0 0 0 1 154 11 508 
-3808 -206 -2558 2594 1015 -1121 0 0 0 0 1 149 8 501 
-3555 -88 -2298 -166 398 265 0 0 0 0 1 169 31 488 
-3506 -1515 -3239 -1843 1603 2024 0 0 0 0 1 176 41 493 
-3577 -1633 -3387 -1686 1261 2036 0 0 0 0 1 160 36 486 
-3724 -1850 -3650 -1561 813 2035 0 0 0 0 1 167 39 484 
-3787 -2054 -3730 -1507 739 2071 0 0 0 0 1 165 39 479 
-3845 -2380 -3870 -1440 1076 2206 0 0 0 0 1 176 56 479 
-3955 -2620 -4206 -1370 1735 2364 0 0 0 0 1 174 44 479 
-11484 -16018 -1295 -17046 10590 592 0 0 0 0 1 235 66 367 
-11938 -17777 -301 -23393 9199 501 0 0 0 0 1 244 60 350 
-11871 -21120 -741 -26482 7009 2096 0 0 0 0 1 258 40 327 
-12813 -21441 -1700 -29516 2365 5794 0 0 0 0 1 248 62 313 
-14632 -19717 -4399 -30140 190 9912 0 0 0 0 1 233 73 328 
-14801 -19217 -6069 -29105 1074 11787 0 0 0 0 1 220 87 348 
-14650 -18918 -6098 -24916 1932 11364 0 0 0 0 1 205 115 370 
-11275 -18452 -4509 -18779 913 9772 0 0 0 0 1 209 117 405 
-7482 -17074 -1591 -14617 144 8868 0 0 0 0 1 192 116 424 
-3864 -15727 607 -8984 -290 8217 0 0 0 0 1 172 112 463 
-2483 -14763 1814 -4400 336 7628 0 0 0 0 1 171 121 466 
-1930 -13082 2665 -1822 972 6731 0 0 0 0 1 153 137 472 
-1967 -12390 3217 1147 1807 4894 0 0 0 0 1 135 145 471 
-1949 -10953 3980 2415 1962 3665 0 0 0 0 1 145 163 459 
-2104 -9921 4390 3241 1155 2014 0 0 0 0 1 136 179 451 
-2309 -8542 4679 3220 359 1091 0 0 0 0 1 141 174 447 
-2267 -7789 4585 2732 -556 87 0 0 0 0 1 136 181 440 
-1963 -6821 4187 2328 -742 -348 0 0 0 0 1 134 198 442 
-1883 -6091 3897 1809 -716 -895 0 0 0 0 1 145 195 431 
-2026 -4997 3405 1580 -841 -1507 0 0 0 0 1 142 199 438 
-2069 -4106 2978 1590 -982 -1939 0 0 0 0 1 152 197 429 
-2089 -3538 2730 1819 -1281 -2560 0 0 0 0 1 156 195 431 
-2167 -2818 2232 2084 -1534 -2941 0 0 0 0 1 151 193 430 
-2267 -2319 1791 2589 -1713 -3446 0 0 0 0 1 159 168 436 
-2601 -2061 1358 3149 -1747 -3907 0 0 0 0 1 179 181 426 
-2877 -1885 1082 3522 -1732 -4202 0 0 0 0 1 184 174 428 
-3221 -1746 829 4026 -1619 -4588 0 0 0 0 1 192 168 422 
-3571 -1493 487 4338 -1532 -4737 0 0 0 0 1 198 159 419 
-3660 -1374 51 4807 -1479 -4709 0 0 0 0 1 200 152 414 
-3693 -1325 -202 5294 -1322 -4486 0 0 0 0 1 197 143 413 
-3741 -1315 -523 5623 -1134 -4308 0 0 0 0 1 214 132 409 
-3721 -1439 -771 6098 -929 -4089 0 0 0 0 1 221 117 393 
-3679 -1497 -1072 6498 -1020 -4006 0 0 0 0 1 238 117 384 
-3615 -1593 -1202 6685 -1234 -4028 0 0 0 0 1 235 110 379 
-3514 -1760 -1320 6847 -1623 -4100 0 0 0 0 1 230 99 380 
-3402 -2114 -1464 6837 -2032 -4164 0 0 0 0 1 245 88 384 
-3438 -2605 -1659 6782 -2263 -4218 0 0 0 0 1 241 79 378 
-3453 -2881 -1871 6734 -2414 -4321 0 0 0 0 1 247 63 372 
-3492 -3150 -2272 6774 -2409 -4436 0 0 0 0 1 233 63 381 
-3530 -3305 -2574 7019 -2323 -4660 0 0 0 0 1 244 35 389 
-3611 -3491 -3085 7320 -2402 -4843 0 0 0 0 1 251 25 401 
-3669 -3505 -3377 7918 -2662 -5174 0 0 0 0 1 246 23 403 
-3642 -3601 -3574 8356 -2747 -5376 0 0 0 0 1 238 9 398 
-3606 -3872 -3715 8993 -2571 -5627 0 0 0 0 1 238 -4 419 
-3746 -4161 -3703 9327 -2177 -5805 0 0 0 0 1 231 -14 421 
-4024 -4280 -3682 9518 -1099 -6107 0 0 0 0 1 225 -15 443 
-4195 -4395 -3620 9436 -345 -6221 0 0 0 0 1 217 -26 430 
-4294 -4524 -3695 9238 216 -6234 0 0 0 0 1 224 -26 440 
-4248 -4489 -4045 9148 187 -6102 0 0 0 0 1 211 -35 438 
-3939 -4458 -4330 9186 193 -5570 0 0 0 0 1 212 -36 440 
-3654 -4346 -4799 9564 716 -4821 0 0 0 0 1 204 -42 448 
-3526 -4222 -5059 9995 1198 -4302 0 0 0 0 1 212 -24 447 
-3687 -4315 -4979 10621 1184 -3652 0 0 0 0 1 209 -29 447 
-4111 -4429 -4251 10460 -31 -3267 0 0 0 0 1 209 -19 435 
-4280 -4591 -3730 9694 -860 -3180 0 0 0 0 1 208 -11 434 
-4491 -4553 -3435 7863 -1482 -3256 0 0 0 0 1 201 6 441 
-3742 -554 -3212 -1680 335 1129 0 0 0 0 1 176 4 484 
-3768 -796 -3250 -1745 504 1093 0 0 0 0 1 175 -6 469 
-3697 -1070 -3183 -1903 591 1215 0 0 0 0 1 181 17 467 
-3593 -1207 -3084 -2206 541 1524 0 0 0 0 1 179 2 477 
-3457 -1403 -3000 -2451 432 1770 0 0 0 0 1 179 4 474 
-3471 -1549 -3018 -2788 217 2088 0 0 0 0 1 181 2 470 
-3507 -1752 -3107 -3044 114 2267 0 0 0 0 1 181 12 479 
-3609 -2001 -3276 -3135 162 2306 0 0 0 0 1 180 11 487 
-3642 -2286 -3486 -3141 310 2303 0 0 0 0 1 169 -2 477 
-3602 -2485 -3798 -2941 239 2316 0 0 0 0 1 189 -1 476 
-3544 -2554 -3890 -2708 147 2382 0 0 0 0 1 181 0 488 
-3257 -2932 -4359 -2207 -12 2612 0 0 0 0 1 176 2 479 
-3240 -3083 -4591 -1785 -112 2794 0 0 0 0 1 178 1 483 
-3413 -3311 -4735 -1103 49 2987 0 0 0 0 1 189 13 478 
-4131 -3859 -4908 -513 844 2980 0 0 0 0 1 174 9 481 
-4625 -4005 -4981 -241 1640 2844 0 0 0 0 1 182 33 492 
-5312 -4966 -5105 -41 2831 2571 0 0 0 0 1 179 39 491 
-5558 -5928 -5005 -225 3717 2546 0 0 0 0 1 204 33 459 
-6111 -7924 -4610 -694 3961 2722 0 0 0 0 1 209 41 451 
-6851 -9728 -4261 -2197 3937 3237 0 0 0 0 1 211 47 452 
-8029 -12451 -3314 -5331 5335 3780 0 0 0 0 1 218 60 438 
-9638 -14430 -2557 -8461 6981 3680 0 0 0 0 1 215 60 429 
-10744 -15541 -1652 -14535 9216 2414 0 0 0 0 1 235 56 400 
-11682 -17129 -902 -18700 9900 1165 0 0 0 0 1 251 38 350 
-12006 -18832 -816 -23694 9243 370 0 0 0 0 1 254 31 323 
-11331 -21068 -1746 -25996 7531 1485 0 0 0 0 1 253 25 299 
-10952 -21795 -2332 -28445 2415 5501 0 0 0 0 1 257 44 304 
-12084 -18336 -4655 -29387 -1069 9750 0 0 0 0 1 252 68 311 
-12721 -18292 -5587 -28771 369 11304 0 0 0 0 1 238 95 337 
-12541 -18717 -5210 -25782 4083 11132 0 0 0 0 1 217 105 356 
-9452 -18421 -4317 -22330 4150 10357 0 0 0 0 1 214 115 377 
-8213 -16855 -3147 -14995 2301 6998 0 0 0 0 1 202 134 400 
-5623 -15058 -894 -9912 1950 4498 0 0 0 0 1 187 116 424 
-2708 -14769 1123 -4590 1969 3447 0 0 0 0 1 189 131 438 
-312 -13067 3555 -2562 1256 3921 0 0 0 0 1 179 117 440 
-316 -11982 4180 -439 215 4155 0 0 0 0 1 179 137 440 
-1751 -10260 3637 837 -247 3361 0 0 0 0 1 169 142 442 
-2559 -9200 3319 2101 -452 1456 0 0 0 0 1 176 164 437 
-2822 -7884 2931 2339 -594 403 0 0 0 0 1 169 157 435 
-2754 -7192 2816 1888 -1032 -453 0 0 0 0 1 180 165 434 
-2613 -6610 2938 1275 -1485 -643 0 0 0 0 1 173 165 429 
-2157 -5395 2717 693 -1925 -716 0 0 0 0 1 173 158 431 
-2139 -5047 2540 221 -2362 -957 0 0 0 0 1 180 153 450 
-2177 -3827 1860 286 -2461 -1510 0 0 0 0 1 168 165 466 
-2233 -3565 1725 567 -2406 -2004 0 0 0 0 1 167 149 456 
-2271 -2818 1330 1169 -2368 -2730 0 0 0 0 1 169 139 463 
-2260 -2429 1212 1577 -2424 -3117 0 0 0 0 1 166 136 464 
-2390 -2007 1064 2094 -2544 -3526 0 0 0 0 1 167 137 474 
-2598 -1722 899 2374 -2535 -3710 0 0 0 0 1 168 136 483 
-2993 -1367 493 2787 -2308 -3925 0 0 0 0 1 173 118 469 
-3230 -1143 205 3079 -1846 -4010 0 0 0 0 1 184 120 484 
-3385 -803 -171 3532 -703 -4000 0 0 0 0 1 182 116 478 
-3417 -548 -364 3833 7 -3900 0 0 0 0 1 184 112 472 
-3291 -347 -524 4263 534 -3636 0 0 0 0 1 202 105 470 
-3085 -215 -593 4518 581 -3454 0 0 0 0 1 195 105 456 
-2968 -102 -553 4792 265 -3301 0 0 0 0 1 206 104 441 
-2985 17 -487 4841 -274 -3290 0 0 0 0 1 215 104 438 
-2996 45 -660 4704 -1502 -3355 0 0 0 0 1 217 98 435 
-3036 57 -828 4401 -2321 -3512 0 0 0 0 1 219 103 437 
-3128 -9 -1118 4189 -2334 -3652 0 0 0 0 1 214 90 435 
-3199 -76 -1336 4006 -1994 -3894 0 0 0 0 1 221 83 447 
-3177 -139 -1632 4007 -1850 -4046 0 0 0 0 1 221 58 449 
-3046 -231 -1750 4171 -1852 -4212 0 0 0 0 1 224 56 458 
-2798 -443 -1815 4361 -1886 -4288 0 0 0 0 1 214 53 437 
-2701 -606 -1913 4777 -1863 -4453 0 0 0 0 1 214 44 440 
-2641 -678 -2122 5375 -1696 -4754 0 0 0 0 1 219 36 451 
-2741 -675 -2387 5879 -1501 -5083 0 0 0 0 1 217 39 449 
-3225 -642 -2658 6668 -954 -5743 0 0 0 0 1 209 17 453 
-3533 -708 -2858 7147 -547 -6133 0 0 0 0 1 212 12 458 
-3547 -768 -2944 7783 -221 -6415 0 0 0 0 1 209 -2 451 
-3566 -1036 -3133 8297 98 -6319 0 0 0 0 1 206 -1 455 
-3458 -1463 -2913 8545 400 -6109 0 0 0 0 1 218 -11 459 
-3511 -1540 -2861 8697 -134 -5684 0 0 0 0 1 212 -9 456 
-3503 -1749 -2822 8519 -1886 -5268 0 0 0 0 1 205 -17 449 
-3871 -2026 -3029 8362 -2823 -5211 0 0 0 0 1 197 -13 471 
-4481 -2028 -3517 8374 -2934 -5625 0 0 0 0 1 186 -24 470 
-4872 -2012 -3998 8434 -1993 -5976 0 0 0 0 1 172 -12 484 
-4640 -2118 -3915 8368 107 -6197 0 0 0 0 1 182 -6 478 
-4447 -2131 -3865 8208 1383 -6081 0 0 0 0 1 173 -8 483 
-4188 -1987 -3896 7998 944 -5625 0 0 0 0 1 165 -14 467 
-3671 -2003 -4009 7706 -783 -4657 0 0 0 0 1 189 3 476 
-3748 -2010 -4023 7257 -2170 -3797 0 0 0 0 1 175 -3 478 
-4611 -1741 -4402 6780 -2091 -3463 0 0 0 0 1 179 12 493 
-5037 -1555 -4322 6145 -611 -3287 0 0 0 0 1 182 28 476 
-3939 -89 -3073 1022 294 -401 0 0 0 0 1 184 34 453 
-3864 -18 -2960 475 917 -14 0 0 0 0 1 187 35 452 
-3745 26 -2869 -67 961 330 0 0 0 0 1 184 26 440 
-3638 -29 -2729 -599 546 583 0 0 0 0 1 185 35 450 
-3618 -64 -2724 -936 215 691 0 0 0 0 1 187 33 438 
-3065 -1027 -3298 -3775 -361 1849 0 0 0 0 1 192 23 473 
-3141 -1116 -3535 -3868 -495 1897 0 0 0 0 1 185 13 485 
-3198 -1179 -3599 -3937 -469 1895 0 0 0 0 1 187 8 473 
-3214 -1234 -3730 -3993 -313 1902 0 0 0 0 1 185 8 480 
-3103 -1504 -4054 -3940 -159 1956 0 0 0 0 1 176 9 481 
-2954 -1732 -4489 -3643 92 2108 0 0 0 0 1 184 2 493 
-2860 -1812 -4762 -3119 223 2274 0 0 0 0 1 180 -3 476 
-2949 -1791 -4939 -2691 222 2329 0 0 0 0 1 189 -1 485 
-3185 -1861 -4999 -2012 -116 2282 0 0 0 0 1 178 6 492 
-3924 -1959 -5062 -1375 -718 1998 0 0 0 0 1 191 9 491 
-5730 -3340 -5769 -580 -1076 1642 0 0 0 0 1 174 4 488 
-6069 -4276 -6202 30 -556 1705 0 0 0 0 1 182 -1 501 
-6473 -5878 -6920 993 1640 2614 0 0 0 0 1 178 11 494 
-8891 -9848 -6951 758 5180 4192 0 0 0 0 1 191 34 484 
-10023 -11918 -5834 -2743 8007 5745 0 0 0 0 1 200 44 460 
-11416 -14112 -3543 -7265 8681 6067 0 0 0 0 1 231 68 412 
-12454 -14768 -2938 -15260 9408 5101 0 0 0 0 1 230 60 389 
-13915 -17361 -4421 -21210 10154 3933 0 0 0 0 1 246 50 369 
-14545 -19046 -5144 -23494 9800 4009 0 0 0 0 1 238 63 344 
-15067 -22093 -6103 -25455 7578 5875 0 0 0 0 1 250 51 321 
-15911 -20290 -7279 -26431 5438 7402 0 0 0 0 1 232 72 310 
-15634 -20169 -7640 -26887 4109 9831 0 0 0 0 1 237 91 320 
-13617 -19738 -6989 -26180 4622 10618 0 0 0 0 1 230 114 327 
-12991 -19205 -6454 -23495 3650 9881 0 0 0 0 1 206 150 378 
-9516 -17615 -4883 -18428 2001 8747 0 0 0 0 1 191 147 400 
-8096 -16465 -3433 -14255 1996 7577 0 0 0 0 1 167 130 421 
-6232 -15640 -1885 -8134 1981 6063 0 0 0 0 1 168 131 445 
-3371 -14686 758 -4764 1980 5666 0 0 0 0 1 160 137 440 
-2900 -13475 2638 -1078 2226 4927 0 0 0 0 1 163 150 441 
-2904 -11832 3643 1221 1963 3682 0 0 0 0 1 159 155 445 
-2947 -11296 3916 2030 1475 2713 0 0 0 0 1 158 157 435 
-2975 -9771 4365 2393 488 1333 0 0 0 0 1 162 191 430 
-3017 -8304 4284 2314 -163 505 0 0 0 0 1 152 177 422 
-2928 -7414 3853 2146 -876 -483 0 0 0 0 1 153 176 423 
-2798 -6143 3265 2080 -1212 -990 0 0 0 0 1 158 183 419 
-2665 -5349 2957 2058 -1585 -1570 0 0 0 0 1 169 181 421 
-2571 -4400 2740 2076 -1748 -2047 0 0 0 0 1 161 187 422 
-2679 -3657 2558 2131 -1899 -2354 0 0 0 0 1 166 182 420 
-2743 -3283 2456 2241 -2141 -2758 0 0 0 0 1 168 175 422 
-2850 -2762 2217 2402 -2317 -3128 0 0 0 0 1 176 161 426 
-3051 -2300 1775 2570 -2422 -3382 0 0 0 0 1 176 166 421 
-3275 -2087 1431 2921 -2562 -3839 0 0 0 0 1 175 168 427 
-3555 -1830 874 3204 -2631 -4166 0 0 0 0 1 189 163 431 
-3657 -1699 524 3660 -2608 -4580 0 0 0 0 1 194 155 424 
-3662 -1589 168 3959 -2462 -4766 0 0 0 0 1 197 150 427 
-3660 -1592 -30 4406 -2158 -4891 0 0 0 0 1 204 131 434 
-3554 -1710 -271 4690 -1933 -4870 0 0 0 0 1 208 128 424 
-3475 -1802 -420 5109 -1663 -4749 0 0 0 0 1 214 117 423 
-3394 -1943 -704 5387 -1574 -4663 0 0 0 0 1 234 99 420 
-3333 -2085 -989 5766 -1332 -4615 0 0 0 0 1 228 93 421 
-3376 -2200 -1135 6067 -1191 -4695 0 0 0 0 1 225 87 417 
-3505 -2355 -1414 6246 -1340 -4818 0 0 0 0 1 233 83 407 
-3464 -2507 -1563 6507 -1670 -5059 0 0 0 0 1 241 69 401 
-3563 -2833 -1862 6701 -1833 -5288 0 0 0 0 1 238 58 405 
-3733 -3085 -2158 7066 -1758 -5741 0 0 0 0 1 234 42 417 
-3952 -3418 -2552 7318 -1406 -6067 0 0 0 0 1 245 22 426 
-3893 -3656 -2781 7661 -804 -6391 0 0 0 0 1 246 13 420 
-3735 -3905 -2940 7953 -818 -6433 0 0 0 0 1 243 4 416 
-3739 -4015 -2998 8113 -1266 -6373 0 0 0 0 1 237 -25 422 
-3980 -4575 -3368 8353 -2299 -6335 0 0 0 0 1 233 -22 433 
-4558 -4852 -3686 8565 -2961 -6473 0 0 0 0 1 237 -25 434 
-5130 -4982 -4085 9020 -3488 -6917 0 0 0 0 1 197 -47 466 
-5833 -5108 -4708 9599 -2750 -7488 0 0 0 0 1 188 -53 472 
-6380 -5010 -5052 9854 -1140 -7753 0 0 0 0 1 182 -50 480 
-6212 -4895 -5070 9966 1865 -7544 0 0 0 0 1 178 -1 485 
-4198 -2934 -3616 5312 569 -3444 0 0 0 0 1 172 4 486 
-4097 -2871 -3574 4596 -15 -3181 0 0 0 0 1 168 11 476 
-3971 -2552 -3839 3875 -768 -2770 0 0 0 0 1 184 0 481 
-4037 -2164 -4026 3556 -1179 -2342 0 0 0 0 1 174 14 474 
-4160 -1680 -4063 3491 -1299 -2041 0 0 0 0 1 172 9 484 
-3527 -364 -2857 -785 -481 360 0 0 0 0 1 173 30 473 
-3760 -393 -2815 -1066 -371 286 0 0 0 0 1 178 33 471 
-3886 -408 -2785 -1447 -131 158 0 0 0 0 1 173 30 478 
-4026 -520 -2676 -1789 68 143 0 0 0 0 1 173 28 471 
-3959 -749 -2667 -1980 97 273 0 0 0 0 1 182 18 483 
-3913 -924 -2612 -2267 101 653 0 0 0 0 1 172 12 486 
-3898 -2331 -4380 -2768 154 2637 0 0 0 0 1 173 8 506 
-4333 -2440 -4643 -2242 472 2726 0 0 0 0 1 174 9 493 
-4470 -2726 -4769 -1927 649 2744 0 0 0 0 1 165 7 493 
-4666 -3541 -5299 -1375 595 2940 0 0 0 0 1 171 8 508 
-4969 -4329 -5806 -684 823 3331 0 0 0 0 1 173 18 494 
-5135 -5912 -6142 -327 1761 3743 0 0 0 0 1 168 20 492 
-5658 -7170 -6167 -302 4048 4272 0 0 0 0 1 193 31 481 
-6701 -9384 -5500 -1539 5002 4621 0 0 0 0 1 192 52 466 
-7492 -11976 -3937 -3328 3961 4896 0 0 0 0 1 206 47 466 
-8576 -13823 -3396 -7071 3819 5197 0 0 0 0 1 205 66 447 
-10633 -16143 -3753 -11877 7270 4690 0 0 0 0 1 207 68 442 
-12636 -17904 -3290 -15346 9807 3630 0 0 0 0 1 238 49 407 
-13478 -19444 -2440 -19895 12075 1827 0 0 0 0 1 239 40 371 
-14150 -21852 -1734 -22202 11515 1342 0 0 0 0 1 250 31 339 
-13353 -23551 -1847 -24779 6767 3518 0 0 0 0 1 252 34 302 
-13639 -22418 -1297 -26287 1994 6311 0 0 0 0 1 259 49 298 
-14948 -19228 -465 -27519 -3294 10776 0 0 0 0 1 238 51 316 
-13346 -17378 -1050 -26315 -3644 13690 0 0 0 0 1 230 96 345 
-12573 -18330 -2203 -20581 -346 14089 0 0 0 0 1 212 122 386 
-10457 -17950 -2666 -12888 3578 10084 0 0 0 0 1 185 131 406 
-7721 -17412 -1217 -8438 4168 7739 0 0 0 0 1 162 142 437 
-2233 -15144 3280 -4198 3272 6299 0 0 0 0 1 178 160 436 
-1495 -14565 4311 -2878 2363 5897 0 0 0 0 1 180 158 441 
-889 -12206 5847 -1715 427 4877 0 0 0 0 1 141 179 444 
-902 -11574 5558 -890 -368 3897 0 0 0 0 1 148 171 447 
-1089 -9645 4019 462 -742 2462 0 0 0 0 1 142 182 448 
-1250 -9179 3866 1132 -828 1582 0 0 0 0 1 136 188 453 
-1739 -7889 3941 1486 -982 416 0 0 0 0 1 130 185 448 
-1965 -7119 3868 1433 -1103 -207 0 0 0 0 1 133 187 455 
-1849 -6113 3708 1250 -1022 -671 0 0 0 0 1 130 192 457 
-1658 -5484 3575 956 -749 -1160 0 0 0 0 1 141 186 458 
-1536 -4566 3283 834 -687 -1623 0 0 0 0 1 145 204 452 
-1527 -4034 3006 902 -753 -1981 0 0 0 0 1 142 192 448 
-1538 -3285 2579 1195 -963 -2580 0 0 0 0 1 149 187 438 
-1749 -2714 2211 1488 -1191 -3027 0 0 0 0 1 155 183 453 
-1904 -2351 1869 2044 -1550 -3721 0 0 0 0 1 151 188 456 
-2138 -2025 1496 2427 -1671 -4147 0 0 0 0 1 174 179 453 
-2392 -1905 1340 2945 -1585 -4717 0 0 0 0 1 161 172 459 
-2553 -1817 1138 3259 -1430 -4996 0 0 0 0 1 182 155 443 
-2707 -1597 579 3744 -1224 -5248 0 0 0 0 1 186 169 449 
-2826 -1534 290 4260 -1101 -5415 0 0 0 0 1 194 138 438 
-2949 -1506 -23 4649 -995 -5512 0 0 0 0 1 208 126 427 
-3196 -1626 -653 5308 -744 -5662 0 0 0 0 1 218 116 427 
-3247 -1680 -754 5755 -489 -5770 0 0 0 0 1 220 118 429 
-3287 -1980 -890 6331 -155 -5881 0 0 0 0 1 224 95 419 
-3269 -2051 -948 6590 -109 -5882 0 0 0 0 1 233 80 412 
-3062 -2139 -1146 6750 -430 -5789 0 0 0 0 1 233 73 414 
-2954 -2316 -1442 6755 -868 -5697 0 0 0 0 1 245 66 405 
-2963 -2705 -1666 6780 -1592 -5586 0 0 0 0 1 250 31 405 
-3292 -3313 -1980 6858 -2060 -5607 0 0 0 0 1 235 7 414 
-3492 -3622 -2265 7099 -2665 -5782 0 0 0 0 1 244 13 415 
-3568 -3961 -2598 7328 -2747 -5948 0 0 0 0 1 244 -13 422 
-3608 -4069 -2828 7814 -2258 -6319 0 0 0 0 1 233 -14 437 
-4543 -4101 -3624 8697 -1271 -7069 0 0 0 0 1 235 -31 435 
-5120 -3949 -4114 9421 -269 -7617 0 0 0 0 1 233 -31 442 
-5085 -4015 -4210 10524 1239 -8074 0 0 0 0 1 218 -47 448 
-4883 -4055 -4164 11396 1888 -7927 0 0 0 0 1 207 -56 447 
-4118 -4440 -3456 11623 1668 -7091 0 0 0 0 1 205 -63 449 
-3964 -4688 -3157 11227 958 -6250 0 0 0 0 1 214 -66 456 
-3692 -4828 -2757 9876 -318 -4814 0 0 0 0 1 207 -68 460 
-3821 -5216 -2974 8863 -865 -3952 0 0 0 0 1 197 -62 459 
-4089 -5184 -3510 7722 -789 -3101 0 0 0 0 1 185 -45 471 
-4415 -5116 -4187 7319 -176 -2836 0 0 0 0 1 188 -41 474 
-4678 -5027 -4564 7224 726 -2849 0 0 0 0 1 180 -25 469 
-4780 -4613 -4737 7288 886 -3030 0 0 0 0 1 181 -22 472 
-4940 -4522 -4642 7237 476 -3461 0 0 0 0 1 191 -12 460 
-4915 -4262 -4158 6583 -621 -3799 0 0 0 0 1 179 -12 477 
-4675 -3949 -3709 5749 -1459 -3814 0 0 0 0 1 176 -7 472 
-4441 -3728 -3560 4125 -2049 -3371 0 0 0 0 1 184 -12 477 
-3946 -3352 -3464 2558 -1745 -2461 0 0 0 0 1 160 -14 486 
-3854 -2798 -3689 1820 -1447 -1861 0 0 0 0 1 171 -11 480 
-4043 -2525 -3811 1247 -1176 -1308 0 0 0 0 1 168 3 485 
-4447 -2118 -3802 1121 -1264 -1235 0 0 0 0 1 169 -7 491 
-4675 -1452 -3611 1015 -1723 -1434 0 0 0 0 1 165 -12 486 
-4569 -1088 -3325 769 -1896 -1615 0 0 0 0 1 161 -25 499 
-4675 -1704 -4120 -4025 -753 3342 0 0 0 0 1 147 -30 524 
-4883 -1750 -4580 -3946 -471 3435 0 0 0 0 1 141 -34 509 
-5229 -2269 -5037 -3667 44 3501 0 0 0 0 1 143 -29 516 
-5453 -2495 -5225 -3449 443 3573 0 0 0 0 1 142 -38 511 
-4954 -2921 -5545 -3376 541 3824 0 0 0 0 1 154 -30 515 
-4740 -3258 -5905 -3221 427 4417 0 0 0 0 1 159 -33 513 
-4549 -4062 -6285 -2967 573 5081 0 0 0 0 1 162 -34 516 
-5938 -5897 -7392 -2546 677 5265 0 0 0 0 1 154 -18 506 
-7255 -7807 -7891 -2041 891 5243 0 0 0 0 1 163 -20 513 
-8280 -9917 -7816 -2749 1536 5687 0 0 0 0 1 171 -13 504 
-9171 -12500 -7154 -4285 3076 6311 0 0 0 0 1 179 0 493 
-10478 -14191 -7070 -8001 6151 6989 0 0 0 0 1 179 0 486 
-11957 -16749 -6152 -11129 8183 7031 0 0 0 0 1 212 9 440 
-12777 -18309 -5249 -15933 9044 6389 0 0 0 0 1 227 15 413 
-13176 -19518 -4607 -18642 7892 6069 0 0 0 0 1 245 14 384 
-13404 -21867 -4391 -21167 2910 7246 0 0 0 0 1 245 17 377 
-13371 -22093 -4384 -21708 -1051 9332 0 0 0 0 1 251 15 378 
-14121 -19928 -3696 -21200 -2474 12543 0 0 0 0 1 234 45 380 
-13618 -19853 -2986 -20165 -761 14177 0 0 0 0 1 219 63 398 
-11263 -19530 -1074 -18253 542 14875 0 0 0 0 1 212 80 414 
-10497 -19407 -993 -13794 2683 13774 0 0 0 0 1 195 117 428 
-7714 -18150 333 -8930 4689 11180 0 0 0 0 1 186 117 430 
-4937 -15783 2364 -6087 4276 9450 0 0 0 0 1 172 139 437 
-2996 -13437 4408 -2791 2230 7027 0 0 0 0 1 159 160 441 
-1384 -11744 5624 -681 698 5085 0 0 0 0 1 147 170 429 
-747 -10912 5861 182 342 4094 0 0 0 0 1 133 182 436 
-348 -10080 5999 796 318 2907 0 0 0 0 1 147 190 438 
-556 -8605 6123 856 157 2093 0 0 0 0 1 135 185 436 
-907 -7575 6082 633 -663 844 0 0 0 0 1 126 195 436 
-1113 -6311 5653 387 -1321 162 0 0 0 0 1 129 196 435 
-1058 -5585 5245 -17 -1878 -512 0 0 0 0 1 121 199 445 
-1001 -4566 4627 -240 -1923 -806 0 0 0 0 1 119 199 462 
-939 -4004 4173 -361 -1769 -1141 0 0 0 0 1 123 204 462 
-968 -3365 3494 -156 -1470 -1560 0 0 0 0 1 129 201 465 
-1381 -2776 2845 130 -1319 -1960 0 0 0 0 1 125 188 460 
-1805 -2296 2300 702 -1228 -2608 0 0 0 0 1 121 192 476 
-1944 -2193 2173 1124 -1198 -2997 0 0 0 0 1 143 179 465 
-2321 -1865 1747 1754 -1188 -3402 0 0 0 0 1 146 181 467 
-2529 -1680 1274 2148 -1096 -3526 0 0 0 0 1 145 177 473 
-2691 -1607 1088 2589 -687 -3595 0 0 0 0 1 155 174 465 
-2818 -1497 838 2775 -428 -3590 0 0 0 0 1 166 163 452 
-2762 -1410 702 2878 -351 -3518 0 0 0 0 1 171 158 457 
-2827 -1323 476 2825 -774 -3473 0 0 0 0 1 179 161 449 
-3028 -1207 200 2761 -1164 -3477 0 0 0 0 1 175 163 436 
-3145 -1078 -223 2671 -1382 -3491 0 0 0 0 1 185 143 438 
-3257 -1011 -542 2619 -1206 -3535 0 0 0 0 1 174 142 451 
-3197 -797 -812 2601 -672 -3628 0 0 0 0 1 189 128 445 
-3140 -557 -1149 2662 -359 -3670 0 0 0 0 1 188 127 440 
-2961 -282 -1524 2793 -187 -3708 0 0 0 0 1 202 112 437 
-3034 -263 -1612 3097 -450 -3859 0 0 0 0 1 207 105 423 
-3038 -94 -1707 3318 -882 -4041 0 0 0 0 1 214 98 428 
-3080 -59 -1685 3520 -1696 -4372 0 0 0 0 1 225 82 431 
-2944 -69 -1834 3487 -2597 -4548 0 0 0 0 1 221 76 430 
-2969 -14 -2099 3386 -2902 -4644 0 0 0 0 1 226 73 451 
-3141 48 -2370 3303 -2459 -4884 0 0 0 0 1 213 45 445 
-3326 201 -2621 3379 -1713 -5083 0 0 0 0 1 214 46 451 
-3372 234 -2758 3750 -612 -5351 0 0 0 0 1 227 25 450 
-3393 329 -2835 4140 -94 -5490 0 0 0 0 1 220 8 457 
-3344 305 -2758 4843 275 -5649 0 0 0 0 1 222 8 448 
-3252 324 -2569 5278 183 -5719 0 0 0 0 1 213 -11 450 
-3102 175 -2453 5760 -378 -5729 0 0 0 0 1 227 -30 455 
-3000 -209 -2139 5891 -913 -5660 0 0 0 0 1 217 -24 447 
-3034 -324 -2139 5851 -1155 -5614 0 0 0 0 1 208 -40 459 
-3815 -235 -2757 5891 -942 -5751 0 0 0 0 1 200 -49 463 
-4087 -3 -3173 6305 195 -5940 0 0 0 0 1 192 -57 473 
-4169 312 -3357 6714 963 -5885 0 0 0 0 1 189 -42 464 
-4274 413 -3268 7189 789 -5454 0 0 0 0 1 199 -60 476 
-4160 322 -2860 7101 -479 -4815 0 0 0 0 1 182 -67 480 
-4086 201 -2654 6727 -1204 -4432 0 0 0 0 1 173 -62 476 
-4308 107 -2555 6147 -1892 -4144 0 0 0 0 1 171 -60 492 
-4451 151 -2935 5981 -1784 -4106 0 0 0 0 1 160 -49 498 
-4648 224 -3155 6104 -719 -4185 0 0 0 0 1 155 -36 512 
-4888 392 -3185 6273 98 -4223 0 0 0 0 1 141 -31 514 
-5204 516 -3060 6337 79 -4170 0 0 0 0 1 152 -33 508 
-5118 642 -2708 5851 -977 -3742 0 0 0 0 1 154 -35 515 
-5000 627 -2488 5221 -1360 -3296 0 0 0 0 1 152 -20 515 
-4869 638 -2164 4266 -1481 -2529 0 0 0 0 1 140 -15 513 
-3836 1158 -2314 1961 259 -207 0 0 0 0 1 154 33 497 
-3904 1087 -2430 1741 -180 21 0 0 0 0 1 156 42 506 
-4142 1023 -2422 1476 -323 80 0 0 0 0 1 143 51 500 
-4263 954 -2423 970 -137 80 0 0 0 0 1 152 52 499 
-4368 923 -2517 491 248 62 0 0 0 0 1 156 50 497 
-4268 836 -2646 223 561 102 0 0 0 0 1 143 66 507 
-4229 804 -2771 -221 950 256 0 0 0 0 1 153 61 502 
-4043 600 -2755 -606 1056 455 0 0 0 0 1 163 57 497 
-4474 -1832 -6172 1367 682 1495 0 0 0 0 1 161 57 490 
-4839 -3050 -6609 2072 1834 1871 0 0 0 0 1 172 66 493 
-5341 -4372 -6693 2656 4824 2202 0 0 0 0 1 169 107 463 
-6460 -6841 -6193 2736 7240 2145 0 0 0 0 1 189 106 445 
-7758 -8852 -5570 1971 8263 1299 0 0 0 0 1 198 115 421 
-9395 -12894 -3282 135 6273 660 0 0 0 0 1 218 111 396 
-8944 -14627 -2341 -4976 4862 272 0 0 0 0 1 218 118 382 
-9696 -16207 -2243 -11356 7786 -34 0 0 0 0 1 222 94 378 
-9920 -17401 -1146 -15721 9197 -434 0 0 0 0 1 232 99 357 
-10315 -18599 -160 -21353 9099 -961 0 0 0 0 1 237 87 345 
-11430 -20531 -178 -23973 7961 -850 0 0 0 0 1 240 51 309 
-11893 -21431 -715 -26517 5782 323 0 0 0 0 1 253 52 306 
-12938 -21875 -3341 -27748 3500 2076 0 0 0 0 1 254 49 302 
-12842 -21433 -4449 -28035 1467 3370 0 0 0 0 1 244 57 301 
-11820 -20797 -4682 -27476 -493 5915 0 0 0 0 1 253 60 317 
-9563 -19472 -3326 -26027 -766 7241 0 0 0 0 1 239 77 348 
-8863 -18563 -3233 -21658 -997 7414 0 0 0 0 1 239 77 373 
-6799 -17292 -837 -18027 -603 6943 0 0 0 0 1 207 93 414 
-4621 -15498 -503 -11480 -349 6323 0 0 0 0 1 211 87 431 
-2112 -13250 465 -4933 554 5836 0 0 0 0 1 194 87 438 
-1310 -11483 1934 -1385 1217 5366 0 0 0 0 1 188 95 435 
-1555 -10821 2676 2234 1610 4384 0 0 0 0 1 187 123 420 
-2110 -9963 3639 3377 1760 3613 0 0 0 0 1 182 126 417 
-2480 -9294 4074 3411 1799 2462 0 0 0 0 1 198 152 416 
-2660 -8272 4456 2653 1718 1846 0 0 0 0 1 195 149 409 
-2504 -7635 4726 1025 1273 1231 0 0 0 0 1 195 152 395 
-2265 -6925 4767 27 623 938 0 0 0 0 1 184 149 402 
-1996 -5519 4054 -650 -153 620 0 0 0 0 1 184 169 391 
-1933 -4895 3536 -934 -988 12 0 0 0 0 1 191 154 402 
-1703 -4185 2928 -697 -1249 -401 0 0 0 0 1 188 166 409 
-1683 -3973 2798 93 -1313 -983 0 0 0 0 1 176 154 412 
-1793 -3258 2389 1098 -1089 -1531 0 0 0 0 1 187 150 415 
-1850 -2950 2305 1743 -766 -1862 0 0 0 0 1 192 153 408 
-2003 -2698 2301 2558 -282 -2291 0 0 0 0 1 197 153 408 
-2140 -2459 2236 2989 -142 -2477 0 0 0 0 1 204 141 408 
-2205 -2356 2115 3515 -302 -2648 0 0 0 0 1 197 143 408 
-2536 -2256 1839 3821 -632 -2760 0 0 0 0 1 194 138 399 
-2759 -2267 1561 4299 -1235 -2944 0 0 0 0 1 206 145 387 
-2951 -2267 1028 4661 -1564 -3047 0 0 0 0 1 214 134 377 
-2962 -2269 672 5264 -1785 -3169 0 0 0 0 1 221 132 379 
-3009 -2342 188 5711 -1793 -3244 0 0 0 0 1 227 118 373 
-2991 -2390 -64 6397 -1677 -3361 0 0 0 0 1 231 120 381 
-3004 -2555 -320 6826 -1604 -3447 0 0 0 0 1 238 107 377 
-3070 -2790 -476 7303 -1443 -3624 0 0 0 0 1 238 105 367 
-3046 -3291 -702 7457 -1147 -3773 0 0 0 0 1 250 100 367 
-3027 -3574 -971 7477 -1181 -3820 0 0 0 0 1 244 77 355 
-2971 -3841 -1272 7527 -1435 -3856 0 0 0 0 1 259 63 360 
-3102 -4288 -1718 7640 -1678 -3930 0 0 0 0 1 252 46 356 
-3487 -4682 -2272 7950 -2320 -4239 0 0 0 0 1 252 36 360 
-3726 -4887 -2637 8387 -3078 -4772 0 0 0 0 1 248 33 366 
-3821 -5145 -2927 8733 -3461 -5172 0 0 0 0 1 254 14 372 
-4064 -5700 -3788 9347 -3443 -5779 0 0 0 0 1 240 -9 395 
-4199 -5851 -4165 9799 -2821 -6146 0 0 0 0 1 255 -13 399 
-4310 -6006 -4385 10406 -1287 -6516 0 0 0 0 1 243 -17 409 
-4478 -6145 -4520 10722 -539 -6608 0 0 0 0 1 228 -51 423 
-4422 -6291 -4584 10957 -305 -6500 0 0 0 0 1 238 -49 423 
-4225 -6599 -4282 10868 -936 -6240 0 0 0 0 1 219 -51 419 
-3752 -6749 -4210 10440 -2730 -5507 0 0 0 0 1 217 -53 447 
-3995 -6864 -4513 10114 -3662 -5007 0 0 0 0 1 206 -45 457 
-4236 -6881 -4716 9929 -3889 -4613 0 0 0 0 1 202 -53 467 
-5333 -6901 -5520 10200 -1569 -4769 0 0 0 0 1 176 -24 495 
-5833 -6500 -5615 10367 1211 -4991 0 0 0 0 1 174 -26 498 
-5775 -6124 -5223 10309 2352 -4998 0 0 0 0 1 175 3 485 
-5470 -5895 -4683 9636 1997 -4743 0 0 0 0 1 179 9 474 
-4858 -5627 -3482 8718 909 -4488 0 0 0 0 1 193 17 467 
-4681 -5548 -3413 7030 -1155 -3911 0 0 0 0 1 191 17 470 
-4477 -5177 -3713 5506 -2506 -3235 0 0 0 0 1 175 6 480 
-4607 -4819 -4169 4784 -2612 -2835 0 0 0 0 1 179 26 481 
-3973 -809 -3998 -175 -276 238 0 0 0 0 1 185 30 464 
-4281 -730 -4119 -508 -104 244 0 0 0 0 1 168 25 466 
-4420 -689 -4101 -865 51 122 0 0 0 0 1 169 31 463 
-4499 -662 -4029 -1049 68 101 0 0 0 0 1 178 15 462 
-4368 -678 -3963 -1377 1 354 0 0 0 0 1 180 18 464 
-4203 -660 -3833 -1826 -114 866 0 0 0 0 1 176 17 465 
-4193 -742 -3693 -2200 -83 1261 0 0 0 0 1 176 12 477 
-4417 -883 -3703 -2759 96 1734 0 0 0 0 1 171 25 476 
-4523 -1081 -3696 -3239 179 2024 0 0 0 0 1 171 15 478 
-4616 -1512 -3686 -3496 100 2152 0 0 0 0 1 178 18 480 
-4691 -1808 -3737 -3785 -243 2297 0 0 0 0 1 163 13 494 
-4835 -2169 -3795 -3949 -524 2380 0 0 0 0 1 179 4 481 
-4883 -2312 -3773 -4179 -784 2549 0 0 0 0 1 176 2 493 
-4929 -2656 -3998 -4263 -864 2701 0 0 0 0 1 161 15 499 
-5044 -2650 -4143 -4276 -704 2867 0 0 0 0 1 163 -8 501 
-5308 -3143 -4652 -4118 -612 2972 0 0 0 0 1 165 0 509 
-5558 -3796 -5532 -3515 -584 3194 0 0 0 0 1 176 -7 502 
-5576 -4549 -6338 -2947 -319 3458 0 0 0 0 1 168 1 506 
-5664 -4911 -6624 -1922 479 3964 0 0 0 0 1 165 2 505 
-6162 -6259 -7017 -1090 1899 4533 0 0 0 0 1 175 11 513 
-7383 -8333 -6595 -969 2818 4931 0 0 0 0 1 171 15 501 
-7798 -10210 -6141 -2286 3977 5933 0 0 0 0 1 182 38 485 
-8080 -12277 -5876 -4249 4766 6847 0 0 0 0 1 187 35 483 
-8292 -14266 -5548 -8490 6214 8343 0 0 0 0 1 198 58 460 
-9772 -16389 -5051 -11934 7464 8855 0 0 0 0 1 197 60 438 
-11422 -17582 -4976 -16891 8855 8462 0 0 0 0 1 217 63 421 
-13490 -18449 -4972 -19301 8645 7835 0 0 0 0 1 208 67 408 
-15477 -19397 -5396 -21368 8298 7863 0 0 0 0 1 220 67 406 
-17135 -21268 -6782 -21917 7374 8721 0 0 0 0 1 232 74 378 
-18039 -21361 -7412 -22493 6130 10159 0 0 0 0 1 232 87 364 
-18999 -20251 -6741 -23039 5790 10598 0 0 0 0 1 217 105 360 
-14723 -20095 -4553 -22511 2900 11711 0 0 0 0 1 208 116 373 
-12799 -18635 -2856 -20058 -777 12554 0 0 0 0 1 176 137 437 
-11227 -15698 -2073 -14947 -1999 10868 0 0 0 0 1 160 132 467 
-7598 -14951 -2136 -10378 -1547 9464 0 0 0 0 1 133 131 480 
-4115 -14152 133 -4112 622 7751 0 0 0 0 1 108 142 491 
-2582 -12700 2660 859 1978 5566 0 0 0 0 1 108 152 495 
-2444 -11918 4469 2215 1501 3865 0 0 0 0 1 113 166 488 
-2562 -10511 5142 2355 767 2776 0 0 0 0 1 106 181 486 
-2508 -9074 4594 2071 -495 1471 0 0 0 0 1 114 182 485 
-2363 -8264 4151 1566 -1069 569 0 0 0 0 1 100 182 480 
-2157 -7105 3490 1248 -1173 95 0 0 0 0 1 104 192 483 
-1813 -6457 3208 913 -1083 -464 0 0 0 0 1 95 192 490 
-1274 -5589 3005 773 -941 -816 0 0 0 0 1 89 196 484 
-1063 -4711 2921 695 -956 -1422 0 0 0 0 1 101 193 488 
-1143 -3920 2742 773 -1385 -2085 0 0 0 0 1 106 191 493 
-1216 -3692 2672 885 -1735 -2494 0 0 0 0 1 106 198 491 
-1349 -3134 2378 1142 -1978 -3033 0 0 0 0 1 97 192 487 
-1759 -2618 2016 1374 -1934 -3393 0 0 0 0 1 110 193 491 
-2011 -2326 1753 1816 -1754 -3909 0 0 0 0 1 116 180 494 
-2383 -1981 1252 2189 -1575 -4217 0 0 0 0 1 123 172 499 
-2633 -1768 935 2837 -1276 -4614 0 0 0 0 1 135 172 483 
-2860 -1541 561 3485 -978 -4872 0 0 0 0 1 134 166 486 
-2899 -1417 344 3847 -801 -4956 0 0 0 0 1 146 169 472 
-2894 -1382 250 4242 -625 -4981 0 0 0 0 1 146 157 470 
-2863 -1389 200 4386 -580 -4977 0 0 0 0 1 162 161 456 
-2879 -1568 87 4454 -596 -4985 0 0 0 0 1 163 158 471 
-2935 -1629 32 4481 -723 -5083 0 0 0 0 1 189 145 462 
-3026 -1749 -191 4523 -923 -5284 0 0 0 0 1 205 132 437 
-3000 -1974 -369 4565 -1045 -5436 0 0 0 0 1 214 127 433 
-3036 -2094 -551 4679 -1416 -5691 0 0 0 0 1 215 116 443 
-3123 -2288 -931 4810 -1770 -5885 0 0 0 0 1 217 95 437 
-3230 -2494 -1138 5080 -2097 -6227 0 0 0 0 1 224 88 433 
-3616 -2851 -1693 5478 -1987 -6654 0 0 0 0 1 227 74 438 
-3760 -2866 -1838 5818 -1734 -7012 0 0 0 0 1 227 60 434 
-4310 -2932 -2241 6397 -1269 -7632 0 0 0 0 1 228 29 444 
-4626 -2973 -2468 6766 -936 -8021 0 0 0 0 1 224 9 442 
-4639 -3072 -2552 7228 -483 -8405 0 0 0 0 1 239 -1 445 
-4277 -3291 -2607 7538 -267 -8402 0 0 0 0 1 230 -20 450 
-3922 -3449 -2583 7652 -233 -8132 0 0 0 0 1 227 -30 448 
-3743 -3725 -2580 7761 -469 -7470 0 0 0 0 1 220 -40 452 
-3991 -4007 -2773 7624 -1262 -6773 0 0 0 0 1 201 -60 459 
-4331 -4295 -2847 7366 -1645 -6399 0 0 0 0 1 207 -76 472 
-5276 -4398 -3360 7041 -1375 -6220 0 0 0 0 1 186 -78 477 
-5672 -4302 -3687 7015 -43 -6334 0 0 0 0 1 176 -73 495 
-6070 -4160 -4021 7276 1672 -6442 0 0 0 0 1 166 -74 492 
-6096 -3966 -4109 7489 2292 -6340 0 0 0 0 1 171 -79 511 
-5558 -3765 -3834 7544 2000 -5793 0 0 0 0 1 169 -78 509 
-5298 -3706 -3614 7347 1034 -5277 0 0 0 0 1 163 -55 490 
-4992 -3693 -3365 6629 -618 -4353 0 0 0 0 1 166 -62 497 
-4802 -3689 -3277 6033 -1280 -3754 0 0 0 0 1 163 -60 501 
-4931 -3561 -3542 5334 -1399 -3077 0 0 0 0 1 149 -60 518 
-4937 -3258 -3799 4968 -551 -2678 0 0 0 0 1 146 -51 509 
-4990 -3028 -3865 4883 175 -2588 0 0 0 0 1 155 -31 514 
-5087 -2651 -3710 4821 688 -2679 0 0 0 0 1 141 -22 512 
-5062 -2421 -3484 4574 123 -2865 0 0 0 0 1 152 -15 511 
-4817 -2048 -3115 4227 -527 -2922 0 0 0 0 1 142 -15 506 
-4570 -1877 -2909 3526 -1220 -2761 0 0 0 0 1 139 -17 514 
-4217 -1533 -2995 2919 -1094 -2301 0 0 0 0 1 145 -11 506 
-3897 -1264 -3167 2600 -165 -1685 0 0 0 0 1 142 -1 508 
-3787 -972 -3246 2510 844 -1189 0 0 0 0 1 140 -1 520 
-3842 -781 -3063 2393 1225 -903 0 0 0 0 1 136 -7 507 
-3802 -665 -2703 2178 1014 -791 0 0 0 0 1 148 7 509 
-3709 -541 -2538 1669 356 -653 0 0 0 0 1 143 4 505 
-3541 -399 -2431 1060 -98 -498 0 0 0 0 1 160 4 502 
-3492 -374 -2507 682 -110 -392 0 0 0 0 1 154 8 497 
-3454 -357 -2595 231 194 -225 0 0 0 0 1 154 1 499 
-3355 -370 -2587 -11 512 -109 0 0 0 0 1 146 12 498 
-3342 -392 -2510 -331 855 22 0 0 0 0 1 155 7 505 
-3463 -465 -2401 -527 785 71 0 0 0 0 1 155 0 495 
-3511 -526 -2234 -863 336 169 0 0 0 0 1 159 11 492 
-3583 -644 -2112 -1260 -124 301 0 0 0 0 1 148 0 498 
-3600 -722 -2125 -1513 -346 426 0 0 0 0 1 161 -1 511 
-3588 -836 -2162 -1854 -445 679 0 0 0 0 1 163 3 501 
-3616 -968 -2214 -2154 -312 917 0 0 0 0 1 151 -9 502 
-3708 -1098 -2319 -2304 -188 1046 0 0 0 0 1 160 -12 514 
-3751 -1262 -2406 -2419 -112 1196 0 0 0 0 1 149 -8 511 
-4006 -1531 -2643 -2412 -185 1268 0 0 0 0 1 155 -9 516 
-4069 -1634 -2739 -2329 -69 1313 0 0 0 0 1 159 -20 515 
-4162 -1832 -3024 -2199 119 1337 0 0 0 0 1 145 -13 522 
-4398 -1980 -3529 -1827 404 1329 0 0 0 0 1 152 -25 520 
-4738 -2181 -3827 -1260 531 1254 0 0 0 0 1 147 -23 515 
-5522 -2613 -4571 -785 255 1224 0 0 0 0 1 159 -28 515 
-5898 -3554 -5568 41 -257 1525 0 0 0 0 1 148 -26 512 
-5892 -4323 -6320 839 528 2457 0 0 0 0 1 151 -14 526 
-6334 -4942 -6789 1059 2353 3227 0 0 0 0 1 161 -6 508 
-6641 -6263 -6901 514 5647 4466 0 0 0 0 1 174 -2 498 
-7327 -8540 -6366 -588 6074 5205 0 0 0 0 1 184 17 479 
-6966 -10321 -5149 -3645 4568 6524 0 0 0 0 1 191 22 467 
-6571 -13658 -4644 -6173 3498 7539 0 0 0 0 1 202 39 456 
-8206 -16790 -5106 -10215 4176 8499 0 0 0 0 1 195 56 437 
-9915 -18161 -5338 -14353 8134 7333 0 0 0 0 1 220 47 417 
-13000 -20336 -4559 -16844 10803 5127 0 0 0 0 1 218 57 415 
-13950 -22128 -3700 -19395 12757 1703 0 0 0 0 1 244 30 380 
-13078 -26313 -2985 -20701 11062 865 0 0 0 0 1 245 34 328 
-12762 -26289 -1889 -21856 7614 1764 0 0 0 0 1 257 46 295 
-12997 -25236 -251 -24483 993 3904 0 0 0 0 1 263 35 287 
-13191 -21484 -1495 -25432 -2490 5710 0 0 0 0 1 258 50 322 
-11979 -20047 -2807 -24056 -3340 8911 0 0 0 0 1 241 69 345 
-9385 -20811 -3807 -21246 -59 9992 0 0 0 0 1 226 98 367 
-8460 -20396 -2356 -16049 6077 8076 0 0 0 0 1 212 107 377 
-6386 -17430 -377 -10730 6663 5303 0 0 0 0 1 212 125 381 
-2040 -13346 2193 -7841 4526 4815 0 0 0 0 1 214 122 381 
-1299 -11606 3362 -4823 973 4847 0 0 0 0 1 199 131 375 
-1824 -10712 4829 -2900 -463 4458 0 0 0 0 1 199 141 392 
-2214 -9714 4794 -1893 -277 3968 0 0 0 0 1 182 163 396 
-2047 -8754 4450 -646 816 3351 0 0 0 0 1 184 166 393 
-1639 -7209 4082 19 1529 3081 0 0 0 0 1 169 181 393 
-1665 -6305 3970 732 1801 2629 0 0 0 0 1 181 176 386 
-1776 -5138 3955 971 1524 2221 0 0 0 0 1 167 181 388 
-1825 -4526 3956 938 641 1530 0 0 0 0 1 165 186 384 
-1779 -3906 3842 712 -116 1109 0 0 0 0 1 166 197 378 
-1658 -3566 3818 154 -989 580 0 0 0 0 1 173 187 375 
-1566 -3274 3739 -248 -1337 285 0 0 0 0 1 175 199 382 
-1379 -2835 3351 -694 -1466 -96 0 0 0 0 1 167 203 398 
-1224 -2347 2752 -788 -1359 -351 0 0 0 0 1 161 197 401 
-1218 -2042 2317 -573 -1041 -788 0 0 0 0 1 162 198 405 
-1167 -1662 1791 -17 -628 -1217 0 0 0 0 1 162 198 409 
-1160 -1490 1523 455 -350 -1488 0 0 0 0 1 173 190 394 
-1288 -1318 1234 1196 -146 -1885 0 0 0 0 1 172 181 400 
-1496 -1205 997 1628 -198 -2135 0 0 0 0 1 171 182 403 
-1596 -1127 879 2088 -398 -2461 0 0 0 0 1 176 171 407 
-1646 -1076 732 2259 -471 -2614 0 0 0 0 1 197 177 396 
-1628 -1078 620 2365 -324 -2731 0 0 0 0 1 188 161 398 
-1651 -1067 473 2351 111 -2764 0 0 0 0 1 186 152 386 
-1627 -1004 362 2312 413 -2764 0 0 0 0 1 205 157 384 
-1602 -966 228 2254 641 -2767 0 0 0 0 1 213 143 375 
-1591 -928 146 2214 624 -2799 0 0 0 0 1 220 136 373 
-1701 -929 39 2191 344 -2949 0 0 0 0 1 215 138 362 
-1754 -847 -163 2207 48 -3072 0 0 0 0 1 222 131 352 
-1710 -814 -286 2276 -300 -3253 0 0 0 0 1 234 109 362 
-1729 -760 -498 2381 -392 -3369 0 0 0 0 1 238 103 346 
-1763 -727 -641 2648 -284 -3534 0 0 0 0 1 252 90 351 
-1822 -678 -799 3011 -40 -3660 0 0 0 0 1 253 74 348 
-1964 -646 -935 3281 106 -3727 0 0 0 0 1 254 68 332 
-2039 -577 -1039 3673 282 -3801 0 0 0 0 1 258 62 338 
-2253 -365 -1264 3933 371 -3876 0 0 0 0 1 266 41 328 
-2495 -186 -1515 4333 569 -4038 0 0 0 0 1 268 14 325 
-2701 -123 -1648 4757 954 -4227 0 0 0 0 1 267 -3 310 
-2935 -123 -1706 5042 1244 -4320 0 0 0 0 1 258 -20 310 
-3162 -195 -1724 5422 1401 -4365 0 0 0 0 1 264 -31 302 
-3396 -105 -1774 5627 1011 -4254 0 0 0 0 1 253 -55 320 
-3409 36 -1843 5641 659 -4114 0 0 0 0 1 261 -73 307 
