Data Quantity : 14  Accelerometer : 3  Gyroscope : 3  FSR : 5







-1654 1091 -244 -26 54 138 0 0 0 0 1 206 33 443 
-1652 1083 -242 -37 46 124 0 0 0 0 1 208 28 441 
-1636 1070 -233 -43 46 115 0 0 0 0 1 205 31 444 
-1640 1070 -234 -55 47 107 0 0 0 0 1 201 33 448 
-1660 1067 -235 -65 54 100 0 0 0 0 1 197 42 450 
-1671 1067 -230 -71 57 90 0 0 0 0 1 211 33 443 
-1674 1072 -234 -67 60 71 0 0 0 0 1 199 40 443 
-1688 1071 -236 -66 64 65 0 0 0 0 1 202 36 449 
-1697 1069 -230 -60 91 58 0 0 0 0 1 197 28 443 
-1712 1065 -223 -51 112 55 0 0 0 0 1 217 41 444 
-1714 1069 -216 -62 128 49 0 0 0 0 1 204 40 438 
-1718 1073 -193 -73 134 45 0 0 0 0 1 201 30 445 
-1706 1073 -177 -98 133 44 0 0 0 0 1 207 31 440 
-1701 1080 -175 -112 125 46 0 0 0 0 1 204 35 434 
-1705 1084 -177 -130 106 36 0 0 0 0 1 205 31 444 
-1716 1089 -185 -134 108 21 0 0 0 0 1 213 35 441 
-1696 1084 -176 -135 133 13 0 0 0 0 1 204 35 445 
-1690 1099 -172 -133 151 3 0 0 0 0 1 208 40 438 
-1704 1109 -169 -134 134 -7 0 0 0 0 1 215 33 452 
-1707 1122 -151 -144 103 -18 0 0 0 0 1 212 29 444 
-1701 1125 -126 -152 101 -19 0 0 0 0 1 215 35 436 
-1707 1129 -112 -170 84 -20 0 0 0 0 1 212 26 435 
-1710 1134 -107 -171 63 -19 0 0 0 0 1 213 38 443 
-1712 1136 -101 -169 54 -8 0 0 0 0 1 207 29 442 
-1707 1142 -107 -159 55 -2 0 0 0 0 1 212 34 447 
-1722 1147 -107 -134 60 5 0 0 0 0 1 209 29 442 
-1715 1150 -104 -111 70 1 0 0 0 0 1 208 30 434 
-1703 1152 -93 -98 87 5 0 0 0 0 1 213 23 445 
-1720 1162 -92 -88 86 -7 0 0 0 0 1 219 24 442 
-1724 1169 -92 -79 71 -11 0 0 0 0 1 215 35 445 
-1716 1159 -93 -69 57 0 0 0 0 0 1 207 31 437 
-1697 1151 -100 -62 50 19 0 0 0 0 1 218 35 420 
-1697 1145 -103 -59 39 25 0 0 0 0 1 217 29 442 
-1691 1146 -106 -60 39 37 0 0 0 0 1 211 28 436 
-1699 1146 -103 -59 43 40 0 0 0 0 1 215 28 445 
-1697 1141 -101 -56 36 37 0 0 0 0 1 222 25 422 
-1692 1135 -106 -53 23 34 0 0 0 0 1 213 30 431 
-1682 1131 -104 -35 8 37 0 0 0 0 1 219 41 430 
-1669 1112 -97 -26 1 43 0 0 0 0 1 215 23 429 
-1662 1092 -77 -20 7 47 0 0 0 0 1 218 35 431 
-1640 1056 -53 -11 15 53 0 0 0 0 1 213 33 448 
-1656 1053 -37 -5 -13 40 0 0 0 0 1 207 29 433 
-1658 1045 -38 7 -57 14 0 0 0 0 1 224 24 433 
-1637 1025 -34 15 -62 0 0 0 0 0 1 217 31 435 
-1637 1003 -34 45 -42 -19 0 0 0 0 1 215 33 443 
-1617 974 -29 66 -34 -27 0 0 0 0 1 217 22 433 
-1605 958 -9 95 -38 -39 0 0 0 0 1 218 30 436 
-1588 937 19 111 -53 -48 0 0 0 0 1 224 34 444 
-1587 915 40 137 -80 -75 0 0 0 0 1 221 39 430 
-1578 894 73 158 -107 -102 0 0 0 0 1 220 25 436 
-1575 883 75 193 -166 -137 0 0 0 0 1 209 36 440 
-1575 869 85 215 -200 -172 0 0 0 0 1 207 34 435 
-1689 883 67 274 -247 -259 0 0 0 0 1 224 26 447 
-1782 924 -9 321 -256 -311 0 0 0 0 1 215 30 445 
-1766 920 -15 385 -164 -338 0 0 0 0 1 219 22 437 
-1730 919 6 409 -71 -326 0 0 0 0 1 219 36 430 
-1731 937 -6 432 -10 -297 0 0 0 0 1 214 24 440 
-1737 961 5 425 -54 -272 0 0 0 0 1 204 25 445 
-1735 953 23 400 -114 -257 0 0 0 0 1 208 42 441 
-1734 947 30 349 -212 -248 0 0 0 0 1 212 22 442 
-1748 929 35 314 -256 -262 0 0 0 0 1 199 33 441 
-1746 911 40 280 -287 -293 0 0 0 0 1 211 30 450 
-1742 896 38 274 -322 -325 0 0 0 0 1 208 35 441 
-1733 887 35 285 -360 -367 0 0 0 0 1 202 31 440 
-1713 858 54 318 -354 -408 0 0 0 0 1 213 35 443 
-1687 827 79 341 -316 -433 0 0 0 0 1 211 33 445 
-1659 777 123 389 -208 -462 0 0 0 0 1 209 26 447 
-1593 682 190 417 -132 -472 0 0 0 0 1 206 23 448 
-1450 469 298 473 -95 -469 0 0 0 0 1 208 28 450 
-1300 297 371 518 -133 -479 0 0 0 0 1 209 22 451 
-1186 213 417 586 -241 -534 0 0 0 0 1 212 9 442 
-1068 28 570 614 -309 -598 0 0 0 0 1 217 17 449 
-962 -91 636 679 -465 -744 0 0 0 0 1 195 26 449 
-869 -284 662 820 -774 -973 0 0 0 0 1 218 15 452 
-831 -431 639 1043 -1109 -1297 0 0 0 0 1 201 13 462 
-842 -573 542 1237 -1251 -1567 0 0 0 0 1 199 3 464 
-865 -641 483 1563 -1257 -2035 0 0 0 0 1 194 11 464 
-980 -756 361 1904 -1085 -2541 0 0 0 0 1 195 12 472 
-1010 -804 309 2131 -902 -2870 0 0 0 0 1 193 0 479 
-1035 -853 296 2433 -578 -3312 0 0 0 0 1 195 2 477 
-1071 -920 292 2610 -408 -3556 0 0 0 0 1 191 -4 472 
-1160 -959 300 2808 -285 -3894 0 0 0 0 1 187 -3 464 
-1488 -953 322 2947 -453 -4236 0 0 0 0 1 193 -22 472 
-1857 -965 162 3041 -813 -4416 0 0 0 0 1 184 -26 470 
-2082 -1008 13 3186 -1438 -4617 0 0 0 0 1 184 -29 472 
-2645 -996 -228 3287 -1700 -4749 0 0 0 0 1 175 -42 492 
-3052 -1048 -502 3439 -1591 -4862 0 0 0 0 1 168 -50 487 
-3242 -1078 -637 3566 -801 -4813 0 0 0 0 1 174 -46 507 
-3546 -1059 -766 3619 -91 -4698 0 0 0 0 1 160 -61 491 
-3615 -1032 -828 3601 700 -4314 0 0 0 0 1 154 -57 497 
-3667 -1046 -859 3427 732 -3693 0 0 0 0 1 155 -63 505 
-3677 -938 -856 3054 153 -2936 0 0 0 0 1 162 -56 505 
-3751 -890 -839 2715 -354 -2435 0 0 0 0 1 159 -60 494 
-3827 -856 -904 2168 -1033 -1730 0 0 0 0 1 156 -55 501 
-3994 -815 -1076 1696 -1236 -1184 0 0 0 0 1 166 -42 518 
-4128 -722 -1339 1483 -1110 -924 0 0 0 0 1 160 -49 500 
-4122 -584 -1590 1322 -740 -633 0 0 0 0 1 136 -51 519 
-3996 -470 -1723 1281 -226 -386 0 0 0 0 1 136 -51 521 
-3698 -290 -1840 1265 289 -160 0 0 0 0 1 141 -41 516 
-3602 -233 -1794 1214 460 -25 0 0 0 0 1 146 -44 521 
-3505 -226 -1730 1005 331 159 0 0 0 0 1 146 -44 512 
-3453 -208 -1645 788 87 255 0 0 0 0 1 147 -20 513 
-3478 -173 -1635 420 -252 354 0 0 0 0 1 140 -33 506 
-3434 -130 -1670 91 -359 448 0 0 0 0 1 143 -36 521 
-3403 -70 -1785 -64 -339 518 0 0 0 0 1 138 -25 513 
-3368 -36 -1866 -218 -222 623 0 0 0 0 1 149 -20 529 
-3348 24 -2039 -254 -116 686 0 0 0 0 1 135 -30 513 
-3334 46 -2172 -217 83 795 0 0 0 0 1 139 -29 514 
-3243 58 -2302 -148 429 924 0 0 0 0 1 141 -26 514 
-3241 30 -2431 -117 678 995 0 0 0 0 1 146 -26 516 
-3260 13 -2525 -107 966 1047 0 0 0 0 1 147 -18 513 
-3308 29 -2560 -188 1100 1015 0 0 0 0 1 148 -19 507 
-3309 -37 -2621 -265 1114 981 0 0 0 0 1 154 -18 506 
-3279 -159 -2728 -331 1066 969 0 0 0 0 1 154 -11 511 
-3219 -392 -2985 -312 947 1001 0 0 0 0 1 153 -22 498 
-3165 -576 -3167 -163 752 1092 0 0 0 0 1 159 -18 504 
-3148 -849 -3390 88 638 1207 0 0 0 0 1 162 -9 509 
-3153 -1110 -3582 301 654 1272 0 0 0 0 1 168 -8 497 
-3323 -1357 -3663 639 940 1268 0 0 0 0 1 187 -8 504 
-3580 -1758 -3732 828 1212 1211 0 0 0 0 1 179 2 507 
-3735 -2165 -3830 1022 1606 1100 0 0 0 0 1 169 7 500 
-4026 -3137 -3725 1016 2022 1025 0 0 0 0 1 179 4 493 
-4041 -3516 -3677 780 2918 951 0 0 0 0 1 181 12 491 
-4046 -4462 -3494 501 3568 952 0 0 0 0 1 201 13 478 
-4095 -4763 -3357 -120 4211 989 0 0 0 0 1 222 25 457 
-4229 -6086 -2946 -1101 3504 1212 0 0 0 0 1 222 15 445 
-5309 -9446 -2906 -2503 1719 1750 0 0 0 0 1 227 23 424 
-5774 -10437 -3021 -3805 1213 2277 0 0 0 0 1 230 20 441 
-7239 -13396 -3746 -6767 4335 2991 0 0 0 0 1 227 23 431 
-7837 -14124 -3205 -9932 8033 2879 0 0 0 0 1 226 29 412 
-8742 -14985 -2287 -15675 10643 1196 0 0 0 0 1 246 20 375 
-9823 -16745 -577 -19241 10423 -288 0 0 0 0 1 251 3 301 
-10505 -18046 -117 -23169 8385 -1496 0 0 0 0 1 265 3 275 
-10819 -19756 -812 -25671 5017 173 0 0 0 0 1 270 1 240 
-10249 -19777 -1385 -27183 2065 2805 0 0 0 0 1 260 15 231 
-11302 -18194 -1822 -28901 -2260 6547 0 0 0 0 1 255 45 243 
-12834 -17111 -2917 -28776 -3425 8419 0 0 0 0 1 247 85 274 
-11858 -17115 -3293 -25939 -2448 10476 0 0 0 0 1 227 109 322 
-9731 -17593 -3627 -22286 -753 10810 0 0 0 0 1 213 136 369 
-6723 -16489 -2640 -15089 1732 9201 0 0 0 0 1 193 142 391 
-3699 -14881 -297 -10131 2610 7667 0 0 0 0 1 174 139 430 
-2026 -14052 1797 -4394 3206 6137 0 0 0 0 1 167 159 437 
-707 -12923 4632 -2054 2771 5635 0 0 0 0 1 151 164 435 
-922 -12046 5531 -30 1051 4691 0 0 0 0 1 156 170 422 
-1665 -10761 5529 1059 -191 3153 0 0 0 0 1 148 176 430 
-1999 -9367 4602 1533 -542 2101 0 0 0 0 1 153 191 437 
-2109 -8575 3999 1926 -531 884 0 0 0 0 1 138 192 436 
-2112 -7480 3710 1935 -232 338 0 0 0 0 1 154 207 420 
-2107 -6706 3702 1701 -48 -269 0 0 0 0 1 146 201 423 
-2049 -5202 3529 1454 -520 -848 0 0 0 0 1 151 213 428 
-2033 -4865 3472 1370 -1011 -1292 0 0 0 0 1 143 206 421 
-1976 -3853 3049 1433 -1844 -2021 0 0 0 0 1 140 212 417 
-1943 -2960 2504 1593 -2289 -2504 0 0 0 0 1 148 201 419 
-2040 -2455 2122 1964 -2664 -3205 0 0 0 0 1 156 202 415 
-2188 -2052 1789 2261 -2696 -3657 0 0 0 0 1 154 202 429 
-2601 -1510 1246 2752 -2495 -4308 0 0 0 0 1 174 181 421 
-2945 -1128 817 3085 -2232 -4653 0 0 0 0 1 187 182 429 
-3088 -975 532 3603 -1784 -4897 0 0 0 0 1 181 179 419 
-3218 -750 177 3941 -1509 -4873 0 0 0 0 1 200 164 416 
-3269 -634 -47 4422 -1216 -4641 0 0 0 0 1 211 163 410 
-3351 -508 -331 4715 -1084 -4427 0 0 0 0 1 211 138 406 
-3399 -445 -613 5110 -989 -4147 0 0 0 0 1 212 139 402 
-3412 -479 -767 5427 -1021 -3960 0 0 0 0 1 213 128 396 
-3272 -612 -907 5564 -1062 -3882 0 0 0 0 1 228 122 391 
-3132 -718 -1030 5644 -1398 -3809 0 0 0 0 1 237 96 387 
-3019 -941 -1247 5639 -1871 -3805 0 0 0 0 1 232 101 392 
-3132 -1216 -1542 5635 -2583 -3938 0 0 0 0 1 241 87 389 
-3288 -1341 -1830 5732 -2812 -4219 0 0 0 0 1 228 80 402 
-3407 -1542 -2284 5899 -2641 -4405 0 0 0 0 1 239 69 396 
-3303 -1651 -2485 6295 -1996 -4504 0 0 0 0 1 241 60 403 
-3113 -1888 -2833 6818 -1287 -4400 0 0 0 0 1 251 52 396 
-3089 -1971 -2873 7160 -971 -4300 0 0 0 0 1 244 38 406 
-3037 -2066 -2899 7558 -944 -4168 0 0 0 0 1 253 28 403 
-2987 -2279 -2822 7710 -1172 -4124 0 0 0 0 1 235 19 400 
-2978 -2524 -2724 7770 -1629 -4140 0 0 0 0 1 228 12 393 
-3024 -2699 -2702 7722 -1977 -4242 0 0 0 0 1 241 3 401 
-3286 -2888 -2872 7721 -2146 -4388 0 0 0 0 1 233 4 416 
-3447 -2968 -2994 7778 -2145 -4691 0 0 0 0 1 243 -4 409 
-3716 -3107 -3242 7920 -1868 -5006 0 0 0 0 1 218 -13 436 
-3767 -3145 -3342 8065 -1623 -5172 0 0 0 0 1 232 -15 427 
-3726 -3152 -3356 8281 -1286 -5287 0 0 0 0 1 222 -20 448 
-3757 -3216 -3320 8385 -1233 -5276 0 0 0 0 1 212 -22 440 
-3732 -3303 -3304 8501 -1305 -5147 0 0 0 0 1 217 -24 463 
-3827 -3395 -3272 8566 -1164 -4992 0 0 0 0 1 199 -13 459 
-4090 -3466 -3217 8576 -1144 -4906 0 0 0 0 1 192 -25 469 
-4324 -3541 -3113 8468 -1410 -4744 0 0 0 0 1 189 -11 473 
-4451 -3528 -2989 8021 -1326 -4563 0 0 0 0 1 192 -6 466 
-4669 -3445 -2925 7544 -1033 -4421 0 0 0 0 1 184 -9 477 
-4765 -3368 -3007 6761 -372 -4180 0 0 0 0 1 184 -12 481 
-4851 -3248 -3116 6052 -19 -3828 0 0 0 0 1 182 -11 490 
-4881 -3099 -3306 5682 -212 -3495 0 0 0 0 1 174 0 474 
-4834 -2905 -3409 5176 -1107 -2823 0 0 0 0 1 180 6 471 
-4792 -2682 -3395 4558 -1936 -2106 0 0 0 0 1 178 3 485 
-4962 -2225 -3495 4113 -2035 -1762 0 0 0 0 1 172 19 477 
-5075 -1711 -3547 3410 -1445 -1460 0 0 0 0 1 165 39 479 
-3952 -44 -3387 -587 -160 1059 0 0 0 0 1 156 38 492 
-3924 -217 -3378 -804 245 1092 0 0 0 0 1 163 38 476 
-3672 -1207 -3057 -4180 240 2586 0 0 0 0 1 149 11 513 
-3700 -1380 -3201 -4247 56 2629 0 0 0 0 1 145 23 513 
-3802 -1424 -3260 -4254 -22 2631 0 0 0 0 1 153 7 516 
-3896 -1484 -3290 -4248 24 2635 0 0 0 0 1 149 6 515 
-4052 -1572 -3300 -4241 117 2650 0 0 0 0 1 143 2 514 
-4126 -1719 -3311 -4234 238 2731 0 0 0 0 1 154 3 524 
-4285 -1921 -3311 -4223 395 2868 0 0 0 0 1 143 2 514 
-4291 -2198 -3383 -4175 448 3021 0 0 0 0 1 151 0 523 
-4349 -2476 -3526 -3956 376 3297 0 0 0 0 1 165 -12 514 
-4709 -2853 -3723 -3723 323 3421 0 0 0 0 1 167 -14 526 
-4941 -3087 -3820 -3252 514 3482 0 0 0 0 1 161 -23 522 
-5451 -3660 -3967 -2850 842 3418 0 0 0 0 1 163 -18 527 
-5767 -4303 -4098 -2179 1254 3288 0 0 0 0 1 168 -15 508 
-6267 -5478 -4369 -1461 1841 3128 0 0 0 0 1 185 -3 511 
-7185 -7231 -4780 -973 2730 3046 0 0 0 0 1 182 -3 497 
-8580 -9449 -5235 -568 5011 3023 0 0 0 0 1 198 12 493 
-9590 -10925 -5134 -1769 8594 3087 0 0 0 0 1 206 3 464 
-9832 -12212 -4263 -4516 10903 3207 0 0 0 0 1 217 29 421 
-9860 -13692 -964 -11345 11281 2800 0 0 0 0 1 247 34 388 
-9884 -15105 -235 -16290 9643 2474 0 0 0 0 1 248 35 364 
-9708 -16336 -832 -22095 6358 3249 0 0 0 0 1 261 24 332 
-9716 -16527 -2277 -24473 3776 4701 0 0 0 0 1 257 44 300 
-10682 -15580 -2933 -26073 0 7792 0 0 0 0 1 255 69 315 
-10070 -15617 -2897 -25332 -1555 11359 0 0 0 0 1 247 93 342 
-8437 -15072 -3725 -23023 -1051 12871 0 0 0 0 1 215 106 371 
-7673 -15563 -3582 -17123 1394 12095 0 0 0 0 1 208 138 389 
-6496 -15183 -1519 -12203 2547 9396 0 0 0 0 1 192 141 420 
-3474 -14693 2603 -5821 3371 5446 0 0 0 0 1 188 147 440 
-1671 -14195 4975 -2389 3027 4198 0 0 0 0 1 181 159 423 
-1133 -12627 7192 -1427 2013 3925 0 0 0 0 1 172 159 428 
-1555 -11466 7254 -509 -103 2898 0 0 0 0 1 155 176 426 
-2466 -9841 6158 153 -832 1736 0 0 0 0 1 160 171 444 
-2809 -8346 4862 1150 -436 74 0 0 0 0 1 155 176 430 
-2727 -7513 4310 1944 371 -850 0 0 0 0 1 159 177 434 
-2527 -6325 4065 2274 515 -1122 0 0 0 0 1 167 186 423 
-2485 -5534 3912 2560 -96 -1390 0 0 0 0 1 171 175 410 
-2448 -4495 3503 2709 -747 -1561 0 0 0 0 1 172 181 419 
-2402 -3926 3065 3009 -1425 -1852 0 0 0 0 1 176 179 407 
-2456 -3146 2338 3425 -1643 -2244 0 0 0 0 1 174 179 416 
-2532 -2431 1619 3744 -1707 -2555 0 0 0 0 1 179 181 407 
-2572 -2031 1230 4230 -1757 -3043 0 0 0 0 1 181 171 398 
-2839 -1395 494 4542 -1786 -3383 0 0 0 0 1 187 175 401 
-2974 -1178 131 4998 -1929 -3849 0 0 0 0 1 208 160 399 
-3039 -1051 -173 5412 -2098 -4129 0 0 0 0 1 208 165 387 
-2975 -968 -653 5664 -2152 -4178 0 0 0 0 1 219 144 391 
-3007 -905 -972 6048 -2212 -4164 0 0 0 0 1 215 133 385 
-3185 -924 -1460 6440 -2235 -4151 0 0 0 0 1 220 133 380 
-3207 -1006 -1713 6622 -2065 -4139 0 0 0 0 1 232 116 380 
-3119 -1116 -1806 6733 -1867 -4086 0 0 0 0 1 248 94 382 
-3015 -1325 -1848 6639 -1904 -4057 0 0 0 0 1 247 85 370 
-2937 -1554 -1859 6470 -1986 -4079 0 0 0 0 1 247 90 388 
-2946 -1706 -1940 6196 -2190 -4173 0 0 0 0 1 251 72 380 
-3047 -1991 -2335 6082 -2460 -4344 0 0 0 0 1 248 69 373 
-3110 -2141 -2546 6128 -2550 -4500 0 0 0 0 1 244 52 375 
-3174 -2296 -2703 6362 -2607 -4780 0 0 0 0 1 247 44 386 
-3393 -2503 -2841 6579 -2677 -5003 0 0 0 0 1 248 13 394 
-3565 -2677 -2911 6894 -2671 -5401 0 0 0 0 1 243 9 414 
-3640 -2769 -2960 7179 -2544 -5809 0 0 0 0 1 232 -3 413 
-3774 -2813 -3110 7356 -2483 -6026 0 0 0 0 1 234 -11 427 
-3697 -2876 -3114 7554 -2304 -6117 0 0 0 0 1 217 -24 442 
-3719 -3033 -3230 7783 -2004 -6053 0 0 0 0 1 213 -42 448 
-3998 -3087 -3525 8141 -1536 -5972 0 0 0 0 1 205 -41 458 
-4151 -3160 -3516 8397 -1121 -5919 0 0 0 0 1 195 -58 460 
-4396 -3197 -3477 8693 -985 -5827 0 0 0 0 1 189 -42 471 
-4387 -3174 -3306 8702 -1137 -5687 0 0 0 0 1 188 -41 479 
-4347 -3215 -3153 8380 -1143 -5363 0 0 0 0 1 185 -38 483 
-4220 -3167 -3126 7888 -740 -4902 0 0 0 0 1 168 -50 492 
-3953 -3126 -3104 7542 -131 -4515 0 0 0 0 1 168 -20 487 
-3918 -3129 -3139 7091 935 -3927 0 0 0 0 1 165 -12 488 
-3742 -3081 -3012 6642 1525 -3384 0 0 0 0 1 178 -18 487 
-4046 -3209 -2843 6346 1155 -3148 0 0 0 0 1 169 -9 484 
-4183 -3200 -2803 5779 -704 -2872 0 0 0 0 1 182 -11 473 
-4213 -3023 -2656 4983 -2370 -2622 0 0 0 0 1 173 -1 487 
-4325 -2675 -2866 4451 -2765 -2466 0 0 0 0 1 159 -1 504 
-4359 -2393 -3028 3772 -2057 -2210 0 0 0 0 1 166 11 492 
-4276 -2002 -3119 3295 -407 -1924 0 0 0 0 1 154 20 497 
-4326 -1758 -3100 3083 515 -1777 0 0 0 0 1 161 8 492 
-4333 -1584 -3041 2838 839 -1596 0 0 0 0 1 163 15 485 
-3542 -387 -2620 -703 278 440 0 0 0 0 1 156 33 480 
-3499 -391 -2540 -3711 -65 1954 0 0 0 0 1 162 9 502 
-3543 -1083 -2647 -3869 -243 1988 0 0 0 0 1 153 -4 502 
-3661 -1165 -2722 -4083 -444 2056 0 0 0 0 1 154 1 506 
-3742 -1233 -2809 -4268 -553 2167 0 0 0 0 1 159 -11 515 
-3829 -1314 -2955 -4372 -572 2266 0 0 0 0 1 162 -12 516 
-3896 -1336 -3043 -4499 -515 2426 0 0 0 0 1 158 -9 516 
-3968 -1319 -3285 -4508 -376 2595 0 0 0 0 1 158 -29 519 
-4088 -1212 -3523 -4436 -216 2687 0 0 0 0 1 151 -29 526 
-4237 -1221 -3814 -4200 3 2804 0 0 0 0 1 155 -36 528 
-4441 -1427 -4098 -3720 40 2954 0 0 0 0 1 156 -40 520 
-4883 -1954 -4664 -2887 -25 3167 0 0 0 0 1 151 -41 526 
-6015 -2697 -5205 -2160 -101 3240 0 0 0 0 1 158 -51 519 
-6989 -3528 -5662 -786 -184 3355 0 0 0 0 1 165 -41 521 
-8243 -5804 -6470 900 743 3888 0 0 0 0 1 163 -28 515 
-8959 -7728 -6616 2502 3862 4865 0 0 0 0 1 172 -19 507 
-10027 -11001 -5896 2806 7252 5599 0 0 0 0 1 189 6 487 
-10200 -12631 -4545 514 11100 6319 0 0 0 0 1 208 23 476 
-10303 -14328 -1476 -5494 9460 5554 0 0 0 0 1 227 62 392 
-10364 -15212 757 -10548 7778 4331 0 0 0 0 1 232 72 375 
-10554 -15863 249 -17150 8246 2702 0 0 0 0 1 239 74 355 
-10454 -18777 408 -20484 9476 2183 0 0 0 0 1 246 60 331 
-10139 -20480 65 -23915 7812 2437 0 0 0 0 1 252 63 325 
-8621 -20588 330 -26160 3633 5042 0 0 0 0 1 246 67 315 
-7679 -19509 776 -27031 637 8128 0 0 0 0 1 240 76 330 
-8351 -18279 1429 -27165 -875 11890 0 0 0 0 1 219 110 379 
-8290 -16116 1023 -24036 -576 12163 0 0 0 0 1 209 110 419 
-5874 -13284 -2006 -16269 -51 8964 0 0 0 0 1 180 111 438 
-4164 -12721 -897 -10135 1150 5851 0 0 0 0 1 175 111 459 
-1990 -12948 1086 -2961 3328 3347 0 0 0 0 1 181 107 470 
-275 -12699 4129 -204 3939 3342 0 0 0 0 1 176 107 472 
-252 -11794 5609 1734 2913 3845 0 0 0 0 1 181 142 440 
-1743 -9962 5671 2461 1516 3537 0 0 0 0 1 176 139 433 
-2753 -8771 4945 3337 138 2113 0 0 0 0 1 180 148 422 
-3495 -7646 4088 3803 -32 733 0 0 0 0 1 165 169 423 
-3224 -6628 3683 3805 29 293 0 0 0 0 1 169 174 419 
-2781 -6086 3648 3525 -88 205 0 0 0 0 1 171 180 413 
-2498 -5070 3422 3325 -356 151 0 0 0 0 1 171 182 403 
-2439 -4386 3140 3235 -835 -285 0 0 0 0 1 167 188 386 
-2347 -3329 2517 3321 -1094 -819 0 0 0 0 1 184 191 388 
-2317 -3110 2369 3565 -1428 -1793 0 0 0 0 1 174 196 391 
-2257 -2563 1944 3837 -1722 -2762 0 0 0 0 1 176 186 381 
-2379 -2233 1598 3997 -1878 -3333 0 0 0 0 1 189 168 382 
-2494 -2109 1287 4252 -2072 -4002 0 0 0 0 1 193 176 377 
-2695 -1794 560 4444 -2105 -4313 0 0 0 0 1 202 166 372 
-2733 -1739 363 4823 -2120 -4616 0 0 0 0 1 214 152 374 
-2857 -1538 -258 5354 -2163 -4823 0 0 0 0 1 235 142 367 
-3040 -1461 -791 5950 -2161 -5022 0 0 0 0 1 231 132 365 
-3078 -1512 -1256 6344 -2094 -5143 0 0 0 0 1 232 118 357 
-3098 -1681 -1493 6867 -1969 -5276 0 0 0 0 1 248 99 373 
-3242 -1945 -1664 7127 -1939 -5368 0 0 0 0 1 241 82 357 
-3350 -2085 -1772 7342 -2040 -5469 0 0 0 0 1 246 69 359 
-3495 -2341 -1922 7369 -2163 -5509 0 0 0 0 1 259 29 372 
-3485 -2418 -1985 7285 -2341 -5459 0 0 0 0 1 254 17 372 
-3509 -2623 -2292 7230 -2375 -5345 0 0 0 0 1 252 17 367 
-3575 -2825 -2641 7280 -2210 -5278 0 0 0 0 1 251 -6 382 
-3595 -3049 -3021 7563 -1725 -5216 0 0 0 0 1 239 -13 387 
-3543 -3142 -3128 7956 -1166 -5201 0 0 0 0 1 248 -28 403 
-3536 -3342 -3111 8168 -1004 -5225 0 0 0 0 1 240 -36 393 
-3720 -3490 -3144 8381 -1335 -5385 0 0 0 0 1 237 -50 408 
-4042 -3729 -3301 8482 -2052 -5651 0 0 0 0 1 219 -58 433 
-4207 -3894 -3569 8471 -2440 -5802 0 0 0 0 1 201 -62 450 
-4195 -3946 -3750 8354 -2233 -5868 0 0 0 0 1 199 -74 464 
-3967 -3973 -3913 8231 -1024 -5625 0 0 0 0 1 191 -66 458 
-3751 -3995 -4053 8235 104 -5315 0 0 0 0 1 192 -65 485 
-3739 -3923 -4168 8445 1822 -4793 0 0 0 0 1 182 -60 476 
-3685 -3822 -3994 8725 2472 -4225 0 0 0 0 1 188 -53 472 
-3774 -3744 -3713 8774 1733 -3896 0 0 0 0 1 188 -49 474 
-3707 -3625 -3412 8388 -187 -3517 0 0 0 0 1 191 -29 477 
-3662 -3625 -2868 7500 -1867 -3316 0 0 0 0 1 185 -35 473 
-3771 -3524 -2882 6804 -2382 -3281 0 0 0 0 1 174 -19 474 
-3913 -3348 -2998 5786 -1851 -3293 0 0 0 0 1 173 -8 480 
-4097 -2915 -3387 5249 -904 -3279 0 0 0 0 1 162 -17 484 
-4170 -2746 -3560 4801 529 -3183 0 0 0 0 1 168 -18 499 
-4351 -2585 -3525 4622 976 -2973 0 0 0 0 1 167 -2 491 
-4450 -2238 -3387 4446 238 -2677 0 0 0 0 1 161 3 487 
-4463 -1969 -3162 3884 -1227 -2037 0 0 0 0 1 171 1 487 
-4487 -1638 -3064 3376 -1807 -1509 0 0 0 0 1 153 9 488 
-4542 -1418 -3226 2621 -1641 -670 0 0 0 0 1 158 7 495 
-4604 -1227 -3430 2174 -836 -204 0 0 0 0 1 161 8 487 
-4837 -956 -3889 1721 524 210 0 0 0 0 1 166 45 483 
-4682 -2770 -5215 -3634 667 2930 0 0 0 0 1 172 26 500 
-4708 -3202 -5480 -3185 936 3152 0 0 0 0 1 169 22 495 
-5255 -4115 -5617 -2843 1040 3340 0 0 0 0 1 173 15 497 
-5738 -5096 -5636 -2394 1046 3829 0 0 0 0 1 179 19 512 
-6619 -6807 -5584 -2310 1422 4557 0 0 0 0 1 173 28 499 
-7595 -8733 -4806 -2924 2723 5026 0 0 0 0 1 186 36 493 
-8302 -9905 -4630 -5240 5550 5461 0 0 0 0 1 201 45 478 
-9510 -11663 -4350 -9003 8032 5242 0 0 0 0 1 206 42 450 
-10193 -13925 -4196 -11925 9153 4825 0 0 0 0 1 207 46 433 
-10847 -15217 -4190 -16150 10118 3999 0 0 0 0 1 238 51 388 
-11727 -17553 -4196 -19368 9111 3858 0 0 0 0 1 247 36 372 
-11767 -18868 -4565 -20954 6728 4602 0 0 0 0 1 253 33 345 
-11975 -18033 -4297 -23099 2570 6385 0 0 0 0 1 257 53 337 
-12177 -16399 -3596 -24327 241 8235 0 0 0 0 1 250 56 358 
-10718 -16089 -3256 -23832 -862 9444 0 0 0 0 1 232 74 366 
-9144 -16274 -3215 -20701 -1017 10544 0 0 0 0 1 230 96 396 
-7717 -15565 -2438 -17338 -39 9832 0 0 0 0 1 220 104 410 
-6369 -14581 -1223 -11325 995 7112 0 0 0 0 1 205 115 440 
-3370 -13174 1279 -5906 1292 4940 0 0 0 0 1 182 104 457 
-830 -11938 3224 -3242 1192 4415 0 0 0 0 1 191 117 451 
-86 -11076 4131 -622 505 4100 0 0 0 0 1 188 127 453 
-734 -10207 4505 486 -1 3548 0 0 0 0 1 172 137 456 
-1346 -9526 4344 1440 -137 2142 0 0 0 0 1 166 141 466 
-1714 -8343 3950 1697 -92 828 0 0 0 0 1 163 148 452 
-1789 -7167 3550 1622 -221 244 0 0 0 0 1 174 157 444 
-1824 -6413 3331 1376 -507 -289 0 0 0 0 1 172 159 453 
-1788 -5476 2942 1252 -751 -512 0 0 0 0 1 180 158 438 
-1726 -4859 2622 1259 -1087 -793 0 0 0 0 1 171 153 452 
-1698 -3805 2109 1461 -1191 -1064 0 0 0 0 1 169 161 447 
-1732 -3394 1885 1676 -1106 -1253 0 0 0 0 1 173 150 455 
-1734 -2978 1695 2025 -805 -1593 0 0 0 0 1 165 152 444 
-1835 -2468 1459 2250 -581 -1887 0 0 0 0 1 171 155 441 
-2002 -1967 1332 2508 -406 -2420 0 0 0 0 1 184 154 442 
-2124 -1683 1205 2706 -711 -2941 0 0 0 0 1 199 150 436 
-2243 -1417 893 2840 -978 -3215 0 0 0 0 1 195 149 440 
-2297 -1238 668 3078 -1257 -3464 0 0 0 0 1 200 130 435 
-2228 -1050 276 3281 -1387 -3517 0 0 0 0 1 197 136 441 
-2223 -987 66 3633 -1325 -3531 0 0 0 0 1 199 131 434 
-2274 -926 -233 4034 -944 -3591 0 0 0 0 1 215 118 427 
-2325 -866 -522 4335 -656 -3683 0 0 0 0 1 213 121 429 
-2389 -841 -700 4806 -210 -3903 0 0 0 0 1 220 109 417 
-2453 -732 -1025 5274 36 -4143 0 0 0 0 1 228 98 416 
-2482 -800 -1095 5544 0 -4233 0 0 0 0 1 231 90 398 
-2396 -851 -1146 5814 -244 -4160 0 0 0 0 1 232 77 399 
-2319 -1008 -1425 5998 -606 -3905 0 0 0 0 1 238 66 395 
-2415 -1141 -1601 6122 -659 -3733 0 0 0 0 1 238 61 386 
-2550 -1162 -1785 6349 -358 -3632 0 0 0 0 1 247 53 384 
-3047 -1155 -2284 6529 -321 -3689 0 0 0 0 1 247 34 374 
-3202 -1101 -2512 6806 -757 -3907 0 0 0 0 1 258 30 389 
-3254 -1148 -2652 7023 -1253 -4087 0 0 0 0 1 244 11 389 
-3413 -1223 -2928 7151 -1481 -4154 0 0 0 0 1 258 11 392 
-3430 -1314 -3102 7317 -1427 -4129 0 0 0 0 1 253 3 392 
-3438 -1409 -3214 7463 -1037 -3927 0 0 0 0 1 247 -7 400 
-3540 -1446 -3367 7530 -973 -3747 0 0 0 0 1 233 -14 409 
-3578 -1495 -3303 7451 -1140 -3460 0 0 0 0 1 228 -14 400 
-3971 -1594 -3369 7182 -1520 -3365 0 0 0 0 1 231 -9 407 
-4398 -1454 -3611 6940 -1621 -3475 0 0 0 0 1 226 -19 421 
-4450 -1296 -3804 6551 -1524 -3678 0 0 0 0 1 209 -34 421 
-4391 -1167 -3988 6347 -1175 -3734 0 0 0 0 1 219 -36 433 
-4033 -1070 -4137 6364 -720 -3612 0 0 0 0 1 224 -24 449 
-3912 -991 -4158 6554 -302 -3305 0 0 0 0 1 212 -26 447 
-3805 -838 -4020 6701 -607 -2935 0 0 0 0 1 204 -33 443 
-3626 -831 -3536 6611 -1059 -2715 0 0 0 0 1 200 -31 444 
-3656 -828 -3289 6197 -1849 -2585 0 0 0 0 1 197 -18 448 
-3851 -800 -3144 5647 -2245 -2681 0 0 0 0 1 193 -22 465 
-3857 -796 -3129 5300 -2081 -2770 0 0 0 0 1 192 -6 473 
-3720 -761 -3124 4898 -1494 -2835 0 0 0 0 1 185 -6 476 
-3766 -732 -3173 4707 -1112 -2799 0 0 0 0 1 179 4 474 
-3720 -634 -3238 4666 -1144 -2672 0 0 0 0 1 181 -4 479 
-3542 -573 -3073 4579 -1428 -2329 0 0 0 0 1 175 1 485 
-3474 -535 -2911 4403 -1684 -1930 0 0 0 0 1 173 8 476 
-3479 -500 -2667 4111 -1606 -1637 0 0 0 0 1 169 4 486 
-3681 -329 -2595 3885 -1292 -1555 0 0 0 0 1 166 25 504 
-3737 -229 -2650 3572 -619 -1467 0 0 0 0 1 163 28 490 
-3613 -171 -2638 3356 -122 -1358 0 0 0 0 1 175 25 483 
-3519 -128 -2626 3034 341 -1141 0 0 0 0 1 152 30 483 
-3335 -36 -2568 2658 102 -881 0 0 0 0 1 176 22 486 
-3252 -19 -2531 2336 -370 -700 0 0 0 0 1 174 41 481 
-3186 14 -2523 1798 -1042 -435 0 0 0 0 1 166 52 485 
-4933 -2019 -4545 -2182 293 1959 0 0 0 0 1 165 12 521 
-5295 -2580 -4916 -1796 452 2037 0 0 0 0 1 174 9 512 
-5835 -3067 -5122 -1185 1468 2025 0 0 0 0 1 172 12 509 
-6054 -4321 -5307 -871 2469 2185 0 0 0 0 1 179 9 514 
-5861 -5444 -5249 -825 3257 3034 0 0 0 0 1 184 19 498 
-6616 -8118 -4733 -1534 3522 4145 0 0 0 0 1 184 17 488 
-6936 -9094 -4557 -2566 3550 4906 0 0 0 0 1 198 41 479 
-8124 -11366 -4306 -5077 4467 5719 0 0 0 0 1 201 33 471 
-9224 -13157 -4312 -7448 6404 5851 0 0 0 0 1 208 57 452 
-10096 -14519 -4200 -12005 9978 5042 0 0 0 0 1 225 50 434 
-10739 -15442 -3926 -16691 11250 3198 0 0 0 0 1 245 44 381 
-11003 -17490 -2981 -19412 10641 2232 0 0 0 0 1 257 34 332 
-10905 -18602 -2282 -22807 7300 1922 0 0 0 0 1 252 39 321 
-10280 -17780 -2238 -25302 1708 4056 0 0 0 0 1 258 38 306 
-8517 -17103 -2425 -26261 -1864 6949 0 0 0 0 1 251 50 322 
-9864 -15984 -1553 -26059 -3430 10037 0 0 0 0 1 244 55 350 
-9470 -15629 -2076 -22513 -1629 10133 0 0 0 0 1 217 88 412 
-6897 -14569 -2003 -18314 -745 8813 0 0 0 0 1 208 89 434 
-5281 -13088 -1238 -10522 -301 5456 0 0 0 0 1 202 78 449 
-1896 -12365 1489 -4116 754 3620 0 0 0 0 1 200 88 460 
-19 -11096 3277 -1264 778 3592 0 0 0 0 1 191 95 456 
-118 -10315 3910 1337 262 3814 0 0 0 0 1 188 110 456 
-1465 -8942 3255 2462 32 3542 0 0 0 0 1 185 131 443 
-1823 -8185 2819 3443 608 2645 0 0 0 0 1 187 148 448 
-1866 -7433 2577 3479 1410 1720 0 0 0 0 1 182 153 434 
-1946 -6460 2730 2701 1213 930 0 0 0 0 1 180 158 431 
-1893 -5757 2952 1935 666 487 0 0 0 0 1 175 177 422 
-1678 -5270 3079 717 -237 -52 0 0 0 0 1 189 168 420 
-1519 -4497 2974 32 -801 -388 0 0 0 0 1 182 177 436 
-1539 -4002 2807 -650 -1500 -887 0 0 0 0 1 174 161 428 
-1481 -3348 2436 -837 -1838 -1186 0 0 0 0 1 188 154 435 
-1508 -2846 2080 -728 -2106 -1605 0 0 0 0 1 184 154 435 
-1629 -2596 1812 -249 -2034 -2077 0 0 0 0 1 186 137 458 
-1934 -2114 1393 435 -1465 -2651 0 0 0 0 1 172 139 456 
-2061 -1888 1186 959 -1007 -3054 0 0 0 0 1 184 132 451 
-2145 -1665 1026 1792 -417 -3563 0 0 0 0 1 197 128 455 
-2208 -1374 845 2337 -192 -3782 0 0 0 0 1 201 114 457 
-2119 -1221 770 3066 -31 -3898 0 0 0 0 1 218 104 457 
-2168 -993 696 3659 37 -3910 0 0 0 0 1 217 107 447 
-2208 -962 668 3995 -6 -3929 0 0 0 0 1 218 91 431 
-2321 -888 549 4435 -192 -4006 0 0 0 0 1 224 95 430 
-2499 -819 314 4888 -467 -4197 0 0 0 0 1 219 83 435 
-2757 -809 31 5215 -649 -4378 0 0 0 0 1 234 65 420 
-2740 -810 -132 5696 -718 -4633 0 0 0 0 1 237 65 429 
-2753 -952 -427 6148 -880 -4788 0 0 0 0 1 237 38 427 
-2706 -1125 -619 6400 -1073 -4839 0 0 0 0 1 243 49 421 
-2634 -1346 -695 6708 -1297 -4842 0 0 0 0 1 244 23 415 
-2534 -1696 -928 6987 -1331 -4811 0 0 0 0 1 238 29 423 
-2598 -1848 -1139 7207 -1351 -4814 0 0 0 0 1 239 3 422 
-2822 -1980 -1368 7652 -1387 -4966 0 0 0 0 1 235 -4 433 
-3135 -2111 -1704 8020 -1396 -5164 0 0 0 0 1 231 -2 426 
-3324 -2218 -1911 8663 -1406 -5532 0 0 0 0 1 234 -15 429 
-3597 -2334 -2090 9325 -1282 -5909 0 0 0 0 1 225 -11 445 
-3821 -2688 -2111 9723 -1105 -6105 0 0 0 0 1 230 -20 436 
-3815 -2933 -2048 10142 -717 -6192 0 0 0 0 1 215 -25 462 
-3733 -3110 -2024 10216 -540 -5938 0 0 0 0 1 211 -23 466 
-3686 -3344 -1922 9918 -586 -5470 0 0 0 0 1 199 -15 469 
-3829 -3626 -2113 9651 -613 -5153 0 0 0 0 1 207 -24 467 
-4058 -3766 -2421 9426 -260 -4838 0 0 0 0 1 206 -30 473 
-4384 -3961 -2859 9528 549 -4660 0 0 0 0 1 199 -6 478 
-4395 -4072 -2791 9635 641 -4510 0 0 0 0 1 197 -1 462 
-3764 -2503 -2961 2315 -1892 -1610 0 0 0 0 1 191 41 460 
-3528 -1960 -2930 1709 -2147 -1351 0 0 0 0 1 185 52 462 
-3391 -1667 -2976 952 -1753 -806 0 0 0 0 1 179 44 460 
-3271 -1184 -2996 475 -882 -272 0 0 0 0 1 186 41 474 
-3287 -969 -3005 315 -378 -9 0 0 0 0 1 176 49 474 
-3233 -705 -2875 202 94 234 0 0 0 0 1 171 55 487 
-3160 -541 -2740 107 282 340 0 0 0 0 1 172 46 467 
-2957 -315 -2479 13 346 389 0 0 0 0 1 173 55 462 
-2822 -234 -2320 -254 256 499 0 0 0 0 1 168 50 464 
-2642 -117 -2195 -490 -58 616 0 0 0 0 1 169 44 465 
-2617 -141 -2137 -728 -258 724 0 0 0 0 1 179 53 470 
-2780 -273 -2204 -846 -333 776 0 0 0 0 1 169 49 474 
-2906 -382 -2323 -932 -358 853 0 0 0 0 1 169 56 472 
-4139 -2177 -3448 -2104 156 989 0 0 0 0 1 165 46 491 
-4248 -2204 -3712 -2167 -20 1038 0 0 0 0 1 173 38 485 
-4309 -2298 -4032 -2182 -56 1136 0 0 0 0 1 167 56 493 
-4295 -2353 -4148 -2253 162 1376 0 0 0 0 1 163 42 494 
-4490 -2569 -4401 -2390 460 1649 0 0 0 0 1 174 34 491 
-4708 -2826 -4671 -2598 880 1968 0 0 0 0 1 169 39 505 
-5100 -3823 -5066 -2870 1263 2437 0 0 0 0 1 173 45 490 
-5453 -4522 -5133 -3143 1410 2828 0 0 0 0 1 179 41 495 
-5776 -5233 -5047 -3920 1599 3590 0 0 0 0 1 176 49 484 
-6042 -6526 -4678 -5189 2079 4530 0 0 0 0 1 180 40 487 
-6597 -8176 -4042 -6296 2372 5113 0 0 0 0 1 192 30 485 
-7379 -9517 -3683 -8280 2575 5798 0 0 0 0 1 204 30 485 
-8869 -10950 -3576 -10404 4166 6201 0 0 0 0 1 204 50 476 
-9872 -12284 -3407 -11940 6284 6427 0 0 0 0 1 209 31 460 
-10669 -13759 -2897 -14547 9027 6443 0 0 0 0 1 232 35 443 
-11440 -15173 -2372 -17280 8703 6119 0 0 0 0 1 246 28 406 
-11661 -17134 -1758 -19105 7286 6172 0 0 0 0 1 250 41 381 
-11645 -16895 -1565 -21585 4917 6640 0 0 0 0 1 261 41 356 
-10806 -16932 -1580 -23064 2744 8083 0 0 0 0 1 253 40 366 
-8678 -16420 -829 -23337 1589 9445 0 0 0 0 1 244 67 366 
-7367 -15767 -209 -21936 -109 10717 0 0 0 0 1 234 72 382 
-5896 -13837 -657 -17454 -1383 9803 0 0 0 0 1 226 83 405 
-4894 -12051 -1161 -13061 -1327 7739 0 0 0 0 1 212 98 449 
-3240 -11689 -612 -6304 469 4498 0 0 0 0 1 187 96 459 
-398 -11379 1600 -1499 2439 3152 0 0 0 0 1 195 110 451 
553 -10419 3440 457 2654 3004 0 0 0 0 1 188 112 447 
290 -9820 4360 1947 2059 2700 0 0 0 0 1 197 123 441 
-953 -8174 4362 2510 638 1743 0 0 0 0 1 194 123 436 
-1251 -7363 3943 2616 -136 942 0 0 0 0 1 204 158 429 
-1326 -6650 3422 2598 -463 -73 0 0 0 0 1 194 148 422 
-1329 -5642 2626 2592 -299 -536 0 0 0 0 1 188 154 414 
-1389 -4851 2092 2670 -47 -994 0 0 0 0 1 193 157 423 
-1455 -4339 1953 2748 89 -1349 0 0 0 0 1 192 170 415 
-1571 -3683 1857 2774 -3 -1569 0 0 0 0 1 200 149 405 
-1671 -3324 1806 2743 -346 -1898 0 0 0 0 1 209 147 402 
-1771 -2858 1768 2649 -462 -2130 0 0 0 0 1 206 138 394 
-1887 -2546 1662 2491 -552 -2503 0 0 0 0 1 211 133 403 
-2140 -2093 1368 2418 -644 -2883 0 0 0 0 1 218 133 392 
-2291 -1921 1143 2451 -674 -3132 0 0 0 0 1 225 126 392 
-2429 -1788 870 2672 -665 -3496 0 0 0 0 1 226 122 393 
-2588 -1569 329 3090 -618 -3797 0 0 0 0 1 227 101 387 
-2644 -1496 56 3469 -589 -3924 0 0 0 0 1 238 100 388 
-2677 -1423 -177 4131 -417 -3967 0 0 0 0 1 240 71 386 
-2665 -1428 -404 4821 -146 -3842 0 0 0 0 1 254 71 384 
-2661 -1484 -553 5266 12 -3724 0 0 0 0 1 260 62 382 
-2695 -1509 -580 5849 241 -3604 0 0 0 0 1 258 50 378 
-2743 -1610 -611 6160 365 -3583 0 0 0 0 1 259 49 367 
-2747 -1741 -619 6486 415 -3624 0 0 0 0 1 257 31 367 
-2775 -1849 -713 6704 61 -3743 0 0 0 0 1 261 7 370 
-2829 -2027 -944 6830 -389 -3847 0 0 0 0 1 258 6 357 
-2995 -2267 -1310 7051 -1113 -4069 0 0 0 0 1 255 -15 366 
-3143 -2401 -1629 7409 -1688 -4304 0 0 0 0 1 255 -20 366 
-3285 -2596 -2069 7727 -1905 -4438 0 0 0 0 1 254 -44 377 
-3422 -2763 -2343 8261 -1881 -4590 0 0 0 0 1 244 -52 394 
-3621 -2902 -2501 8802 -1559 -4765 0 0 0 0 1 245 -61 402 
-3755 -3027 -2539 9067 -1264 -4855 0 0 0 0 1 237 -57 415 
-3599 -3296 -2464 9281 -896 -4849 0 0 0 0 1 221 -61 430 
-3561 -3425 -2465 9311 -824 -4760 0 0 0 0 1 226 -80 433 
-3492 -3659 -2481 9193 -993 -4654 0 0 0 0 1 214 -78 442 
-3741 -3957 -2775 9152 -1094 -4651 0 0 0 0 1 205 -68 456 
-4004 -4071 -3125 9329 -1057 -4743 0 0 0 0 1 193 -61 465 
-4162 -4169 -3554 9738 -533 -4743 0 0 0 0 1 187 -65 469 
-4210 -4196 -3683 10052 -49 -4632 0 0 0 0 1 189 -52 492 
-4055 -4177 -3588 10379 601 -4211 0 0 0 0 1 180 -38 483 
-3922 -4077 -3203 10140 996 -3587 0 0 0 0 1 176 -31 484 
-3614 -4053 -2494 9472 893 -3046 0 0 0 0 1 178 3 476 
-3339 -4001 -2113 7861 160 -2204 0 0 0 0 1 180 8 480 
-3304 -4024 -2101 6121 -784 -1618 0 0 0 0 1 174 9 467 
-3295 -3951 -2454 5140 -1226 -1384 0 0 0 0 1 176 24 474 
-3357 -3942 -2740 4119 -1555 -1259 0 0 0 0 1 169 44 477 
-3683 -872 -3758 593 -280 303 0 0 0 0 1 172 46 465 
-3701 -769 -3898 399 -450 428 0 0 0 0 1 167 56 479 
-3731 -738 -3953 53 -288 559 0 0 0 0 1 166 62 478 
-3872 -703 -3930 -533 463 615 0 0 0 0 1 171 62 473 
-3944 -800 -3825 -1028 947 683 0 0 0 0 1 166 67 471 
-3938 -965 -3827 -1337 1022 778 0 0 0 0 1 174 63 474 
-3870 -1129 -3789 -1749 813 1059 0 0 0 0 1 173 57 471 
-3738 -1351 -3701 -2025 587 1318 0 0 0 0 1 173 55 469 
-3712 -1453 -3629 -2455 290 1709 0 0 0 0 1 167 61 470 
-3806 -1627 -3540 -2875 129 1997 0 0 0 0 1 166 55 478 
-4002 -1886 -3510 -3116 153 2106 0 0 0 0 1 167 44 495 
-4162 -2029 -3551 -3402 293 2180 0 0 0 0 1 167 58 491 
-4211 -2351 -3605 -3531 433 2232 0 0 0 0 1 167 63 491 
-4156 -2593 -3589 -3631 719 2366 0 0 0 0 1 171 42 499 
-4121 -2684 -3572 -3643 952 2549 0 0 0 0 1 173 45 494 
-4466 -2882 -3656 -3537 1052 2681 0 0 0 0 1 171 55 501 
-4688 -3083 -3715 -3401 1067 2774 0 0 0 0 1 167 41 493 
-4770 -3374 -3828 -3082 1123 3115 0 0 0 0 1 171 38 490 
-4860 -4128 -4068 -2636 1499 3687 0 0 0 0 1 175 57 499 
-5341 -5493 -4327 -2311 1933 4098 0 0 0 0 1 173 50 487 
-6080 -6854 -4344 -2092 2561 4568 0 0 0 0 1 179 61 491 
-7697 -9133 -4167 -2442 2986 4742 0 0 0 0 1 180 65 480 
-8512 -10274 -3890 -4359 5037 4849 0 0 0 0 1 194 77 473 
-9112 -11456 -3809 -8137 8978 4690 0 0 0 0 1 213 84 455 
-9235 -13189 -3432 -11367 11255 4255 0 0 0 0 1 224 78 405 
-10041 -14378 -2878 -16341 11632 2811 0 0 0 0 1 234 62 380 
-11142 -15908 -2721 -20494 10009 1762 0 0 0 0 1 244 62 362 
-11895 -17921 -3513 -23705 6295 2385 0 0 0 0 1 235 61 346 
-12338 -17307 -3887 -25525 3034 3699 0 0 0 0 1 257 41 330 
-12187 -16315 -4053 -27259 -970 6742 0 0 0 0 1 244 47 362 
-11956 -15736 -4841 -26872 -2069 8599 0 0 0 0 1 241 57 366 
-10480 -15928 -5111 -23441 -1874 9902 0 0 0 0 1 225 65 403 
-8928 -16159 -4769 -17197 -519 8860 0 0 0 0 1 220 67 422 
-5372 -15199 -1269 -12767 484 7498 0 0 0 0 1 213 82 436 
-3451 -14212 1173 -7102 361 5882 0 0 0 0 1 205 80 463 
-1018 -12818 3453 -2918 20 5149 0 0 0 0 1 198 90 463 
-289 -11371 4209 -808 156 4591 0 0 0 0 1 188 110 456 
-573 -10516 4083 1621 408 3283 0 0 0 0 1 186 112 465 
-929 -9408 3498 2745 611 2350 0 0 0 0 1 181 127 451 
-1208 -8662 3350 3522 752 1190 0 0 0 0 1 178 133 455 
-1610 -7624 3271 3354 427 398 0 0 0 0 1 178 150 448 
-1725 -6943 3246 2941 49 25 0 0 0 0 1 184 157 440 
-1925 -6009 2970 2257 -614 -445 0 0 0 0 1 191 147 440 
-1836 -5124 2704 1855 -921 -718 0 0 0 0 1 179 159 435 
-1816 -4540 2461 1457 -1211 -1130 0 0 0 0 1 189 148 441 
-1744 -3786 2197 1329 -1300 -1403 0 0 0 0 1 185 148 436 
-1717 -3352 2105 1297 -1362 -1812 0 0 0 0 1 186 154 437 
-1796 -2769 1897 1425 -1524 -2277 0 0 0 0 1 192 145 445 
-1917 -2227 1639 1573 -1529 -2632 0 0 0 0 1 186 137 449 
-2103 -1903 1454 1885 -1411 -3196 0 0 0 0 1 202 130 444 
-2464 -1451 882 2333 -1403 -3656 0 0 0 0 1 201 123 443 
-2603 -1269 627 2675 -1426 -3878 0 0 0 0 1 202 134 449 
-2659 -1127 441 3192 -1422 -4043 0 0 0 0 1 201 106 450 
-2682 -1021 254 3515 -1379 -4059 0 0 0 0 1 218 99 445 
-2710 -977 167 3953 -1176 -4043 0 0 0 0 1 214 107 437 
-2778 -902 -37 4393 -924 -4049 0 0 0 0 1 221 93 442 
-2839 -901 -314 4696 -713 -4085 0 0 0 0 1 222 82 438 
-2784 -860 -476 5180 -371 -4140 0 0 0 0 1 232 67 445 
-2820 -838 -803 5738 -550 -4246 0 0 0 0 1 238 56 430 
-2957 -838 -1026 6070 -894 -4339 0 0 0 0 1 232 47 424 
-3037 -1093 -1133 6384 -1454 -4460 0 0 0 0 1 234 47 422 
-3035 -1266 -1259 6533 -1801 -4489 0 0 0 0 1 226 44 421 
-2937 -1480 -1467 6592 -1796 -4465 0 0 0 0 1 226 29 442 
-2814 -1609 -1631 6711 -1371 -4385 0 0 0 0 1 233 31 433 
-2843 -1753 -1979 6883 -1008 -4387 0 0 0 0 1 232 20 427 
-3046 -1787 -2297 7337 -662 -4569 0 0 0 0 1 228 9 442 
-3118 -1761 -2552 7735 -548 -4754 0 0 0 0 1 221 12 440 
-3066 -1897 -2739 8350 -588 -4995 0 0 0 0 1 225 8 443 
-3143 -2076 -2810 8705 -877 -5146 0 0 0 0 1 222 -6 438 
-3255 -2218 -2749 9001 -1514 -5375 0 0 0 0 1 224 -2 442 
-3469 -2418 -2822 9059 -1992 -5491 0 0 0 0 1 217 0 447 
-3621 -2500 -3061 9014 -2405 -5590 0 0 0 0 1 217 -4 449 
-3758 -2525 -3363 8909 -1996 -5581 0 0 0 0 1 209 -12 456 
-3814 -2481 -3532 8779 -266 -5416 0 0 0 0 1 197 -11 471 
-3776 -2370 -3846 8914 1942 -5057 0 0 0 0 1 200 -12 460 
-3764 -2367 -3887 9146 2957 -4738 0 0 0 0 1 209 -2 449 
-3762 -2503 -3507 9389 2666 -4209 0 0 0 0 1 202 0 442 
-3669 -2615 -3261 9143 -22 -3658 0 0 0 0 1 205 2 444 
-3547 -2789 -2966 8638 -2215 -3344 0 0 0 0 1 209 7 440 
-3701 -2787 -2802 6385 -4744 -2571 0 0 0 0 1 199 8 452 
-3712 -2682 -2803 5264 -3768 -2174 0 0 0 0 1 187 23 471 
-3791 -2492 -2936 3845 -1596 -1653 0 0 0 0 1 172 26 467 
-4257 -596 -2898 -872 1204 1450 0 0 0 0 1 168 57 480 
-4075 -822 -2953 -1108 1267 1598 0 0 0 0 1 175 62 490 
-3907 -971 -3016 -1463 1179 1888 0 0 0 0 1 165 66 486 
-3761 -1198 -3149 -1674 1039 2095 0 0 0 0 1 171 67 483 
-3753 -1366 -3223 -1954 786 2343 0 0 0 0 1 173 65 485 
-3769 -1585 -3334 -2171 501 2498 0 0 0 0 1 166 65 487 
-3901 -1667 -3482 -2254 393 2522 0 0 0 0 1 176 71 484 
-4040 -1886 -3744 -2272 527 2521 0 0 0 0 1 172 66 484 
-4101 -2081 -4054 -2208 700 2531 0 0 0 0 1 169 68 474 
-4305 -2379 -4371 -1924 800 2553 0 0 0 0 1 179 78 479 
-9880 -15521 -1931 -18163 9404 1655 0 0 0 0 1 232 101 394 
-10663 -17050 -1442 -22544 9327 300 0 0 0 0 1 234 69 401 
-10896 -18396 -1037 -24823 8081 -33 0 0 0 0 1 253 45 364 
-9611 -18142 -1347 -27109 3030 1746 0 0 0 0 1 266 26 360 
-8134 -17371 -1230 -27611 -3245 6650 0 0 0 0 1 253 23 373 
-8327 -15792 -1720 -26028 -5148 9169 0 0 0 0 1 251 23 394 
-8818 -14931 -2053 -20567 -3664 9192 0 0 0 0 1 239 20 413 
-6642 -14390 -386 -13303 -569 6672 0 0 0 0 1 227 38 429 
-3180 -12343 1784 -8516 214 5240 0 0 0 0 1 218 38 441 
-1747 -11503 3029 -2630 444 4522 0 0 0 0 1 220 52 441 
-784 -10168 4390 1314 1490 4663 0 0 0 0 1 225 65 445 
-1091 -9381 4496 3004 2119 4554 0 0 0 0 1 214 85 430 
-1333 -8535 4441 4471 2413 3853 0 0 0 0 1 205 112 430 
-1578 -7800 4431 4784 2347 3124 0 0 0 0 1 208 128 422 
-1749 -6605 4429 4400 1627 2012 0 0 0 0 1 213 145 396 
-1680 -5863 4381 3724 936 1421 0 0 0 0 1 201 153 387 
-1432 -4866 4185 2450 47 804 0 0 0 0 1 205 149 386 
-1303 -4262 3891 1620 -397 526 0 0 0 0 1 199 155 392 
-1160 -3252 3124 650 -846 180 0 0 0 0 1 208 163 385 
-1167 -3005 2919 254 -1010 -64 0 0 0 0 1 202 159 391 
-1294 -2454 2314 28 -1274 -469 0 0 0 0 1 199 145 399 
-1533 -1957 2033 -2 -1330 -789 0 0 0 0 1 205 152 388 
-1720 -1446 1945 -7 -1191 -1245 0 0 0 0 1 211 160 394 
-1806 -1250 1871 35 -1094 -1572 0 0 0 0 1 207 147 398 
-1838 -1091 1786 98 -1056 -1726 0 0 0 0 1 222 136 415 
-1813 -927 1597 264 -1047 -1894 0 0 0 0 1 213 143 417 
-1860 -858 1408 451 -1043 -1999 0 0 0 0 1 228 120 405 
-1904 -849 1029 696 -1009 -2087 0 0 0 0 1 227 114 413 
-1854 -851 949 1153 -804 -2147 0 0 0 0 1 217 107 414 
-1718 -858 721 1697 -475 -2146 0 0 0 0 1 237 116 424 
-1582 -837 549 2079 -239 -2141 0 0 0 0 1 222 106 420 
-1567 -791 463 2625 29 -2205 0 0 0 0 1 233 93 407 
-1524 -799 384 3109 252 -2375 0 0 0 0 1 227 87 401 
-1569 -946 349 3389 365 -2550 0 0 0 0 1 233 78 391 
-1548 -1010 319 3755 342 -2859 0 0 0 0 1 252 78 395 
-1436 -1120 179 3989 184 -3055 0 0 0 0 1 247 71 391 
-1368 -1205 62 4343 -140 -3335 0 0 0 0 1 245 68 379 
-1287 -1380 -141 4588 -370 -3517 0 0 0 0 1 254 49 372 
-1257 -1497 -286 4976 -731 -3791 0 0 0 0 1 243 39 381 
-1290 -1760 -482 5384 -953 -4117 0 0 0 0 1 254 22 388 
-1422 -2008 -605 5651 -1018 -4371 0 0 0 0 1 251 23 392 
-1578 -2188 -722 6077 -1157 -4821 0 0 0 0 1 252 0 388 
-1803 -2501 -976 6371 -1239 -5145 0 0 0 0 1 251 -20 399 
-2105 -2664 -1170 6838 -1159 -5785 0 0 0 0 1 247 -26 400 
-2649 -2811 -1486 7349 -926 -6532 0 0 0 0 1 240 -46 405 
-2954 -3069 -1751 7727 -785 -6980 0 0 0 0 1 235 -63 421 
-3255 -3247 -1899 8347 -836 -7541 0 0 0 0 1 232 -87 415 
-3507 -3510 -2117 8994 -1118 -7819 0 0 0 0 1 212 -83 433 
-3754 -4013 -2274 9414 -1359 -7846 0 0 0 0 1 201 -116 457 
-3961 -4220 -2362 9949 -1748 -7700 0 0 0 0 1 197 -114 473 
-4166 -4594 -2440 10162 -1868 -7497 0 0 0 0 1 178 -111 480 
-4800 -4843 -2687 10344 -1257 -7254 0 0 0 0 1 166 -121 499 
-4983 -4868 -2767 10383 757 -6984 0 0 0 0 1 156 -96 511 
-5217 -4849 -2875 10387 2488 -6744 0 0 0 0 1 147 -87 522 
-5116 -4732 -2928 10370 4488 -6166 0 0 0 0 1 138 -74 520 
-4533 -4610 -2689 10218 4935 -5578 0 0 0 0 1 153 -53 505 
-3952 -4738 -2370 9651 3774 -4430 0 0 0 0 1 168 -40 497 
-3601 -4833 -2171 8592 944 -3168 0 0 0 0 1 178 -30 497 
-3820 -5059 -2313 7784 -1054 -2464 0 0 0 0 1 171 -15 492 
-4115 -4849 -2674 6658 -2756 -1621 0 0 0 0 1 166 -15 492 
-4227 -4507 -2818 5660 -2313 -1013 0 0 0 0 1 153 0 512 
-4352 -3932 -2778 4706 -786 -651 0 0 0 0 1 151 19 505 
-4448 -3301 -2642 4074 36 -585 0 0 0 0 1 151 36 507 
-4480 -2976 -2578 3181 281 -677 0 0 0 0 1 140 40 499 
-4269 -2545 -2480 2633 -78 -755 0 0 0 0 1 152 38 494 
-4087 -2291 -2507 1936 -632 -783 0 0 0 0 1 159 52 492 
-3905 -1953 -2728 1597 -751 -721 0 0 0 0 1 140 47 504 
-3884 -1745 -2861 1232 -530 -516 0 0 0 0 1 159 52 487 
-4189 -1299 -2921 -1417 843 1741 0 0 0 0 1 155 63 491 
-4279 -1366 -2876 -1702 883 1861 0 0 0 0 1 148 68 495 
-4355 -1434 -2821 -2184 948 2006 0 0 0 0 1 162 71 488 
-4286 -1715 -2760 -2668 992 2225 0 0 0 0 1 162 63 493 
-4137 -1840 -2784 -3099 945 2571 0 0 0 0 1 156 72 499 
-4084 -2017 -2834 -3344 839 2813 0 0 0 0 1 155 66 498 
-4186 -2159 -2865 -3628 529 3134 0 0 0 0 1 163 72 501 
-4500 -2327 -3015 -3769 336 3367 0 0 0 0 1 158 56 505 
-4998 -2875 -3346 -3760 452 3504 0 0 0 0 1 158 58 500 
-4992 -3276 -3597 -3569 1064 3803 0 0 0 0 1 149 65 511 
-10349 -13902 -4340 -16491 6285 7050 0 0 0 0 1 202 85 449 
-11532 -14285 -4285 -18850 5742 7033 0 0 0 0 1 213 74 445 
-12323 -14365 -3932 -19902 4715 7137 0 0 0 0 1 219 44 447 
-12339 -13697 -3495 -20819 2411 7684 0 0 0 0 1 230 45 445 
-11435 -13482 -2996 -20737 442 9126 0 0 0 0 1 235 26 456 
-9577 -14359 -3272 -19451 -569 10318 0 0 0 0 1 215 28 464 
-8453 -14879 -3648 -15430 66 10780 0 0 0 0 1 212 41 465 
-6999 -14898 -1794 -10987 1888 9172 0 0 0 0 1 218 38 473 
-4917 -13836 1435 -8531 2176 7752 0 0 0 0 1 214 61 477 
-3296 -12756 3534 -5651 1712 6084 0 0 0 0 1 191 68 472 
-1674 -11198 4493 -3868 1074 5297 0 0 0 0 1 195 66 472 
-1108 -10386 4431 -1212 1041 4329 0 0 0 0 1 198 76 472 
-753 -9516 4069 425 1755 3703 0 0 0 0 1 195 90 467 
-893 -8454 4017 2246 2954 2632 0 0 0 0 1 191 105 465 
-1085 -7742 4309 2913 3076 1508 0 0 0 0 1 191 112 449 
-1285 -7038 4671 2743 2391 859 0 0 0 0 1 204 121 438 
-1370 -6075 4916 1912 971 193 0 0 0 0 1 206 126 427 
-1230 -5402 4819 1222 187 -51 0 0 0 0 1 193 130 414 
-996 -4556 4340 366 -547 -309 0 0 0 0 1 212 125 416 
-1060 -3964 3620 39 -744 -527 0 0 0 0 1 202 134 423 
-1200 -3598 3204 -86 -762 -1007 0 0 0 0 1 204 123 429 
-1477 -3108 2749 4 -735 -1383 0 0 0 0 1 206 114 438 
-1536 -2908 2547 258 -718 -1807 0 0 0 0 1 212 120 433 
-1521 -2467 2298 460 -744 -1934 0 0 0 0 1 212 112 444 
-1549 -2374 2214 806 -899 -1967 0 0 0 0 1 225 111 431 
-1763 -2176 1958 1196 -1032 -2046 0 0 0 0 1 215 104 431 
-2028 -2012 1648 1464 -1010 -2193 0 0 0 0 1 224 90 440 
-2196 -1912 1394 1865 -891 -2527 0 0 0 0 1 211 94 452 
-2311 -1757 1045 2128 -806 -2763 0 0 0 0 1 222 87 438 
-2294 -1653 823 2517 -699 -3075 0 0 0 0 1 221 76 433 
-2387 -1524 458 2914 -669 -3337 0 0 0 0 1 225 62 443 
-2392 -1434 171 3178 -593 -3481 0 0 0 0 1 228 63 437 
-2338 -1389 1 3594 -368 -3655 0 0 0 0 1 240 63 442 
-2260 -1350 -265 3885 -236 -3751 0 0 0 0 1 238 36 437 
-2250 -1306 -410 4349 -85 -3928 0 0 0 0 1 228 26 430 
-2310 -1377 -582 4645 -44 -4068 0 0 0 0 1 247 31 433 
-2476 -1417 -814 5036 -197 -4343 0 0 0 0 1 239 6 427 
-2535 -1480 -1005 5373 -514 -4658 0 0 0 0 1 241 6 441 
-2634 -1620 -1252 5571 -679 -4872 0 0 0 0 1 245 -2 419 
-2711 -1760 -1429 5850 -732 -5186 0 0 0 0 1 233 -19 426 
-2814 -1909 -1842 6157 -560 -5473 0 0 0 0 1 235 -29 444 
-2875 -1990 -2057 6423 -424 -5637 0 0 0 0 1 232 -35 438 
-2967 -2060 -2266 6931 -293 -5859 0 0 0 0 1 232 -47 450 
-2915 -2267 -2548 7344 -194 -5961 0 0 0 0 1 221 -61 442 
-2757 -2434 -2538 7952 -124 -5973 0 0 0 0 1 209 -53 451 
-2686 -2656 -2497 8410 -666 -5915 0 0 0 0 1 214 -61 477 
-2634 -2964 -2572 8752 -1848 -6005 0 0 0 0 1 193 -71 474 
-3364 -3423 -2721 8902 -2737 -6300 0 0 0 0 1 188 -73 484 
-4271 -3822 -2821 8922 -3678 -7029 0 0 0 0 1 168 -65 508 
-4768 -3880 -2969 8658 -3797 -7847 0 0 0 0 1 161 -60 524 
-4860 -3787 -3024 8296 -3245 -8166 0 0 0 0 1 155 -61 530 
-4544 -3769 -2944 7562 -1700 -7976 0 0 0 0 1 132 -56 547 
-3874 -3809 -2391 6648 -235 -7156 0 0 0 0 1 109 -42 552 
-3857 -3897 -2174 5988 3 -6523 0 0 0 0 1 110 -41 554 
-4374 -4049 -1996 5039 -667 -5967 0 0 0 0 1 110 -34 547 
-4942 -4014 -1872 4467 -1308 -5806 0 0 0 0 1 108 -34 561 
-5285 -3794 -1757 3696 -1888 -5670 0 0 0 0 1 100 -35 564 
-5349 -3515 -1713 2983 -1920 -5445 0 0 0 0 1 95 -35 573 
-5292 -3132 -1516 2354 -1517 -5065 0 0 0 0 1 71 -28 571 
-5345 -2915 -1533 2052 -1130 -4794 0 0 0 0 1 73 -34 565 
-5666 -2729 -1641 1861 -326 -4539 0 0 0 0 1 80 -31 572 
-5939 -2370 -1698 1876 432 -4408 0 0 0 0 1 76 -20 562 
-5982 -1892 -1678 2035 1699 -4145 0 0 0 0 1 68 -29 558 
-5826 -1551 -1557 2244 2829 -3700 0 0 0 0 1 82 -29 568 
-5465 -1110 -1326 2356 3227 -3295 0 0 0 0 1 97 -25 555 
-5235 -896 -1276 2461 2932 -2525 0 0 0 0 1 106 -9 551 
-4790 -657 -1271 2424 2206 -1644 0 0 0 0 1 103 -17 547 
-4533 -487 -1420 2255 1587 -876 0 0 0 0 1 122 -29 542 
-4458 -417 -1522 2073 1332 -477 0 0 0 0 1 122 -12 528 
-4476 -351 -1582 1706 1275 -101 0 0 0 0 1 122 -9 535 
-4546 -237 -1719 1426 1288 34 0 0 0 0 1 133 -6 522 
-4636 -156 -1792 982 1255 123 0 0 0 0 1 135 -11 529 
-4675 -197 -1867 697 1257 192 0 0 0 0 1 135 3 522 
-4642 -329 -1900 300 1126 441 0 0 0 0 1 133 8 524 
-4544 -460 -1921 22 886 714 0 0 0 0 1 141 7 523 
-4525 -544 -1904 -420 494 1184 0 0 0 0 1 146 9 526 
-4615 -611 -1925 -718 242 1507 0 0 0 0 1 143 14 512 
-4679 -624 -1969 -1129 25 1951 0 0 0 0 1 147 8 518 
-4787 -693 -2137 -1338 22 2203 0 0 0 0 1 143 9 523 
-4795 -794 -2277 -1523 154 2527 0 0 0 0 1 135 18 522 
-4839 -1114 -2660 -1519 349 2786 0 0 0 0 1 154 13 522 
-4874 -1212 -2772 -1414 499 2903 0 0 0 0 1 135 25 522 
-4998 -1451 -3004 -1189 756 3027 0 0 0 0 1 145 28 522 
-5008 -1788 -3163 -1029 965 3130 0 0 0 0 1 147 25 524 
-5017 -2123 -3287 -821 1345 3359 0 0 0 0 1 147 33 522 
-5012 -2442 -3492 -727 1813 3680 0 0 0 0 1 151 41 512 
-5123 -3121 -3867 -671 2142 3908 0 0 0 0 1 149 42 527 
-5430 -3800 -4270 -531 2676 4191 0 0 0 0 1 151 49 509 
-5889 -5261 -4623 -542 3053 4390 0 0 0 0 1 165 66 498 
-6144 -5856 -4697 -903 3223 4764 0 0 0 0 1 158 88 491 
-6844 -7654 -4924 -1858 3685 5380 0 0 0 0 1 159 82 485 
-6857 -9390 -5171 -2906 4636 5989 0 0 0 0 1 169 100 481 
-7072 -10880 -5102 -5233 6655 6815 0 0 0 0 1 163 109 466 
-8383 -14016 -4796 -8613 8894 6720 0 0 0 0 1 185 114 450 
-8762 -14516 -4871 -11209 10242 5831 0 0 0 0 1 201 118 420 
-9869 -15958 -4522 -15290 11958 3540 0 0 0 0 1 206 106 399 
-11050 -17268 -4151 -17776 12544 1718 0 0 0 0 1 220 87 399 
-11653 -18370 -4439 -20436 11652 26 0 0 0 0 1 235 80 367 
-11351 -19713 -3552 -22046 8938 429 0 0 0 0 1 238 68 349 
-11798 -18721 -2396 -25176 1903 3045 0 0 0 0 1 251 47 343 
-12083 -17574 -2274 -26976 -3909 6672 0 0 0 0 1 250 36 353 
-10852 -17041 -3694 -25815 -4559 8600 0 0 0 0 1 239 57 389 
-9879 -16840 -4030 -20828 -2363 8988 0 0 0 0 1 227 47 431 
-7663 -16006 -2903 -16250 -625 7961 0 0 0 0 1 219 51 453 
-5822 -15208 -669 -9780 1652 6284 0 0 0 0 1 212 41 444 
-2149 -13099 3384 -5079 1617 5803 0 0 0 0 1 214 66 458 
-1423 -12548 4077 -2833 964 5834 0 0 0 0 1 206 67 457 
-952 -10312 4911 -146 31 5199 0 0 0 0 1 204 77 441 
-1098 -9742 4677 1369 -296 4253 0 0 0 0 1 188 93 451 
-1558 -8230 3954 2925 273 2731 0 0 0 0 1 187 101 452 
-1595 -7014 3617 3357 1114 2036 0 0 0 0 1 188 134 437 
-1528 -6159 3573 3191 1806 1495 0 0 0 0 1 192 143 436 
-1675 -4581 3514 2409 1096 1105 0 0 0 0 1 186 147 419 
-1794 -3895 3237 1779 137 782 0 0 0 0 1 191 154 414 
-1860 -3267 2809 949 -985 280 0 0 0 0 1 184 154 426 
-1785 -2513 2276 514 -1274 15 0 0 0 0 1 187 153 424 
-1643 -2083 2043 58 -1457 -217 0 0 0 0 1 189 153 424 
-1635 -1571 1785 -140 -1591 -328 0 0 0 0 1 187 150 441 
-1704 -1281 1667 -366 -1679 -489 0 0 0 0 1 182 153 431 
-1746 -966 1521 -532 -1436 -626 0 0 0 0 1 193 152 447 
-1764 -740 1329 -586 -1160 -718 0 0 0 0 1 186 149 451 
-1807 -584 1077 -496 -798 -852 0 0 0 0 1 178 141 455 
-1613 -334 660 -327 -556 -912 0 0 0 0 1 184 142 456 
-1501 -242 634 -4 -208 -959 0 0 0 0 1 184 139 458 
-1740 53 573 293 -47 -1068 0 0 0 0 1 189 138 462 
-1777 243 531 461 -57 -1154 0 0 0 0 1 193 130 449 
-1647 377 629 570 78 -1230 0 0 0 0 1 192 126 457 
-1517 462 870 551 247 -1261 0 0 0 0 1 191 120 451 
-1405 531 879 503 469 -1314 0 0 0 0 1 195 125 449 
-1304 678 776 527 570 -1373 0 0 0 0 1 202 122 444 
-1248 952 464 705 683 -1513 0 0 0 0 1 211 96 448 
-1266 1025 376 932 780 -1638 0 0 0 0 1 200 105 444 
-1232 1360 80 1409 991 -1779 0 0 0 0 1 209 107 437 
-1206 1430 27 1792 1132 -1802 0 0 0 0 1 211 94 431 
-1109 1684 33 2175 1271 -1760 0 0 0 0 1 232 96 424 
-1129 1702 79 2658 1498 -1674 0 0 0 0 1 227 101 422 
-1225 1846 456 2883 1796 -1611 0 0 0 0 1 228 88 400 
-1127 1870 585 2902 1989 -1558 0 0 0 0 1 237 84 396 
-1084 1893 648 2873 2115 -1487 0 0 0 0 1 247 90 388 
-998 1974 590 2880 2101 -1453 0 0 0 0 1 239 84 371 
-1073 2081 472 3039 1988 -1493 0 0 0 0 1 248 74 364 
-1143 2327 311 3238 1844 -1565 0 0 0 0 1 247 63 353 
-1168 2505 229 3606 1501 -1671 0 0 0 0 1 265 77 341 
-1154 2609 257 3892 1069 -1721 0 0 0 0 1 251 72 331 
-1222 2636 247 4000 865 -1729 0 0 0 0 1 263 60 329 
-1290 2596 398 3944 864 -1708 0 0 0 0 1 241 45 317 
-1345 2503 425 3824 957 -1656 0 0 0 0 1 257 41 311 
-1353 2429 396 3596 1119 -1514 0 0 0 0 1 252 41 314 
-1453 2379 306 3375 1266 -1389 0 0 0 0 1 254 36 300 
-1566 2436 200 3279 1267 -1330 0 0 0 0 1 270 25 296 
-1685 2515 -87 3234 1188 -1252 0 0 0 0 1 267 28 289 
-1699 2520 -138 3245 1121 -1074 0 0 0 0 1 255 6 287 
-1762 2501 -275 3305 1176 -811 0 0 0 0 1 259 0 284 
-1786 2466 -339 3339 1207 -582 0 0 0 0 1 264 0 274 
-1831 2403 -356 3268 1323 -189 0 0 0 0 1 257 -2 265 
-1837 2245 -269 3079 1461 86 0 0 0 0 1 253 -3 271 
-1774 2163 -228 2628 1638 478 0 0 0 0 1 255 -3 261 
-1699 2106 -184 2097 1609 748 0 0 0 0 1 247 -9 258 
-1677 2095 -179 1762 1482 831 0 0 0 0 1 251 -6 247 
-1604 2078 -184 1347 1243 830 0 0 0 0 1 258 1 238 
-1576 2055 -183 1054 1038 692 0 0 0 0 1 247 12 235 
-1674 2034 -213 923 907 544 0 0 0 0 1 251 6 233 
-1768 1958 -274 799 688 303 0 0 0 0 1 238 2 223 
-1808 1889 -288 729 588 189 0 0 0 0 1 251 8 224 
-1846 1745 -277 573 593 132 0 0 0 0 1 241 3 222 
-1872 1662 -237 426 704 164 0 0 0 0 1 241 6 224 
-1851 1574 -177 140 958 309 0 0 0 0 1 238 -2 218 
-1847 1492 -92 -79 1071 419 0 0 0 0 1 247 12 235 
-1893 1467 -64 -405 998 516 0 0 0 0 1 248 6 213 
-1910 1476 -119 -583 774 524 0 0 0 0 1 233 14 214 
-1820 1476 -178 -771 389 494 0 0 0 0 1 251 1 196 
-1637 1431 -243 -857 198 457 0 0 0 0 1 243 24 211 
