Data Quantity : 14  Accelerometer : 3  Gyroscope : 3  FSR : 5







-1320 1647 -75 498 16 -91 0 0 0 0 1 237 99 387 
-1347 1887 -199 499 -61 -242 0 0 0 0 1 238 98 386 
-1307 1723 38 423 -99 -283 0 0 0 0 1 243 98 384 
-1303 1597 -72 328 -106 -323 0 0 0 0 1 231 93 379 
-1389 1806 -242 323 -119 -357 0 0 0 0 1 234 101 382 
-1282 1642 -121 253 -118 -267 0 0 0 0 1 228 88 377 
-1195 1568 -98 191 -72 -166 0 0 0 0 1 227 104 375 
-1201 1575 -86 84 25 -14 0 0 0 0 1 239 101 385 
-1216 1567 -69 -6 40 72 0 0 0 0 1 232 89 385 
-1262 1595 -86 -145 -61 139 0 0 0 0 1 220 91 373 
-1334 1617 -138 -222 -175 155 0 0 0 0 1 230 91 382 
-1376 1640 -151 -310 -328 149 0 0 0 0 1 234 87 380 
-1329 1616 -177 -346 -385 159 0 0 0 0 1 227 106 387 
-1293 1604 -166 -378 -392 170 0 0 0 0 1 233 85 381 
-1307 1616 -188 -393 -359 163 0 0 0 0 1 237 91 387 
-1320 1616 -212 -401 -324 142 0 0 0 0 1 231 85 400 
-1343 1622 -218 -386 -336 119 0 0 0 0 1 231 98 391 
-1300 1619 -209 -355 -337 103 0 0 0 0 1 226 90 391 
-1270 1607 -189 -328 -304 107 0 0 0 0 1 225 89 396 
-1258 1591 -189 -267 -234 111 0 0 0 0 1 230 96 394 
-1250 1583 -183 -225 -166 102 0 0 0 0 1 228 100 400 
-1260 1575 -177 -167 -52 85 0 0 0 0 1 222 91 394 
-1285 1578 -143 -131 72 39 0 0 0 0 1 231 93 391 
-1254 1583 -91 -120 131 9 0 0 0 0 1 215 106 392 
-1209 1584 -73 -94 120 -21 0 0 0 0 1 218 91 401 
-1199 1591 -49 -80 66 -31 0 0 0 0 1 221 100 398 
-1216 1604 -23 -59 -52 -16 0 0 0 0 1 231 85 400 
-1170 1547 12 -52 -102 57 0 0 0 0 1 225 91 396 
-1155 1520 26 -44 -43 154 0 0 0 0 1 227 99 389 
-1220 1670 80 -42 37 166 0 0 0 0 1 231 90 393 
-1263 1687 95 -42 24 148 0 0 0 0 1 220 89 403 
-1255 1649 119 -38 -66 134 0 0 0 0 1 225 104 399 
-1227 1657 204 -58 -173 107 0 0 0 0 1 218 96 401 
-1225 1712 402 -103 -199 92 0 0 0 0 1 218 99 406 
-1283 1731 485 -179 -233 72 0 0 0 0 1 224 90 405 
-1297 1699 567 -198 -257 65 0 0 0 0 1 217 98 395 
-1313 1650 600 -146 -267 60 0 0 0 0 1 222 101 406 
-1308 1506 688 -79 -209 57 0 0 0 0 1 215 101 399 
-1228 1394 884 -5 -6 61 0 0 0 0 1 221 93 402 
-1246 1273 1035 14 11 26 0 0 0 0 1 225 104 408 
-1264 1090 1255 8 -168 -9 0 0 0 0 1 232 96 394 
-1205 927 1416 -34 -607 -54 0 0 0 0 1 224 98 409 
-1131 617 1600 -59 -947 -68 0 0 0 0 1 225 82 406 
-1026 390 1621 -9 -1492 -50 0 0 0 0 1 220 94 413 
-922 1 1636 93 -1826 -41 0 0 0 0 1 214 95 423 
-900 -342 1709 311 -2219 -108 0 0 0 0 1 211 87 424 
-914 -664 1677 600 -2454 -337 0 0 0 0 1 213 96 422 
-928 -863 1652 828 -2546 -579 0 0 0 0 1 205 90 440 
-997 -1110 1531 1221 -2602 -1080 0 0 0 0 1 212 93 437 
-1056 -1226 1391 1688 -2602 -1729 0 0 0 0 1 208 91 445 
-1144 -1384 1121 2037 -2535 -2214 0 0 0 0 1 191 90 453 
-1202 -1491 975 2572 -2223 -2952 0 0 0 0 1 184 83 467 
-1191 -1615 788 2910 -1823 -3411 0 0 0 0 1 193 78 451 
-1231 -1702 682 3347 -1183 -4035 0 0 0 0 1 180 79 466 
-3538 -2402 -865 4300 -1613 -5702 0 0 0 0 1 160 2 500 
-3774 -2369 -1017 4345 -1579 -5649 0 0 0 0 1 163 3 508 
-3960 -2481 -1140 4280 -1735 -5450 0 0 0 0 1 160 -14 505 
-4129 -2486 -1229 4214 -1842 -5230 0 0 0 0 1 158 -7 514 
-4311 -2529 -1314 4152 -1738 -4870 0 0 0 0 1 149 -18 518 
-5016 -2347 -1492 4182 -1151 -4673 0 0 0 0 1 155 -9 528 
-5270 -2182 -1514 4227 -640 -4620 0 0 0 0 1 143 2 519 
-5470 -2028 -1478 4164 -269 -4553 0 0 0 0 1 141 -14 514 
-5392 -1705 -1370 3785 -439 -4313 0 0 0 0 1 134 -17 516 
-5214 -1547 -1458 3440 -614 -3992 0 0 0 0 1 132 -17 514 
-4843 -1482 -1640 2965 -565 -3165 0 0 0 0 1 145 -1 511 
-4426 -1381 -1914 2659 -16 -2158 0 0 0 0 1 129 -9 512 
-4379 -1123 -2064 2530 374 -1598 0 0 0 0 1 135 -3 515 
-4457 -953 -1996 2302 563 -1052 0 0 0 0 1 135 13 511 
-4421 -695 -1897 2090 407 -846 0 0 0 0 1 132 7 519 
-4300 -526 -1823 1705 104 -648 0 0 0 0 1 136 7 516 
-4126 -405 -1843 1453 11 -528 0 0 0 0 1 141 14 514 
-3857 -269 -2019 1183 109 -333 0 0 0 0 1 151 12 519 
-3432 -245 -2893 -919 900 855 0 0 0 0 1 149 30 499 
-3488 -431 -3082 -1090 861 955 0 0 0 0 1 145 18 508 
-3510 -459 -3133 -1205 869 1031 0 0 0 0 1 153 24 512 
-3402 -576 -3330 -1398 1029 1187 0 0 0 0 1 162 12 505 
-3386 -651 -3361 -1576 1160 1317 0 0 0 0 1 153 14 500 
-3374 -1069 -3631 -1887 1066 1525 0 0 0 0 1 149 20 504 
-3432 -1326 -3793 -2085 838 1652 0 0 0 0 1 158 14 505 
-3617 -1580 -3983 -2281 511 1740 0 0 0 0 1 159 15 497 
-3925 -1955 -4353 -2295 358 1749 0 0 0 0 1 172 7 498 
-4123 -2222 -4627 -2084 333 1726 0 0 0 0 1 159 25 508 
-4465 -2723 -4965 -1807 539 1690 0 0 0 0 1 160 19 498 
-4905 -3128 -5072 -1291 1008 1575 0 0 0 0 1 166 20 508 
-5474 -4088 -5062 -982 1464 1533 0 0 0 0 1 162 4 502 
-5740 -4713 -4810 -865 2614 1665 0 0 0 0 1 184 19 500 
-5641 -5839 -4476 -1066 3460 2007 0 0 0 0 1 181 14 488 
-5596 -7180 -4407 -1675 4285 2858 0 0 0 0 1 180 25 487 
-6686 -10407 -4079 -2750 4554 3669 0 0 0 0 1 206 25 469 
-7857 -12342 -3486 -3992 4430 4036 0 0 0 0 1 215 38 443 
-11649 -19297 -4665 -24515 -111 8435 0 0 0 0 1 215 138 362 
-9980 -18742 -3828 -18909 389 8352 0 0 0 0 1 189 145 382 
-6329 -17589 -2125 -14464 1187 8017 0 0 0 0 1 178 148 413 
-3461 -15940 591 -8304 2562 7201 0 0 0 0 1 166 145 436 
-2483 -14744 2759 -3848 2841 5853 0 0 0 0 1 158 157 449 
-1679 -12888 4664 -1736 2357 4756 0 0 0 0 1 149 160 441 
-1437 -11896 5260 466 1227 3130 0 0 0 0 1 154 165 436 
-1424 -10291 5124 1411 514 2155 0 0 0 0 1 155 176 430 
-1651 -9274 4816 2083 -63 909 0 0 0 0 1 147 172 431 
-1940 -7834 4098 2095 -205 60 0 0 0 0 1 138 190 436 
-2122 -6698 3895 1831 -192 -289 0 0 0 0 1 140 187 431 
-2140 -6179 3934 1235 -440 -605 0 0 0 0 1 149 185 422 
-2041 -4831 3814 858 -748 -814 0 0 0 0 1 154 187 417 
-2020 -4518 3745 514 -1177 -1279 0 0 0 0 1 156 177 422 
-1867 -3674 3460 546 -1530 -1843 0 0 0 0 1 160 191 433 
-1652 -2950 2995 800 -1828 -2193 0 0 0 0 1 156 160 438 
-1548 -2481 2663 1430 -2125 -2664 0 0 0 0 1 158 181 435 
-1857 -1903 2131 1948 -2106 -2978 0 0 0 0 1 156 172 441 
-2196 -1787 1895 2743 -1746 -3436 0 0 0 0 1 162 159 437 
-2741 -1529 1540 3250 -1313 -3738 0 0 0 0 1 171 160 438 
-2907 -1443 1420 3883 -650 -4080 0 0 0 0 1 194 160 429 
-3171 -1205 1082 4358 -350 -4142 0 0 0 0 1 193 152 414 
-3248 -1095 1030 4567 -408 -4071 0 0 0 0 1 194 150 424 
-3374 -1032 924 4717 -977 -3897 0 0 0 0 1 207 142 400 
-3510 -985 714 4732 -1529 -3763 0 0 0 0 1 209 132 409 
-3622 -1013 418 4726 -2255 -3574 0 0 0 0 1 226 125 400 
-3740 -1050 136 4774 -2565 -3491 0 0 0 0 1 225 121 403 
-3880 -1088 -257 4841 -2487 -3495 0 0 0 0 1 231 115 402 
-3849 -1146 -557 5028 -2219 -3477 0 0 0 0 1 231 110 402 
-3660 -1285 -944 5207 -2118 -3422 0 0 0 0 1 234 104 396 
-3627 -1452 -1205 5538 -2209 -3340 0 0 0 0 1 235 95 395 
-3657 -1665 -1675 5897 -2269 -3322 0 0 0 0 1 233 90 398 
-3585 -1900 -2065 6138 -2143 -3330 0 0 0 0 1 233 88 407 
-3589 -2020 -2330 6473 -1824 -3357 0 0 0 0 1 222 79 401 
-3629 -2134 -2639 6720 -1600 -3389 0 0 0 0 1 234 67 406 
-3573 -2282 -2810 6817 -1607 -3389 0 0 0 0 1 245 71 414 
-3498 -2411 -2881 6847 -1812 -3330 0 0 0 0 1 241 72 406 
-3304 -2659 -2818 6743 -1879 -3286 0 0 0 0 1 235 56 395 
-3201 -2777 -2851 6481 -1877 -3226 0 0 0 0 1 239 55 410 
-3144 -2816 -2900 6256 -1945 -3266 0 0 0 0 1 226 53 409 
-3100 -2850 -3088 6181 -2063 -3434 0 0 0 0 1 233 39 412 
-3146 -2798 -3251 6231 -2120 -3628 0 0 0 0 1 226 36 421 
-3166 -2762 -3346 6412 -2181 -3962 0 0 0 0 1 220 33 420 
-3280 -2740 -3492 6586 -2136 -4191 0 0 0 0 1 222 28 420 
-3349 -2681 -3622 6948 -1832 -4461 0 0 0 0 1 220 18 431 
-3450 -2598 -3888 7232 -1483 -4569 0 0 0 0 1 213 11 436 
-3457 -2580 -3946 7626 -916 -4541 0 0 0 0 1 212 19 437 
-3421 -2580 -3893 7831 -519 -4306 0 0 0 0 1 209 7 440 
-3496 -2651 -3805 7842 -545 -4112 0 0 0 0 1 211 8 448 
-3629 -2681 -3731 7704 -886 -3893 0 0 0 0 1 207 12 442 
-3777 -2696 -3764 7552 -1199 -3779 0 0 0 0 1 206 8 441 
-3971 -2680 -4028 7521 -1248 -3722 0 0 0 0 1 215 33 448 
-4134 -2575 -4193 7536 -936 -3602 0 0 0 0 1 201 18 448 
-3616 -1346 -3481 3667 -994 -1592 0 0 0 0 1 208 45 413 
-3456 -1229 -3377 3070 -1049 -1321 0 0 0 0 1 205 39 419 
-3446 -1125 -3445 2325 -1074 -978 0 0 0 0 1 195 49 426 
-3471 -896 -3573 1973 -1015 -818 0 0 0 0 1 201 40 415 
-3529 -665 -3601 1641 -803 -689 0 0 0 0 1 205 36 430 
-3564 -419 -3564 1441 -673 -610 0 0 0 0 1 197 35 413 
-3506 -262 -3450 1293 -606 -530 0 0 0 0 1 192 45 417 
-3390 -149 -3314 970 -412 -324 0 0 0 0 1 199 28 420 
-3209 -20 -3152 692 -258 -143 0 0 0 0 1 204 25 408 
-3122 13 -3021 207 -50 128 0 0 0 0 1 200 31 416 
-3130 -34 -2963 -275 13 341 0 0 0 0 1 205 41 419 
-3131 -50 -2952 -564 -41 451 0 0 0 0 1 181 39 414 
-3146 -171 -2922 -982 -214 593 0 0 0 0 1 197 42 410 
-3169 -279 -2863 -1246 -307 673 0 0 0 0 1 200 36 421 
-3215 -372 -2852 -1621 -379 775 0 0 0 0 1 199 40 417 
-3325 -535 -2836 -1849 -343 831 0 0 0 0 1 185 42 431 
-3381 -702 -2758 -2194 -214 921 0 0 0 0 1 188 39 433 
-3401 -845 -2725 -2556 -166 1069 0 0 0 0 1 188 44 440 
-3544 -1733 -4177 -2687 12 1984 0 0 0 0 1 184 29 486 
-3802 -1902 -4442 -2282 115 1951 0 0 0 0 1 185 25 487 
-3861 -2242 -4597 -1708 14 2019 0 0 0 0 1 179 22 493 
-4099 -2854 -4946 -1205 -343 2228 0 0 0 0 1 209 44 444 
-10834 -16397 -3943 -15616 8260 6177 0 0 0 0 1 221 39 421 
-12073 -17264 -2780 -17971 8564 7325 0 0 0 0 1 235 49 402 
-13967 -17902 -2351 -21640 7230 8432 0 0 0 0 1 238 44 386 
-16658 -18783 -3632 -23573 5406 8941 0 0 0 0 1 237 57 359 
-17730 -18834 -4525 -25613 3498 10400 0 0 0 0 1 235 73 367 
-16447 -18339 -5029 -26135 2682 12112 0 0 0 0 1 230 87 375 
-15402 -17703 -5719 -24490 1366 14594 0 0 0 0 1 222 91 385 
-12535 -18075 -5277 -21700 1133 15085 0 0 0 0 1 204 111 413 
-10866 -17467 -4062 -14766 907 12136 0 0 0 0 1 165 127 451 
-7056 -16326 -482 -9549 1109 9130 0 0 0 0 1 156 121 469 
-5512 -16034 462 -3186 1477 6508 0 0 0 0 1 135 133 476 
-2144 -13871 3531 -475 1328 6143 0 0 0 0 1 136 142 472 
-1952 -13279 4010 1694 1358 5786 0 0 0 0 1 130 155 471 
-2628 -10965 4247 2511 1405 4955 0 0 0 0 1 127 169 465 
-3079 -10059 4207 3226 1215 3042 0 0 0 0 1 126 187 448 
-3187 -9080 4190 3259 1104 1748 0 0 0 0 1 119 197 457 
-2717 -7910 4255 2765 831 361 0 0 0 0 1 134 201 435 
-2341 -7161 4212 2274 431 -194 0 0 0 0 1 129 206 433 
-1994 -6130 3824 1654 -225 -801 0 0 0 0 1 134 213 430 
-1739 -4793 3086 1289 -900 -1596 0 0 0 0 1 140 212 424 
-1697 -4292 2832 1285 -1247 -1974 0 0 0 0 1 129 213 430 
-1590 -3598 2382 1428 -1682 -2505 0 0 0 0 1 139 201 433 
-1741 -3111 2080 1609 -1872 -2919 0 0 0 0 1 148 201 423 
-1989 -2698 1729 2016 -2065 -3620 0 0 0 0 1 151 191 423 
-2347 -2100 1198 2541 -1988 -4323 0 0 0 0 1 153 181 437 
-2624 -1733 662 2974 -1809 -4727 0 0 0 0 1 173 177 434 
-2701 -1589 324 3751 -1475 -5145 0 0 0 0 1 179 174 428 
-2748 -1441 24 4308 -1276 -5303 0 0 0 0 1 200 166 416 
-2853 -1395 -364 5148 -1006 -5406 0 0 0 0 1 197 150 415 
-2904 -1437 -473 5682 -811 -5424 0 0 0 0 1 215 145 410 
-2947 -1420 -531 6363 -704 -5404 0 0 0 0 1 208 138 410 
-2968 -1532 -720 6741 -831 -5359 0 0 0 0 1 239 128 389 
-2955 -1732 -884 7207 -1055 -5290 0 0 0 0 1 237 111 369 
-3062 -2139 -927 7442 -1110 -5264 0 0 0 0 1 243 83 365 
-3156 -2501 -1081 7720 -1392 -5246 0 0 0 0 1 254 78 367 
-3355 -2967 -1435 7913 -1692 -5292 0 0 0 0 1 246 60 359 
-3465 -3220 -1789 8288 -2135 -5484 0 0 0 0 1 252 46 374 
-3865 -3665 -2562 8624 -2342 -5708 0 0 0 0 1 259 31 377 
-4150 -3970 -2989 9226 -2501 -6080 0 0 0 0 1 252 12 381 
-4295 -4213 -3368 9785 -2245 -6262 0 0 0 0 1 253 1 373 
-4476 -4575 -3515 10027 -1619 -6226 0 0 0 0 1 246 -18 392 
-4518 -4707 -3532 10193 -545 -5917 0 0 0 0 1 241 -23 396 
-4110 -4822 -3536 10212 319 -5330 0 0 0 0 1 235 -34 407 
-4104 -4832 -3641 10310 620 -4949 0 0 0 0 1 233 -53 414 
-4269 -4774 -4193 10683 507 -4550 0 0 0 0 1 234 -47 408 
-4425 -4805 -4407 10944 -240 -4387 0 0 0 0 1 221 -46 405 
-4584 -4689 -4635 11142 -1718 -4321 0 0 0 0 1 217 -29 419 
-4380 -4559 -4626 11070 -2120 -4284 0 0 0 0 1 205 -41 433 
-4211 -4506 -4589 10720 -1630 -4076 0 0 0 0 1 207 -36 444 
-3838 -4264 -4300 9955 110 -3606 0 0 0 0 1 204 -30 448 
-3359 -4036 -3912 8900 1895 -2904 0 0 0 0 1 201 -20 450 
-3300 -4186 -3988 7939 1776 -2332 0 0 0 0 1 204 -6 438 
-3285 -4197 -3941 7332 729 -2113 0 0 0 0 1 217 -7 423 
-3350 -4080 -4041 6442 -1211 -1992 0 0 0 0 1 209 -7 433 
-3299 -3826 -4084 5626 -2032 -1913 0 0 0 0 1 201 8 443 
-3389 -3412 -4195 5197 -1827 -1855 0 0 0 0 1 199 23 443 
-3603 -3143 -4211 4657 -725 -1799 0 0 0 0 1 200 22 442 
-3664 -2689 -3976 4076 553 -1690 0 0 0 0 1 204 15 443 
-3611 -2334 -3633 3243 473 -1373 0 0 0 0 1 193 17 428 
-3507 -2120 -3414 2754 -118 -1108 0 0 0 0 1 205 14 435 
-3205 -1842 -3175 2038 -843 -527 0 0 0 0 1 193 17 428 
-3141 -1611 -3249 1671 -1068 -111 0 0 0 0 1 201 23 441 
-3293 -1368 -3396 1344 -1050 365 0 0 0 0 1 205 31 423 
-3442 -1245 -3434 1202 -747 616 0 0 0 0 1 198 24 435 
-3475 -1199 -3414 1128 -503 688 0 0 0 0 1 204 38 422 
-3474 -1097 -3335 920 -162 743 0 0 0 0 1 204 30 436 
-3346 -989 -3148 681 46 790 0 0 0 0 1 204 57 434 
-3157 -986 -2990 191 310 906 0 0 0 0 1 207 51 428 
-3120 -1004 -2966 -160 378 985 0 0 0 0 1 187 52 420 
-3177 -1039 -2994 -666 283 1040 0 0 0 0 1 201 50 429 
-3238 -1048 -2999 -968 118 1028 0 0 0 0 1 191 49 423 
-3377 -1183 -3082 -1237 -97 1019 0 0 0 0 1 192 50 436 
-3398 -1208 -3088 -1606 -345 1058 0 0 0 0 1 194 55 429 
-3427 -1236 -3078 -1975 -388 1169 0 0 0 0 1 189 52 445 
-3388 -1280 -3088 -2212 -302 1275 0 0 0 0 1 185 47 445 
-3366 -1372 -3127 -2530 -35 1439 0 0 0 0 1 185 50 436 
-3398 -2732 -5384 -6502 4081 4957 0 0 0 0 1 197 42 478 
-9828 -12310 -4784 -7946 6967 5718 0 0 0 0 1 212 41 465 
-11291 -14926 -3365 -10472 8941 6097 0 0 0 0 1 217 44 442 
-11709 -15661 -2829 -15694 9994 5515 0 0 0 0 1 222 52 417 
-12890 -17880 -2457 -20509 9094 4305 0 0 0 0 1 244 38 366 
-13776 -20223 -3155 -22714 7838 3930 0 0 0 0 1 247 39 344 
-13529 -20551 -3251 -25204 5493 4947 0 0 0 0 1 241 35 334 
-11475 -19261 -2200 -26353 1896 7156 0 0 0 0 1 253 52 336 
-10369 -17605 -1142 -26002 -3306 10999 0 0 0 0 1 245 76 358 
-9870 -15686 -1300 -23455 -4610 11906 0 0 0 0 1 225 77 396 
-8989 -15063 -2597 -16223 -3942 10718 0 0 0 0 1 189 89 422 
-6094 -14515 -2527 -10342 -971 8902 0 0 0 0 1 186 90 453 
-3768 -13886 -912 -2877 2425 6899 0 0 0 0 1 172 117 456 
-1408 -12517 4340 104 2916 6394 0 0 0 0 1 174 117 460 
-1291 -12213 5323 1897 2229 5660 0 0 0 0 1 165 149 449 
-1848 -10344 6560 2111 624 3954 0 0 0 0 1 151 166 447 
-1598 -9222 6008 2057 -216 2710 0 0 0 0 1 146 166 426 
-1176 -8167 5022 2035 -597 1361 0 0 0 0 1 159 175 436 
-765 -6805 3903 2050 -468 797 0 0 0 0 1 146 183 444 
-908 -5773 3198 2114 -43 71 0 0 0 0 1 153 196 426 
-1258 -4975 3268 2081 271 -468 0 0 0 0 1 151 193 423 
-1289 -4465 3548 1723 337 -1282 0 0 0 0 1 146 191 421 
-1218 -3846 3654 1345 -132 -1698 0 0 0 0 1 162 193 412 
-1162 -3452 3491 815 -1213 -2069 0 0 0 0 1 158 191 409 
-1169 -3134 3108 626 -1798 -2213 0 0 0 0 1 159 180 431 
-1430 -2689 2378 697 -2222 -2450 0 0 0 0 1 176 176 423 
-1639 -2422 1912 1127 -2141 -2791 0 0 0 0 1 168 168 434 
-1948 -2227 1500 1541 -1869 -3090 0 0 0 0 1 174 161 444 
-2385 -2074 1048 2256 -1314 -3530 0 0 0 0 1 179 157 442 
-2466 -1963 854 2728 -938 -3744 0 0 0 0 1 187 150 441 
-2466 -1788 510 3187 -646 -3884 0 0 0 0 1 197 145 441 
-2409 -1750 444 3806 -409 -3952 0 0 0 0 1 198 144 416 
-2296 -1730 295 4298 -427 -3966 0 0 0 0 1 220 131 422 
-2322 -1724 102 4567 -625 -4007 0 0 0 0 1 221 117 421 
-2398 -1782 -112 4887 -937 -4155 0 0 0 0 1 224 112 409 
-2459 -1888 -232 5055 -1044 -4305 0 0 0 0 1 215 104 396 
-2643 -2049 -433 5294 -1129 -4600 0 0 0 0 1 227 87 396 
-2722 -2169 -681 5464 -1175 -4798 0 0 0 0 1 241 89 406 
-2774 -2292 -875 5759 -1189 -5061 0 0 0 0 1 235 73 391 
-2793 -2483 -1190 5981 -1108 -5197 0 0 0 0 1 252 63 391 
-2808 -2603 -1439 6400 -931 -5336 0 0 0 0 1 251 50 394 
-3126 -2881 -1840 6751 -846 -5445 0 0 0 0 1 246 33 394 
-3433 -3064 -2072 7340 -858 -5677 0 0 0 0 1 251 8 399 
-3730 -3179 -2377 7722 -929 -5834 0 0 0 0 1 238 -7 398 
-3963 -3396 -2589 8247 -853 -6037 0 0 0 0 1 247 -19 405 
-3966 -3483 -2799 8693 -375 -6125 0 0 0 0 1 246 -33 399 
-3804 -3503 -2957 8946 49 -6039 0 0 0 0 1 227 -45 401 
-3729 -3632 -3123 9265 367 -5705 0 0 0 0 1 230 -35 417 
-3686 -3823 -3193 9294 326 -5370 0 0 0 0 1 232 -50 403 
-3631 -3976 -3132 8999 119 -4783 0 0 0 0 1 230 -57 413 
-3757 -4087 -3326 8686 -61 -4423 0 0 0 0 1 221 -78 428 
-3856 -4144 -3537 8236 -69 -3948 0 0 0 0 1 214 -80 435 
-4067 -4143 -3937 8064 309 -3684 0 0 0 0 1 211 -65 438 
-4096 -4002 -4137 7986 1047 -3305 0 0 0 0 1 213 -52 436 
-3773 -2344 -4519 4857 810 -1403 0 0 0 0 1 215 -11 445 
-3573 -2135 -4205 4487 -328 -1031 0 0 0 0 1 208 -6 441 
-3362 -1819 -3873 4076 -1180 -796 0 0 0 0 1 204 -6 445 
-3259 -1587 -3624 3322 -1784 -547 0 0 0 0 1 193 7 453 
-3307 -1410 -3633 2635 -1500 -521 0 0 0 0 1 191 14 444 
-3446 -1059 -3732 2288 -1020 -609 0 0 0 0 1 191 14 460 
-3549 -715 -3740 1939 -421 -798 0 0 0 0 1 194 18 452 
-3518 -586 -3688 1766 -354 -808 0 0 0 0 1 189 20 441 
-3320 -487 -3555 1691 -601 -607 0 0 0 0 1 184 24 451 
-3200 -390 -3436 1555 -962 -102 0 0 0 0 1 189 28 450 
-9466 -14073 -3827 -6869 5996 4034 0 0 0 0 1 200 98 453 
-10241 -14638 -2684 -12332 8223 3200 0 0 0 0 1 202 80 433 
-10921 -15854 -1811 -16052 8917 2412 0 0 0 0 1 215 84 417 
-10773 -17273 -1764 -20439 8851 2381 0 0 0 0 1 230 62 417 
-11418 -19327 -2474 -22420 7497 3558 0 0 0 0 1 243 53 393 
-12020 -21043 -2943 -24461 3581 6988 0 0 0 0 1 241 42 378 
-14373 -19965 -4364 -25486 1362 9001 0 0 0 0 1 238 46 372 
-15793 -19846 -5704 -26092 2059 10586 0 0 0 0 1 234 65 375 
-15735 -20897 -7081 -25487 4074 10848 0 0 0 0 1 231 73 386 
-13685 -21015 -5410 -23098 4448 10348 0 0 0 0 1 226 83 391 
-8677 -18831 -1979 -18863 1373 9700 0 0 0 0 1 218 77 396 
-6558 -17104 -694 -15200 261 9015 0 0 0 0 1 214 95 419 
-4823 -15374 362 -9135 -506 7613 0 0 0 0 1 198 95 433 
-2863 -13269 2024 -5386 -770 6805 0 0 0 0 1 174 103 453 
-1880 -12437 2753 -879 -153 6026 0 0 0 0 1 158 127 458 
-1857 -11179 3685 1250 804 5504 0 0 0 0 1 163 131 455 
-2070 -10757 3863 3142 1853 4357 0 0 0 0 1 166 153 448 
-2813 -9436 4381 3636 1968 2862 0 0 0 0 1 165 164 440 
-3049 -8221 4700 3313 1444 1911 0 0 0 0 1 160 181 430 
-2780 -7475 4734 2277 222 882 0 0 0 0 1 156 190 417 
-2116 -6481 4330 1574 -490 469 0 0 0 0 1 155 193 419 
-1810 -5877 3840 955 -1156 -26 0 0 0 0 1 153 191 416 
-1607 -4933 3043 907 -1407 -385 0 0 0 0 1 147 190 417 
-1503 -4330 2665 1226 -1520 -1012 0 0 0 0 1 152 197 429 
-1645 -3657 2262 1607 -1492 -1486 0 0 0 0 1 151 183 423 
-1794 -3296 2062 2267 -1299 -2199 0 0 0 0 1 153 196 414 
-2012 -2837 1797 2701 -1057 -2619 0 0 0 0 1 161 185 427 
-2210 -2584 1631 3275 -755 -3103 0 0 0 0 1 173 190 415 
-2523 -2215 1250 3706 -640 -3371 0 0 0 0 1 176 174 414 
-2579 -2112 1084 3908 -584 -3433 0 0 0 0 1 179 176 409 
-2682 -2012 924 4127 -578 -3460 0 0 0 0 1 195 166 395 
-2820 -1894 642 4255 -679 -3475 0 0 0 0 1 208 163 380 
-2926 -1871 411 4481 -1019 -3547 0 0 0 0 1 206 165 378 
-3166 -1839 -113 4667 -1317 -3662 0 0 0 0 1 220 136 385 
-3185 -1837 -221 4986 -1708 -3891 0 0 0 0 1 225 136 366 
-3198 -2013 -465 5290 -1756 -4135 0 0 0 0 1 222 123 369 
-3164 -2232 -660 5454 -1615 -4274 0 0 0 0 1 238 117 374 
-3168 -2364 -828 5663 -1486 -4440 0 0 0 0 1 243 107 360 
-3097 -2538 -1086 5788 -1471 -4508 0 0 0 0 1 251 74 366 
-3060 -2774 -1240 5999 -1487 -4583 0 0 0 0 1 251 69 359 
-3151 -3315 -1706 6209 -1558 -4647 0 0 0 0 1 255 65 366 
-3189 -3415 -1849 6689 -1731 -4834 0 0 0 0 1 261 46 356 
-3527 -3670 -2259 7343 -2006 -5196 0 0 0 0 1 252 31 372 
-3763 -3973 -2704 7846 -2149 -5484 0 0 0 0 1 265 11 369 
-3834 -4171 -2934 8627 -2027 -5898 0 0 0 0 1 255 -1 378 
-3782 -4521 -3228 9143 -1835 -6109 0 0 0 0 1 252 -12 386 
-3742 -4885 -3384 9835 -1574 -6331 0 0 0 0 1 238 -36 405 
-3824 -5160 -3506 10370 -1444 -6535 0 0 0 0 1 232 -55 403 
-4165 -5409 -3654 10650 -1504 -6754 0 0 0 0 1 234 -60 410 
-4534 -5722 -3893 10955 -1498 -7067 0 0 0 0 1 227 -79 431 
-4725 -6093 -4189 11109 -1418 -7185 0 0 0 0 1 207 -85 437 
-4630 -6145 -4518 11384 -1012 -7077 0 0 0 0 1 194 -77 452 
-4545 -6229 -5038 11602 -408 -6752 0 0 0 0 1 199 -79 469 
-4497 -6194 -5294 11756 558 -5764 0 0 0 0 1 185 -74 476 
-4195 -6083 -5121 11560 1364 -4837 0 0 0 0 1 185 -62 487 
-4247 -6112 -5061 10860 2397 -3468 0 0 0 0 1 182 -40 483 
-4243 -5880 -4937 10119 2662 -2740 0 0 0 0 1 192 -30 471 
-4107 -5670 -4688 8715 2476 -2070 0 0 0 0 1 195 -12 458 
-3968 -5510 -4292 7156 1347 -1915 0 0 0 0 1 191 0 456 
-3895 -5349 -4000 6086 255 -2045 0 0 0 0 1 193 9 451 
-3933 -5097 -3911 4687 -1438 -2403 0 0 0 0 1 198 17 449 
-3967 -4534 -4283 3975 -2277 -2536 0 0 0 0 1 191 4 451 
-3913 -4080 -4577 3294 -2563 -2420 0 0 0 0 1 191 4 460 
-4086 -3304 -4937 3006 -1958 -2072 0 0 0 0 1 175 13 471 
-4148 -2779 -4996 2908 -1245 -1794 0 0 0 0 1 169 -2 467 
-4240 -2010 -4689 2719 -193 -1450 0 0 0 0 1 166 1 478 
-4374 -1382 -4216 2536 220 -1290 0 0 0 0 1 172 9 474 
-4302 -1063 -3929 2180 375 -1049 0 0 0 0 1 181 9 465 
-3997 -737 -3624 1919 264 -833 0 0 0 0 1 174 19 465 
-3774 -596 -3523 1526 -112 -406 0 0 0 0 1 186 2 460 
-3584 -487 -3442 1250 -390 -101 0 0 0 0 1 179 14 467 
-3558 -431 -3362 717 -636 292 0 0 0 0 1 180 23 464 
-3655 -286 -3202 -143 -365 531 0 0 0 0 1 176 31 470 
-3824 -146 -3115 -713 -41 549 0 0 0 0 1 184 26 463 
-3872 -159 -3171 -1127 87 528 0 0 0 0 1 176 12 470 
-3880 -148 -3149 -1351 67 572 0 0 0 0 1 165 19 463 
-3853 -256 -3159 -1628 -207 811 0 0 0 0 1 182 18 471 
-3881 -379 -3123 -1832 -458 1044 0 0 0 0 1 174 14 474 
-3986 -575 -3095 -2157 -703 1410 0 0 0 0 1 184 12 481 
-4008 -645 -3119 -2373 -726 1644 0 0 0 0 1 167 14 472 
-4192 -1067 -3364 -2805 -496 2040 0 0 0 0 1 172 22 481 
-4297 -1273 -3471 -3124 -205 2255 0 0 0 0 1 180 18 490 
-4291 -1630 -3577 -3344 -56 2386 0 0 0 0 1 165 14 493 
-4293 -1686 -3603 -3673 -24 2566 0 0 0 0 1 161 11 506 
-4297 -1778 -3720 -3943 -186 2688 0 0 0 0 1 163 13 501 
-4423 -1664 -3908 -4047 -351 2747 0 0 0 0 1 155 -2 512 
-4483 -1688 -4143 -4003 -545 2905 0 0 0 0 1 167 9 507 
-4698 -1760 -4891 -3807 -550 3048 0 0 0 0 1 162 4 507 
-4746 -1854 -5180 -3176 -417 3379 0 0 0 0 1 154 -1 515 
-4947 -2438 -5832 -2252 115 3826 0 0 0 0 1 158 9 521 
-5662 -3268 -6084 -1618 749 4023 0 0 0 0 1 153 12 512 
-6697 -4182 -6080 -936 2255 3976 0 0 0 0 1 165 14 514 
-7350 -4998 -6124 -716 3460 3966 0 0 0 0 1 168 23 499 
-7080 -7355 -6532 -676 4381 4214 0 0 0 0 1 181 26 479 
-6917 -8129 -6285 -1531 5036 5106 0 0 0 0 1 198 46 474 
-8204 -11294 -5164 -3761 4671 6052 0 0 0 0 1 201 52 455 
-9362 -12961 -4787 -5893 5275 6380 0 0 0 0 1 206 55 443 
-11626 -14364 -4455 -10157 8147 5705 0 0 0 0 1 211 65 429 
-12664 -15392 -4373 -14833 11342 3889 0 0 0 0 1 208 72 406 
-13437 -16974 -4250 -17693 12269 2890 0 0 0 0 1 227 67 387 
-13414 -19365 -3548 -21601 8968 2979 0 0 0 0 1 235 63 337 
-13361 -19633 -3631 -23937 4606 4135 0 0 0 0 1 264 61 339 
-12975 -18119 -3661 -26197 -1804 7355 0 0 0 0 1 243 73 344 
-11618 -17237 -4622 -25526 -4560 10149 0 0 0 0 1 219 93 370 
-11526 -17559 -6176 -19998 -2224 11664 0 0 0 0 1 195 85 395 
-8543 -18448 -2981 -12799 3410 9580 0 0 0 0 1 189 109 422 
-7451 -18197 -1405 -8842 4636 8096 0 0 0 0 1 182 109 438 
-4763 -15992 3150 -4968 3743 6752 0 0 0 0 1 175 118 427 
-3530 -13545 4755 -3237 3065 6127 0 0 0 0 1 165 132 428 
-2808 -12446 5435 -1328 2988 5002 0 0 0 0 1 163 155 420 
-2127 -10838 6549 -451 2558 4018 0 0 0 0 1 168 163 422 
-1254 -9852 7089 269 1475 2613 0 0 0 0 1 172 171 414 
-482 -8562 7363 387 765 1696 0 0 0 0 1 175 170 417 
-423 -7730 7340 201 -332 297 0 0 0 0 1 162 164 407 
-300 -6493 6786 79 -1030 -466 0 0 0 0 1 160 174 423 
-412 -5371 5833 194 -2034 -1137 0 0 0 0 1 162 166 430 
-604 -4710 5173 465 -2403 -1347 0 0 0 0 1 160 164 440 
-818 -4123 4615 983 -2342 -1530 0 0 0 0 1 169 157 442 
-1369 -3232 3948 1286 -2094 -1644 0 0 0 0 1 176 166 453 
-1643 -2864 3593 1626 -1897 -1870 0 0 0 0 1 152 165 445 
-1841 -2538 3199 1932 -2104 -2148 0 0 0 0 1 166 158 455 
-2030 -2241 2662 2118 -2331 -2320 0 0 0 0 1 171 155 448 
-2254 -2131 2282 2364 -2683 -2618 0 0 0 0 1 176 152 463 
-2514 -2082 1847 2536 -2817 -2825 0 0 0 0 1 178 145 464 
-2640 -2043 1274 2778 -2597 -3083 0 0 0 0 1 175 138 469 
-2592 -1982 788 2984 -2029 -3268 0 0 0 0 1 179 137 467 
-2557 -1989 723 3100 -1693 -3356 0 0 0 0 1 182 141 466 
-2607 -2056 605 3243 -1431 -3516 0 0 0 0 1 174 132 472 
-2591 -2130 510 3320 -1383 -3654 0 0 0 0 1 194 131 464 
-2678 -2219 456 3407 -1438 -3934 0 0 0 0 1 191 120 465 
-2733 -2339 353 3459 -1556 -4152 0 0 0 0 1 194 99 462 
-2735 -2493 -72 3528 -1666 -4479 0 0 0 0 1 204 111 450 
-2735 -2507 -178 3576 -1644 -4687 0 0 0 0 1 197 101 457 
-2791 -2593 -534 3704 -1567 -5007 0 0 0 0 1 204 96 459 
-2896 -2714 -740 3820 -1434 -5238 0 0 0 0 1 207 78 460 
-2978 -2874 -921 4029 -1100 -5576 0 0 0 0 1 220 55 462 
-3055 -3003 -1026 4207 -944 -5789 0 0 0 0 1 212 41 465 
-3156 -3233 -1291 4599 -955 -6037 0 0 0 0 1 212 36 467 
-3196 -3505 -1694 4957 -989 -6163 0 0 0 0 1 208 15 466 
-3498 -3672 -2040 5687 -850 -6487 0 0 0 0 1 217 14 456 
-4053 -3731 -2511 6302 -587 -6792 0 0 0 0 1 215 8 476 
-4179 -3745 -2783 7360 40 -7167 0 0 0 0 1 209 -2 463 
-4005 -3876 -3027 8108 552 -7239 0 0 0 0 1 209 -12 460 
-3777 -3995 -3040 9156 1311 -7046 0 0 0 0 1 211 -11 457 
-3777 -4419 -2985 9748 1474 -6820 0 0 0 0 1 209 -19 458 
-3950 -4817 -2894 10296 679 -6518 0 0 0 0 1 202 -31 463 
-4354 -5296 -3071 10387 -435 -6418 0 0 0 0 1 201 -35 466 
-4751 -5550 -3502 10373 -1610 -6557 0 0 0 0 1 191 -34 463 
-5133 -5755 -4193 10427 -1308 -6737 0 0 0 0 1 181 -24 484 
-5401 -5846 -4712 10717 888 -6864 0 0 0 0 1 192 -23 476 
-5361 -5549 -5099 10895 3074 -6588 0 0 0 0 1 192 -20 480 
-4828 -5443 -4941 10864 5746 -5389 0 0 0 0 1 192 -13 469 
-4125 -5598 -4492 10559 5707 -4274 0 0 0 0 1 200 29 407 
-3578 -774 -3447 -466 267 302 0 0 0 0 1 204 23 406 
-3553 -784 -3372 -893 -239 361 0 0 0 0 1 208 23 413 
-3517 -855 -3319 -1233 -615 512 0 0 0 0 1 204 25 417 
-3535 -983 -3343 -1791 -880 863 0 0 0 0 1 204 20 420 
-3595 -1117 -3366 -2362 -591 1240 0 0 0 0 1 201 18 431 
-3743 -1316 -3517 -2703 -299 1431 0 0 0 0 1 194 18 434 
-3799 -1470 -3633 -3112 -27 1622 0 0 0 0 1 189 28 434 
-3764 -1771 -3742 -3328 -4 1726 0 0 0 0 1 206 25 443 
-3533 -2020 -3796 -3734 -398 1998 0 0 0 0 1 194 18 445 
-3531 -2208 -3850 -4086 -873 2262 0 0 0 0 1 198 26 458 
-4399 -4593 -6050 -5617 1487 4674 0 0 0 0 1 191 17 470 
-4818 -5756 -6281 -5503 1903 5079 0 0 0 0 1 202 26 472 
-5406 -6757 -6787 -5305 2561 5719 0 0 0 0 1 209 26 460 
-6212 -7837 -6862 -5150 2972 6128 0 0 0 0 1 218 35 457 
-7314 -9254 -7006 -4757 3268 6604 0 0 0 0 1 207 34 442 
-8753 -11260 -7541 -4632 4521 6688 0 0 0 0 1 206 55 431 
-12017 -13341 -8085 -5830 8041 5945 0 0 0 0 1 222 94 396 
-13716 -14348 -7395 -10547 14315 3019 0 0 0 0 1 235 90 360 
-15711 -16744 -5736 -14519 14650 405 0 0 0 0 1 233 83 325 
-13024 -19901 -5235 -20068 11261 -770 0 0 0 0 1 247 78 302 
-12074 -19895 -5726 -25331 5965 839 0 0 0 0 1 245 66 293 
-13157 -18678 -6909 -28200 2399 2163 0 0 0 0 1 245 73 281 
-13023 -17471 -7701 -29958 -2378 4924 0 0 0 0 1 239 89 301 
-11366 -17213 -8668 -28557 -3204 7074 0 0 0 0 1 221 103 388 
-10281 -18078 -8683 -23253 -949 8901 0 0 0 0 1 201 91 406 
-8223 -17456 -5647 -18683 403 8874 0 0 0 0 1 188 76 442 
-6383 -15919 -3319 -11236 732 7851 0 0 0 0 1 189 94 450 
-3376 -14486 45 -6710 769 7201 0 0 0 0 1 186 93 453 
-2078 -13949 1883 -1618 913 6530 0 0 0 0 1 178 106 459 
-1567 -13204 3322 558 1105 5766 0 0 0 0 1 163 131 452 
-2444 -11457 4525 1979 967 4585 0 0 0 0 1 165 137 449 
-2680 -10995 4505 3097 427 2489 0 0 0 0 1 161 145 452 
-2960 -8947 3904 3343 211 1259 0 0 0 0 1 161 155 431 
-2764 -7992 3503 3354 -242 1 0 0 0 0 1 166 175 438 
-2496 -6722 3021 3243 -487 -530 0 0 0 0 1 162 164 440 
-2434 -6340 2855 3093 -543 -1092 0 0 0 0 1 163 165 436 
-2176 -4924 2316 3050 -360 -1425 0 0 0 0 1 168 168 422 
-2156 -4663 2251 3038 -84 -1961 0 0 0 0 1 185 170 422 
-2230 -3902 2138 3038 -190 -2553 0 0 0 0 1 180 165 403 
-2280 -3254 1972 3032 -501 -2925 0 0 0 0 1 185 172 408 
-2420 -2621 1695 3027 -1086 -3408 0 0 0 0 1 199 158 401 
-2660 -2167 1261 3094 -1558 -3796 0 0 0 0 1 197 160 406 
-2771 -2046 1108 3213 -1660 -4010 0 0 0 0 1 202 147 412 
-3074 -1703 481 3406 -1602 -4167 0 0 0 0 1 220 133 396 
-3118 -1646 347 3826 -1328 -4266 0 0 0 0 1 213 118 394 
-3325 -1591 -52 4185 -1127 -4274 0 0 0 0 1 231 110 393 
-3334 -1599 -143 4804 -819 -4212 0 0 0 0 1 231 105 398 
-3212 -1649 -367 5445 -379 -4089 0 0 0 0 1 243 88 388 
-3166 -1742 -449 5855 -84 -3996 0 0 0 0 1 238 95 374 
-3105 -1831 -477 6380 188 -3868 0 0 0 0 1 244 82 378 
-3058 -1951 -459 6634 125 -3805 0 0 0 0 1 255 65 369 
-2977 -2255 -493 6809 -168 -3774 0 0 0 0 1 251 72 371 
-2924 -2362 -507 6896 -764 -3767 0 0 0 0 1 260 57 355 
-2816 -2649 -542 6838 -1345 -3824 0 0 0 0 1 258 28 359 
-2885 -3000 -852 6813 -1749 -3924 0 0 0 0 1 265 23 352 
-2993 -3277 -1093 6901 -2137 -4186 0 0 0 0 1 255 11 369 
-3190 -3617 -1571 7084 -2197 -4435 0 0 0 0 1 258 -13 371 
-3225 -3793 -1899 7557 -2006 -4825 0 0 0 0 1 261 -19 374 
-3115 -4061 -2314 8246 -1463 -5132 0 0 0 0 1 255 -28 389 
-3185 -4496 -2543 8992 -956 -5365 0 0 0 0 1 239 -47 403 
-3359 -4627 -2611 9441 -1107 -5558 0 0 0 0 1 240 -63 405 
-3728 -4944 -2715 9831 -1824 -5888 0 0 0 0 1 228 -71 423 
-4053 -5420 -2814 9902 -2267 -6139 0 0 0 0 1 227 -74 427 
-4324 -5615 -3149 9923 -2357 -6529 0 0 0 0 1 212 -76 453 
-4382 -5695 -3617 9990 -1425 -6643 0 0 0 0 1 201 -79 450 
-4001 -5727 -3980 10135 -341 -6411 0 0 0 0 1 201 -89 469 
-3578 -5710 -4196 10564 1391 -5552 0 0 0 0 1 191 -83 479 
-3546 -5954 -4423 11164 2194 -4502 0 0 0 0 1 182 -55 483 
-3578 -5954 -4322 11485 1995 -3877 0 0 0 0 1 189 -50 480 
-3620 -6054 -4034 11521 971 -3222 0 0 0 0 1 185 -18 476 
-4050 -6212 -3769 11228 16 -3081 0 0 0 0 1 189 -11 480 
-4250 -6218 -3252 10147 -982 -3161 0 0 0 0 1 176 0 484 
-4257 -6196 -2977 8495 -776 -3311 0 0 0 0 1 180 3 478 
-4148 -5892 -3179 7403 -244 -3363 0 0 0 0 1 192 30 471 
-3982 -5657 -3373 6125 735 -3345 0 0 0 0 1 185 25 473 
-3875 -5538 -3638 5621 1099 -3300 0 0 0 0 1 184 41 460 
-3795 -5246 -3738 5227 913 -3201 0 0 0 0 1 193 41 449 
-3886 -4728 -3732 5064 451 -3117 0 0 0 0 1 192 35 448 
-3980 -4341 -3702 4784 -736 -2848 0 0 0 0 1 192 40 438 
-4079 -3408 -3516 4431 -1606 -2549 0 0 0 0 1 194 38 459 
-4089 -2670 -3471 3321 -1838 -1721 0 0 0 0 1 181 29 458 
-4084 -2495 -3547 2499 -505 -1035 0 0 0 0 1 192 33 455 
-4115 -1908 -3887 1984 1062 -533 0 0 0 0 1 184 34 449 
-4061 -1582 -4156 1832 1679 -332 0 0 0 0 1 187 35 450 
-3812 -1235 -4163 1716 1831 -152 0 0 0 0 1 195 46 430 
-3637 -1021 -4129 1563 1242 -23 0 0 0 0 1 200 46 426 
-3525 -903 -4096 1230 317 161 0 0 0 0 1 198 51 426 
-3467 -777 -4046 875 -150 311 0 0 0 0 1 201 45 427 
-3779 -2842 -4350 -4255 -120 2763 0 0 0 0 1 189 52 459 
-3898 -3271 -4352 -4530 76 2908 0 0 0 0 1 189 57 459 
-3946 -3557 -4335 -4919 362 3094 0 0 0 0 1 181 66 458 
-4023 -3944 -4237 -5155 532 3193 0 0 0 0 1 186 66 465 
-4223 -4055 -4168 -5425 838 3247 0 0 0 0 1 186 66 477 
-4301 -4285 -4207 -5483 1025 3319 0 0 0 0 1 192 57 480 
-4288 -4598 -4345 -5351 1430 3487 0 0 0 0 1 180 60 476 
-4575 -5113 -4460 -5117 1674 3666 0 0 0 0 1 180 60 485 
-4489 -5838 -4483 -4627 1748 4255 0 0 0 0 1 186 46 479 
-4845 -7033 -4553 -3906 1908 4924 0 0 0 0 1 172 58 465 
-5602 -8646 -4862 -3402 2634 5204 0 0 0 0 1 191 66 472 
-6472 -10008 -5093 -3012 4997 4894 0 0 0 0 1 193 73 458 
-8623 -12682 -5549 -3242 6831 4059 0 0 0 0 1 200 83 444 
-9543 -14262 -5040 -5394 8818 2330 0 0 0 0 1 208 77 424 
-9917 -15691 -2873 -8483 9526 1199 0 0 0 0 1 219 88 400 
-9597 -16571 -1571 -14628 10723 -87 0 0 0 0 1 228 78 379 
-10323 -18371 -1186 -18478 10329 -783 0 0 0 0 1 250 63 328 
-10137 -20624 -916 -23067 8597 -750 0 0 0 0 1 250 41 309 
-9822 -20374 -884 -25616 1981 692 0 0 0 0 1 252 31 300 
-9043 -18547 -1156 -25912 -1331 2740 0 0 0 0 1 247 36 300 
-8666 -17828 -505 -24313 -789 5228 0 0 0 0 1 244 50 329 
-8205 -16784 507 -21457 74 5528 0 0 0 0 1 248 62 334 
-6072 -15048 2172 -15591 982 4879 0 0 0 0 1 233 66 344 
-3568 -13172 4520 -11926 1520 4440 0 0 0 0 1 238 71 379 
-2825 -12561 5064 -7589 1232 4457 0 0 0 0 1 230 84 373 
-1261 -10690 6362 -4090 1025 4388 0 0 0 0 1 221 98 381 
-1124 -9423 6422 -1958 933 3866 0 0 0 0 1 222 96 385 
-1327 -8685 5919 860 636 2703 0 0 0 0 1 215 116 380 
-1500 -7676 5411 2135 532 2001 0 0 0 0 1 215 131 378 
-1816 -7161 5305 2776 -5 1254 0 0 0 0 1 218 138 375 
-1958 -5873 5491 2004 -584 855 0 0 0 0 1 219 139 370 
-1931 -5251 5213 1138 -570 650 0 0 0 0 1 218 145 357 
-1775 -4632 4992 -98 -420 315 0 0 0 0 1 213 148 373 
-1606 -3790 4525 -664 -655 8 0 0 0 0 1 209 139 386 
-1636 -3297 3811 -961 -1229 -609 0 0 0 0 1 217 139 388 
-1708 -2919 3463 -721 -1726 -1253 0 0 0 0 1 222 141 396 
-1664 -2618 2941 -323 -2067 -1584 0 0 0 0 1 222 131 387 
-1658 -2449 2612 502 -2330 -1949 0 0 0 0 1 219 127 405 
-1726 -2324 2251 1105 -2215 -2163 0 0 0 0 1 219 117 423 
-1794 -2199 1991 1968 -1930 -2464 0 0 0 0 1 217 115 419 
-1905 -2032 1607 2462 -1773 -2653 0 0 0 0 1 232 101 427 
-2008 -1973 1428 3060 -1542 -2930 0 0 0 0 1 227 101 424 
-2219 -1921 1140 3383 -1400 -3118 0 0 0 0 1 219 93 423 
-2291 -1869 892 3824 -1172 -3347 0 0 0 0 1 217 95 428 
-2312 -1861 654 4100 -959 -3455 0 0 0 0 1 227 89 422 
-2250 -1869 391 4350 -705 -3534 0 0 0 0 1 245 71 416 
-2226 -1895 351 4662 -417 -3625 0 0 0 0 1 240 63 412 
-2241 -1996 221 4922 -522 -3731 0 0 0 0 1 250 53 414 
-2295 -2063 99 5059 -827 -3843 0 0 0 0 1 238 41 412 
-2431 -2227 -113 5202 -1333 -4048 0 0 0 0 1 250 46 412 
-2403 -2339 -285 5266 -1495 -4172 0 0 0 0 1 257 19 416 
-2402 -2497 -617 5384 -1397 -4352 0 0 0 0 1 244 8 420 
-2342 -2743 -1053 5557 -1014 -4523 0 0 0 0 1 246 1 431 
-2358 -2907 -1287 5742 -749 -4649 0 0 0 0 1 246 3 424 
-2488 -3058 -1448 6102 -566 -4904 0 0 0 0 1 240 -19 421 
-2786 -3375 -1658 6537 -697 -5260 0 0 0 0 1 239 -25 445 
-2961 -3608 -2001 6889 -864 -5536 0 0 0 0 1 235 -26 440 
-3170 -3816 -2190 7476 -1197 -6013 0 0 0 0 1 234 -38 450 
-3570 -4218 -2414 7920 -1635 -6491 0 0 0 0 1 233 -51 453 
-3737 -4410 -2463 8065 -1918 -6777 0 0 0 0 1 219 -63 460 
-3961 -4683 -2561 8128 -2260 -7138 0 0 0 0 1 212 -71 479 
-4267 -4942 -2723 8076 -2187 -7364 0 0 0 0 1 173 -72 494 
-4598 -5316 -2820 8020 -1849 -7434 0 0 0 0 1 167 -80 507 
-4878 -5274 -3271 8079 -991 -7422 0 0 0 0 1 162 -76 498 
-4874 -5184 -3481 8353 594 -7151 0 0 0 0 1 155 -78 514 
-4859 -5143 -3684 8830 2384 -6555 0 0 0 0 1 154 -67 513 
-4719 -5016 -3574 9133 3235 -6001 0 0 0 0 1 161 -45 499 
-4514 -4986 -3221 9254 3004 -5017 0 0 0 0 1 155 -34 512 
-4422 -4890 -2889 8700 1149 -4177 0 0 0 0 1 160 -22 498 
-4209 -4803 -2452 7968 -239 -3774 0 0 0 0 1 153 -14 509 
-4272 -4832 -2466 6631 -1519 -3441 0 0 0 0 1 160 4 505 
-4460 -4572 -2670 5298 -1269 -3354 0 0 0 0 1 154 -3 513 
-4854 -4199 -3176 4599 -610 -3390 0 0 0 0 1 146 7 514 
-4852 -3858 -3406 3878 399 -3377 0 0 0 0 1 158 14 509 
-4492 -3468 -3366 3522 717 -3199 0 0 0 0 1 159 11 511 
-4179 -3098 -3237 3002 346 -2646 0 0 0 0 1 156 8 511 
-3703 -2487 -2967 2438 -424 -1833 0 0 0 0 1 160 17 502 
-3494 -1881 -2888 1913 -861 -1007 0 0 0 0 1 155 4 502 
-3601 -1398 -2933 1628 -855 -596 0 0 0 0 1 161 11 501 
-3712 -1148 -2947 1308 -508 -237 0 0 0 0 1 149 25 506 
-3984 -1199 -2297 -2211 -273 1046 0 0 0 0 1 143 17 500 
-4019 -1333 -2313 -2666 -193 1285 0 0 0 0 1 155 19 498 
-3965 -1439 -2327 -3060 -232 1553 0 0 0 0 1 142 13 506 
-3867 -1513 -2318 -3298 -257 1734 0 0 0 0 1 146 7 516 
-3861 -1530 -2278 -3617 -293 1955 0 0 0 0 1 142 3 513 
-3927 -1574 -2298 -3875 -454 2122 0 0 0 0 1 145 1 520 
-4001 -1599 -2264 -4032 -539 2215 0 0 0 0 1 139 -7 528 
-4017 -1671 -2356 -4216 -653 2365 0 0 0 0 1 151 -7 526 
-3972 -1731 -2455 -4272 -686 2565 0 0 0 0 1 146 -9 535 
-3934 -1846 -2717 -4215 -692 2715 0 0 0 0 1 145 -33 524 
-4170 -1847 -2914 -4034 -653 2866 0 0 0 0 1 135 -33 531 
-4354 -1947 -3006 -3797 -652 2951 0 0 0 0 1 140 -45 534 
-4638 -1825 -3033 -3705 -694 2994 0 0 0 0 1 138 -33 534 
-4821 -1604 -3003 -3735 -714 3096 0 0 0 0 1 143 -44 537 
-4811 -1778 -3328 -3608 -850 3455 0 0 0 0 1 130 -50 531 
-5646 -2454 -4209 -3208 -1009 3746 0 0 0 0 1 132 -58 544 
-6937 -3206 -5068 -1950 -905 4063 0 0 0 0 1 142 -52 543 
-8518 -4345 -6223 -737 -78 4380 0 0 0 0 1 146 -46 544 
-8584 -5604 -7051 1402 2429 5726 0 0 0 0 1 136 -34 537 
-7978 -7534 -7382 2627 6687 7793 0 0 0 0 1 162 -17 523 
-9088 -10380 -6404 2055 8697 8946 0 0 0 0 1 171 1 518 
-10254 -12089 -4441 -1958 9627 9407 0 0 0 0 1 202 58 447 
-10666 -13962 -2942 -6315 9939 8903 0 0 0 0 1 220 82 427 
-11229 -14910 -2737 -13515 10278 6790 0 0 0 0 1 221 90 414 
-13126 -16887 -3735 -18643 10270 4557 0 0 0 0 1 235 85 388 
-14402 -19592 -4545 -20718 10400 3951 0 0 0 0 1 235 95 374 
-14817 -20974 -4714 -23122 9054 4467 0 0 0 0 1 246 77 359 
-15092 -20676 -4271 -25600 6478 5846 0 0 0 0 1 241 89 336 
-14142 -19391 -4363 -26624 3658 7288 0 0 0 0 1 237 91 355 
-10610 -18216 -2999 -26273 549 10014 0 0 0 0 1 221 110 367 
-9202 -17879 -3069 -21885 -412 10370 0 0 0 0 1 213 116 399 
-7762 -16556 -3168 -16771 178 8487 0 0 0 0 1 186 103 430 
-5404 -15573 -1890 -8579 2137 5414 0 0 0 0 1 185 111 450 
-2230 -14167 1216 -4369 2913 4597 0 0 0 0 1 181 110 460 
-713 -13271 3277 -513 2766 4766 0 0 0 0 1 184 120 458 
-1462 -11442 5031 968 1994 4466 0 0 0 0 1 180 131 443 
-2836 -9749 4814 2486 489 2973 0 0 0 0 1 166 155 445 
-3004 -8662 4404 3159 376 1525 0 0 0 0 1 160 161 435 
-2491 -7279 3921 3132 565 1024 0 0 0 0 1 166 158 424 
-2207 -6502 3809 2638 165 723 0 0 0 0 1 174 161 416 
-2070 -5442 3438 2270 -390 522 0 0 0 0 1 172 169 409 
-2054 -4853 3144 1906 -967 -6 0 0 0 0 1 167 183 421 
-2038 -4003 2679 1794 -1214 -460 0 0 0 0 1 180 175 413 
-2015 -3617 2382 1726 -1397 -1129 0 0 0 0 1 160 176 416 
-1895 -3061 2108 1687 -1356 -1492 0 0 0 0 1 165 176 414 
-1836 -2523 1871 1637 -1327 -1946 0 0 0 0 1 172 171 419 
-1833 -2197 1697 1651 -1465 -2348 0 0 0 0 1 179 183 421 
-1875 -1811 1412 1709 -1601 -2599 0 0 0 0 1 187 168 417 
-1967 -1674 1223 1886 -1725 -2967 0 0 0 0 1 191 174 423 
-2230 -1559 946 2177 -1770 -3335 0 0 0 0 1 184 159 416 
-2426 -1538 742 2408 -1773 -3556 0 0 0 0 1 202 139 430 
-2509 -1534 608 2783 -1744 -3821 0 0 0 0 1 206 141 424 
-2734 -1526 350 3176 -1677 -4063 0 0 0 0 1 207 132 423 
-2820 -1525 70 3423 -1493 -4187 0 0 0 0 1 214 120 414 
-2746 -1530 -75 3796 -987 -4259 0 0 0 0 1 211 111 410 
-2639 -1589 -276 4197 -536 -4228 0 0 0 0 1 231 103 423 
-2696 -1650 -411 4464 -384 -4222 0 0 0 0 1 227 91 415 
-2702 -1720 -406 4789 -314 -4233 0 0 0 0 1 232 77 408 
-2815 -1920 -402 5033 -611 -4312 0 0 0 0 1 243 66 412 
-3112 -2058 -593 5160 -1077 -4436 0 0 0 0 1 245 53 405 
-3207 -2235 -833 5297 -1788 -4666 0 0 0 0 1 251 42 392 
-3314 -2431 -1157 5538 -2266 -4952 0 0 0 0 1 247 31 402 
-3668 -2630 -1740 5828 -2322 -5209 0 0 0 0 1 254 12 412 
-3962 -2697 -2189 6399 -2046 -5636 0 0 0 0 1 248 -1 427 
-3949 -2742 -2394 7040 -1683 -5926 0 0 0 0 1 246 -20 422 
-3883 -2840 -2569 7464 -1522 -6001 0 0 0 0 1 231 -17 430 
-3971 -2989 -2662 8068 -1574 -6031 0 0 0 0 1 230 -35 450 
-4324 -3176 -2803 8491 -1897 -6158 0 0 0 0 1 213 -50 457 
-4880 -3211 -3031 8628 -2123 -6334 0 0 0 0 1 202 -58 470 
-5017 -3229 -3203 8672 -2209 -6556 0 0 0 0 1 207 -46 474 
-4997 -3269 -3285 8676 -1855 -6649 0 0 0 0 1 193 -56 484 
-4825 -3276 -3434 8723 -1348 -6629 0 0 0 0 1 188 -56 493 
-4818 -3339 -3488 8907 -320 -6537 0 0 0 0 1 179 -56 502 
-4942 -3383 -3511 9113 446 -6392 0 0 0 0 1 175 -60 506 
-4788 -3418 -3226 9108 472 -6168 0 0 0 0 1 156 -40 513 
-4820 -3538 -3116 8682 -275 -5625 0 0 0 0 1 161 -25 501 
-4494 -3822 -2625 7682 -1107 -4916 0 0 0 0 1 158 -22 512 
-4607 -3942 -2643 6924 -1434 -4508 0 0 0 0 1 156 -13 511 
-4798 -3945 -2880 6012 -1405 -4145 0 0 0 0 1 153 -19 516 
-5038 -3803 -3523 5571 -882 -4049 0 0 0 0 1 158 -7 516 
-5193 -3643 -3795 5554 -367 -4117 0 0 0 0 1 145 6 527 
-5117 -3480 -3892 5754 369 -4191 0 0 0 0 1 148 9 505 
-5021 -3268 -3626 5823 352 -4161 0 0 0 0 1 138 20 513 
-4844 -2958 -3157 5441 -711 -3937 0 0 0 0 1 152 23 504 
-4546 -2726 -2787 4410 -1724 -3434 0 0 0 0 1 141 29 507 
-4063 -2525 -2567 3588 -1956 -2916 0 0 0 0 1 146 31 509 
-3909 -2284 -2736 2591 -1627 -2079 0 0 0 0 1 143 34 505 
-3857 -87 -2375 231 936 -277 0 0 0 0 1 158 26 505 
-3989 -147 -2309 -88 763 -55 0 0 0 0 1 158 24 500 
-4084 -310 -2234 -508 319 151 0 0 0 0 1 149 33 506 
-4216 -468 -2200 -988 -77 379 0 0 0 0 1 148 22 512 
-4235 -718 -2238 -1315 -239 584 0 0 0 0 1 152 40 506 
-4219 -867 -2261 -1780 -209 960 0 0 0 0 1 151 31 507 
-4273 -1089 -2365 -2026 -91 1201 0 0 0 0 1 147 23 511 
-4346 -1270 -2421 -2299 30 1499 0 0 0 0 1 136 12 519 
-4522 -1462 -2424 -2507 -11 1699 0 0 0 0 1 142 13 506 
-4743 -1560 -2424 -2626 -145 1776 0 0 0 0 1 129 7 523 
-4904 -1693 -2476 -2784 -362 1903 0 0 0 0 1 151 14 526 
-4741 -1825 -2624 -2893 -299 2089 0 0 0 0 1 143 2 526 
-4633 -1973 -2822 -3003 -174 2552 0 0 0 0 1 143 2 535 
-4540 -2325 -3299 -3053 -167 3131 0 0 0 0 1 140 3 534 
-4978 -2614 -3594 -3035 -132 3423 0 0 0 0 1 134 9 535 
-5791 -3018 -4089 -2877 -229 3700 0 0 0 0 1 140 3 538 
-6850 -3419 -4754 -2708 262 4050 0 0 0 0 1 138 -13 536 
-6449 -3692 -5092 -2587 1082 4577 0 0 0 0 1 133 -3 529 
-5914 -4182 -5246 -2586 2349 5691 0 0 0 0 1 134 9 540 
-5735 -5344 -5492 -2660 2572 6375 0 0 0 0 1 158 19 533 
-6877 -6815 -5466 -2896 2108 6852 0 0 0 0 1 152 28 527 
-8228 -8056 -5445 -3417 1978 6882 0 0 0 0 1 156 30 520 
-9745 -9971 -5553 -4079 3456 7002 0 0 0 0 1 159 42 513 
-10212 -11392 -6129 -5872 8400 7493 0 0 0 0 1 172 51 505 
-11199 -14270 -6112 -9331 13351 7190 0 0 0 0 1 191 53 465 
-13272 -16472 -5714 -12010 14262 5890 0 0 0 0 1 227 72 403 
-14092 -18629 -4850 -15671 12684 3870 0 0 0 0 1 238 61 370 
-14431 -19426 -4735 -19005 9955 3291 0 0 0 0 1 250 63 342 
-15282 -20768 -5430 -21153 8129 3760 0 0 0 0 1 233 58 323 
-15756 -20705 -4860 -24526 5189 4793 0 0 0 0 1 252 80 309 
-15066 -18833 -4491 -25935 1360 6343 0 0 0 0 1 246 72 308 
-11976 -18401 -4221 -24856 -868 7811 0 0 0 0 1 238 95 318 
-9911 -18589 -4032 -20336 -1523 8807 0 0 0 0 1 204 123 392 
-8162 -17317 -2543 -16198 -400 7928 0 0 0 0 1 200 117 423 
-4490 -16287 -217 -9685 1017 6492 0 0 0 0 1 191 117 437 
-2487 -14584 1321 -4189 1797 5849 0 0 0 0 1 169 130 449 
-1404 -12296 3203 -1487 2068 5400 0 0 0 0 1 178 138 436 
-1371 -11116 4224 1048 2263 4264 0 0 0 0 1 173 136 436 
-1560 -9646 4627 1940 2105 3342 0 0 0 0 1 167 159 426 
-1507 -8832 4393 2417 1805 2123 0 0 0 0 1 166 155 429 
-1732 -7786 4129 2248 1582 1379 0 0 0 0 1 176 181 423 
-1981 -6944 4067 1470 773 291 0 0 0 0 1 166 177 417 
-2106 -5812 3590 882 -53 -327 0 0 0 0 1 165 181 400 
-2020 -5219 3035 336 -831 -981 0 0 0 0 1 184 183 395 
-1855 -4360 2052 284 -905 -1278 0 0 0 0 1 175 175 410 
-1786 -3834 1569 588 -603 -1547 0 0 0 0 1 182 177 413 
-1608 -3310 1335 1024 -334 -1591 0 0 0 0 1 186 166 414 
-1631 -3002 1571 1241 -287 -1573 0 0 0 0 1 191 166 407 
-1757 -2850 1670 1444 -426 -1640 0 0 0 0 1 188 169 405 
-1949 -2667 1891 1497 -538 -1776 0 0 0 0 1 192 155 399 
-1989 -2570 1843 1626 -874 -2075 0 0 0 0 1 208 148 406 
-2206 -2375 1531 1787 -1229 -2358 0 0 0 0 1 198 149 409 
-2322 -2331 1363 2098 -1666 -2842 0 0 0 0 1 201 148 403 
-2304 -2336 1203 2546 -1872 -3287 0 0 0 0 1 214 154 405 
-2260 -2349 750 2980 -1889 -3559 0 0 0 0 1 217 130 402 
-2204 -2360 538 3802 -1487 -3944 0 0 0 0 1 230 123 406 
-2166 -2490 196 4741 -675 -4326 0 0 0 0 1 235 107 407 
-2265 -2523 18 5403 -161 -4603 0 0 0 0 1 234 104 389 
-2387 -2626 -127 6392 342 -5045 0 0 0 0 1 248 89 392 
-2427 -2939 -281 6999 518 -5317 0 0 0 0 1 237 79 380 
-2505 -3227 -322 7768 318 -5717 0 0 0 0 1 261 56 367 
-2810 -3728 -593 8396 -542 -6201 0 0 0 0 1 255 42 369 
-3318 -4207 -968 8753 -1216 -6624 0 0 0 0 1 264 22 356 
-3642 -4595 -1355 9236 -1947 -7329 0 0 0 0 1 250 -7 381 
-4219 -5169 -2303 9753 -1993 -8002 0 0 0 0 1 247 -39 379 
-4461 -5418 -2786 10195 -1798 -8379 0 0 0 0 1 252 -56 395 
-4900 -5787 -3378 10885 -1542 -8841 0 0 0 0 1 240 -78 407 
-5105 -5978 -3724 11484 -1286 -9143 0 0 0 0 1 222 -91 410 
-5214 -6226 -4013 11783 -972 -9204 0 0 0 0 1 206 -114 452 
-5058 -6494 -4209 12155 -306 -8833 0 0 0 0 1 186 -122 465 
-4747 -6781 -4576 12508 731 -7898 0 0 0 0 1 185 -121 483 
-4718 -6874 -5000 12833 1732 -7106 0 0 0 0 1 173 -109 476 
-4751 -6940 -5244 13416 2893 -5774 0 0 0 0 1 168 -101 485 
-4587 -6994 -5087 13592 3071 -4412 0 0 0 0 1 174 -83 493 
-4566 -6934 -4690 13229 2252 -3632 0 0 0 0 1 184 -44 498 
-4301 -6737 -4080 11673 642 -2722 0 0 0 0 1 174 -12 493 
-3897 -6274 -3157 9218 -348 -2214 0 0 0 0 1 171 -6 487 
-4260 -5861 -2995 7512 -625 -2184 0 0 0 0 1 167 14 491 
-4662 -5621 -3372 5420 -625 -2491 0 0 0 0 1 175 15 490 
-4709 -5122 -4087 4078 -152 -2749 0 0 0 0 1 175 15 490 
-4405 -4376 -4337 3282 492 -2723 0 0 0 0 1 171 35 490 
-3957 -3512 -4105 2732 162 -2258 0 0 0 0 1 169 29 484 
-3802 -3059 -3869 2331 -435 -1770 0 0 0 0 1 174 31 484 
-3823 -2609 -3734 1655 -1123 -1016 0 0 0 0 1 166 28 485 
-4056 -1890 -3861 1231 -1178 -586 0 0 0 0 1 162 26 486 
-4168 -1530 -3958 697 -504 -103 0 0 0 0 1 175 38 487 
-4443 -998 -4017 284 338 132 0 0 0 0 1 169 31 498 
-4454 -877 -3941 49 668 198 0 0 0 0 1 167 31 486 
-4457 -732 -3799 -285 648 253 0 0 0 0 1 169 34 498 
-4521 -1834 -3210 -2998 -127 2254 0 0 0 0 1 166 42 501 
-4540 -1917 -3116 -3369 -498 2521 0 0 0 0 1 175 28 492 
-4560 -2135 -3064 -3573 -694 2715 0 0 0 0 1 163 30 506 
-4506 -2327 -3129 -3780 -876 3061 0 0 0 0 1 156 25 515 
-4558 -2344 -3172 -3813 -809 3354 0 0 0 0 1 161 23 518 
-4708 -2656 -3567 -3657 -699 3512 0 0 0 0 1 160 19 521 
-5058 -2860 -3946 -3122 -423 3580 0 0 0 0 1 156 28 527 
-5830 -3397 -4513 -2390 310 3509 0 0 0 0 1 147 18 529 
-6363 -4093 -5028 -1766 945 3481 0 0 0 0 1 151 19 521 
-6516 -4852 -5389 -853 2668 3797 0 0 0 0 1 158 39 530 
-7085 -6958 -5946 -451 4307 4387 0 0 0 0 1 168 47 504 
-7387 -9347 -6291 -904 6737 6008 0 0 0 0 1 176 63 491 
-7810 -10934 -5598 -4034 8699 7585 0 0 0 0 1 187 72 466 
-7917 -13104 -4080 -8034 9581 8027 0 0 0 0 1 187 87 445 
-9211 -13699 -3866 -15267 10041 6388 0 0 0 0 1 209 95 421 
-11464 -15762 -5195 -20716 9597 3734 0 0 0 0 1 219 95 405 
-12821 -17456 -7241 -22630 9208 2882 0 0 0 0 1 237 62 366 
-13000 -19016 -8336 -24021 7949 3984 0 0 0 0 1 243 53 360 
-13911 -19458 -10213 -25102 6432 5637 0 0 0 0 1 241 47 355 
-14078 -19722 -10764 -25254 5715 5958 0 0 0 0 1 248 52 343 
-13084 -21393 -10930 -24495 4377 6164 0 0 0 0 1 241 77 329 
-10249 -21738 -5960 -23933 3012 6282 0 0 0 0 1 248 69 350 
-7856 -19285 -2147 -21472 319 6097 0 0 0 0 1 234 84 359 
-5487 -17113 -1527 -15289 -2001 5953 0 0 0 0 1 218 74 403 
-2168 -14921 66 -10198 -1572 5681 0 0 0 0 1 215 91 415 
-897 -13564 1131 -3367 201 5063 0 0 0 0 1 199 69 420 
-108 -12069 2911 -39 818 4739 0 0 0 0 1 192 96 427 
-509 -11229 3556 3044 1025 3872 0 0 0 0 1 199 118 415 
-2684 -9152 3676 4242 1192 2137 0 0 0 0 1 199 114 417 
-3058 -8626 3400 4331 1032 908 0 0 0 0 1 194 143 413 
-3364 -7013 2724 3658 356 -284 0 0 0 0 1 201 145 406 
-2519 -5721 2479 2859 -204 -494 0 0 0 0 1 208 148 389 
-1896 -4959 2363 1639 -632 -334 0 0 0 0 1 197 148 392 
-1696 -3539 1637 899 -687 -303 0 0 0 0 1 195 161 391 
-1709 -3217 1476 707 -680 -486 0 0 0 0 1 202 149 386 
-1597 -2414 1279 691 -682 -944 0 0 0 0 1 198 144 400 
-1589 -1707 1196 778 -794 -1310 0 0 0 0 1 199 145 389 
-1680 -1319 1128 955 -1029 -1856 0 0 0 0 1 194 141 392 
-1876 -923 1032 1059 -1063 -2171 0 0 0 0 1 213 126 406 
-1944 -699 953 1198 -814 -2489 0 0 0 0 1 220 131 396 
-2026 -382 809 1335 -597 -2580 0 0 0 0 1 213 128 399 
-2037 -115 663 1450 -537 -2525 0 0 0 0 1 224 115 400 
-1996 57 600 1662 -495 -2319 0 0 0 0 1 224 105 391 
-1949 193 558 1833 -475 -2139 0 0 0 0 1 233 103 405 
-1929 271 476 2114 -418 -1866 0 0 0 0 1 226 103 407 
-1988 278 461 2292 -340 -1729 0 0 0 0 1 227 104 394 
-1974 298 478 2502 -193 -1598 0 0 0 0 1 238 88 393 
-2154 306 473 2610 -146 -1594 0 0 0 0 1 238 83 395 
-2171 330 451 2711 -148 -1647 0 0 0 0 1 237 77 387 
-2144 290 458 2741 -174 -1693 0 0 0 0 1 243 73 381 
-1976 358 384 2752 -141 -1698 0 0 0 0 1 251 74 373 
-1857 400 319 2781 31 -1698 0 0 0 0 1 254 66 379 
-1834 486 202 2834 135 -1705 0 0 0 0 1 255 62 382 
-1832 519 107 2967 211 -1740 0 0 0 0 1 247 58 360 
-2055 634 30 3074 189 -1801 0 0 0 0 1 258 52 364 
-2076 679 34 3215 111 -1898 0 0 0 0 1 264 49 370 
-2027 712 137 3257 154 -1950 0 0 0 0 1 258 45 364 
-2056 686 199 3240 207 -1942 0 0 0 0 1 257 24 353 
-2015 690 186 3189 269 -1839 0 0 0 0 1 261 29 356 
-1947 678 128 3150 336 -1740 0 0 0 0 1 266 14 356 
-1989 721 14 3146 534 -1637 0 0 0 0 1 263 15 352 
-1976 816 -179 3193 745 -1578 0 0 0 0 1 270 18 352 
-2003 835 -260 3319 1024 -1549 0 0 0 0 1 259 7 344 
-2193 945 -316 3394 1126 -1585 0 0 0 0 1 264 0 339 
-2343 1101 -342 3463 1107 -1684 0 0 0 0 1 272 -8 331 
-2436 1199 -334 3482 956 -1819 0 0 0 0 1 261 -12 330 
-2388 1270 -308 3472 879 -1877 0 0 0 0 1 255 -13 329 
-2322 1298 -277 3421 869 -1876 0 0 0 0 1 260 -25 327 
-2169 1316 -275 3356 887 -1752 0 0 0 0 1 251 -25 310 
-2088 1314 -311 3311 834 -1628 0 0 0 0 1 267 -35 310 
-2059 1362 -340 3239 665 -1445 0 0 0 0 1 258 -50 315 
-2082 1464 -442 3153 455 -1335 0 0 0 0 1 270 -65 317 
-2174 1547 -510 3079 418 -1324 0 0 0 0 1 254 -58 323 
-2185 1618 -548 2963 534 -1372 0 0 0 0 1 252 -53 314 
-2196 1671 -638 2902 624 -1430 0 0 0 0 1 258 -60 317 
-2242 1706 -737 2819 711 -1545 0 0 0 0 1 254 -76 316 
-2267 1779 -863 2722 691 -1644 0 0 0 0 1 252 -80 309 
-2278 1803 -954 2566 437 -1697 0 0 0 0 1 241 -99 315 
-2335 1809 -979 2409 177 -1703 0 0 0 0 1 243 -93 318 
-2398 1784 -997 2112 -294 -1634 0 0 0 0 1 252 -100 323 
-2406 1690 -1038 1883 -576 -1526 0 0 0 0 1 239 -116 329 
-2444 1645 -1083 1522 -758 -1294 0 0 0 0 1 245 -105 323 
-2451 1639 -1119 1193 -622 -1044 0 0 0 0 1 238 -120 339 
-2519 1662 -1188 1005 -461 -910 0 0 0 0 1 241 -114 343 
-2608 1719 -1259 808 -294 -796 0 0 0 0 1 233 -122 332 
-2710 1761 -1351 701 -195 -761 0 0 0 0 1 219 -132 351 
-2739 1758 -1350 653 -153 -745 0 0 0 0 1 231 -125 346 
-2711 1735 -1348 599 -92 -670 0 0 0 0 1 235 -125 342 
-2634 1671 -1282 555 -8 -504 0 0 0 0 1 226 -130 349 
-2471 1600 -1210 540 16 -314 0 0 0 0 1 228 -132 349 
