Data Quantity : 14  Accelerometer : 3  Gyroscope : 3  FSR : 5







-1119 1482 72 75 58 72 0 0 0 0 1 218 111 413 
-1116 1491 86 91 91 49 0 0 0 0 1 202 107 426 
-1128 1486 101 103 116 20 0 0 0 0 1 211 111 436 
-1128 1486 104 109 84 7 0 0 0 0 1 200 110 421 
-1133 1483 132 115 4 -4 0 0 0 0 1 199 109 420 
-1095 1496 148 118 -46 1 0 0 0 0 1 207 107 416 
-1100 1501 171 117 -88 3 0 0 0 0 1 204 111 427 
-1136 1510 198 118 -99 -6 0 0 0 0 1 202 112 419 
-1170 1532 189 122 -158 17 0 0 0 0 1 206 111 422 
-1165 1491 175 150 -207 51 0 0 0 0 1 209 117 428 
-1173 1558 179 192 -174 102 0 0 0 0 1 201 106 424 
-1188 1554 208 205 1 111 0 0 0 0 1 209 107 421 
-1212 1570 218 201 123 77 0 0 0 0 1 202 105 416 
-1229 1629 230 183 163 -7 0 0 0 0 1 207 112 423 
-1227 1619 236 168 106 -61 0 0 0 0 1 206 118 429 
-1201 1633 225 151 -49 -124 0 0 0 0 1 206 116 415 
-1190 1640 212 140 -174 -136 0 0 0 0 1 212 115 430 
-1170 1601 197 120 -148 -121 0 0 0 0 1 207 117 433 
-1136 1627 222 84 -12 -90 0 0 0 0 1 208 118 424 
-1138 1607 196 57 57 -82 0 0 0 0 1 209 117 419 
-1155 1642 191 17 57 -97 0 0 0 0 1 209 110 419 
-1184 1668 173 -8 8 -118 0 0 0 0 1 206 111 422 
-1187 1680 148 -35 -49 -161 0 0 0 0 1 201 104 424 
-1161 1679 110 -43 -68 -180 0 0 0 0 1 206 104 417 
-1153 1688 86 -40 -117 -180 0 0 0 0 1 211 116 431 
-1158 1693 67 -11 -187 -154 0 0 0 0 1 211 114 420 
-1147 1698 49 11 -213 -135 0 0 0 0 1 204 116 420 
-1165 1709 37 55 -209 -112 0 0 0 0 1 212 117 423 
-1177 1709 29 77 -164 -103 0 0 0 0 1 207 103 426 
-1167 1706 45 95 -67 -98 0 0 0 0 1 207 110 430 
-1156 1702 42 103 -40 -96 0 0 0 0 1 217 112 416 
-1140 1696 50 95 -57 -100 0 0 0 0 1 205 110 426 
-1115 1670 85 80 -77 -96 0 0 0 0 1 200 115 421 
-1100 1652 89 34 -96 -97 0 0 0 0 1 208 111 422 
-1082 1625 116 1 -122 -100 0 0 0 0 1 204 94 417 
-1112 1590 149 -57 -185 -125 0 0 0 0 1 200 107 426 
-1163 1558 177 -101 -238 -187 0 0 0 0 1 202 112 428 
-1198 1483 253 -124 -258 -237 0 0 0 0 1 202 103 433 
-1186 1416 334 -157 -325 -311 0 0 0 0 1 208 94 424 
-1215 1314 462 -198 -474 -397 0 0 0 0 1 218 106 424 
-1232 1155 587 -225 -585 -464 0 0 0 0 1 217 100 430 
-1176 950 717 -269 -673 -540 0 0 0 0 1 211 101 429 
-984 585 1016 -307 -601 -586 0 0 0 0 1 204 104 427 
-913 324 1184 -324 -305 -751 0 0 0 0 1 200 100 435 
-827 33 1321 -235 -386 -912 0 0 0 0 1 205 85 440 
-801 -605 1417 -100 -587 -1057 0 0 0 0 1 198 80 437 
-701 -743 1454 210 -932 -1314 0 0 0 0 1 205 80 447 
-615 -1102 1496 487 -1172 -1525 0 0 0 0 1 214 71 451 
-692 -1265 1486 986 -1430 -1960 0 0 0 0 1 199 69 450 
-825 -1422 1393 1573 -1616 -2534 0 0 0 0 1 201 60 455 
-3810 -1584 -8 4363 -2096 -5261 0 0 0 0 1 192 -11 483 
-4063 -1460 -453 4286 -2009 -5004 0 0 0 0 1 187 -1 487 
-4190 -1387 -718 4268 -1598 -4807 0 0 0 0 1 167 -14 495 
-4244 -1292 -915 4319 -740 -4512 0 0 0 0 1 165 -22 502 
-4308 -1147 -1205 4450 -47 -4336 0 0 0 0 1 167 -17 507 
-4206 -1023 -1377 4552 257 -4277 0 0 0 0 1 166 -25 501 
-3969 -922 -1277 4604 213 -4102 0 0 0 0 1 162 -24 495 
-3756 -908 -1310 4485 -428 -3666 0 0 0 0 1 158 -14 493 
-2923 -327 -1686 2312 -358 -1078 0 0 0 0 1 163 33 497 
-2906 -277 -1638 2076 -267 -826 0 0 0 0 1 166 11 504 
-2902 -250 -1609 1740 -231 -526 0 0 0 0 1 155 19 505 
-2904 -168 -1636 1446 -298 -309 0 0 0 0 1 155 31 481 
-2875 -162 -1619 1263 -299 -197 0 0 0 0 1 160 24 493 
-2849 -171 -1620 1023 -171 -49 0 0 0 0 1 154 25 492 
-2812 -197 -1657 908 -35 24 0 0 0 0 1 155 29 486 
-2796 -245 -1668 793 183 109 0 0 0 0 1 156 50 494 
-2807 -289 -1628 700 307 171 0 0 0 0 1 153 46 484 
-2788 -282 -1579 568 290 248 0 0 0 0 1 152 38 492 
-2850 -264 -1593 433 275 294 0 0 0 0 1 158 39 477 
-2875 -279 -1571 146 344 361 0 0 0 0 1 172 41 484 
-2897 -283 -1597 -193 450 431 0 0 0 0 1 161 42 483 
-2927 -286 -1635 -412 493 480 0 0 0 0 1 167 46 488 
-2973 -309 -1685 -680 462 540 0 0 0 0 1 162 49 488 
-3108 -301 -1830 -817 392 551 0 0 0 0 1 159 40 485 
-3135 -258 -3467 -1580 697 793 0 0 0 0 1 175 28 497 
-3260 -319 -3864 -1383 419 746 0 0 0 0 1 181 17 486 
-3300 -589 -4216 -1058 194 713 0 0 0 0 1 180 23 497 
-3364 -971 -4653 -496 143 753 0 0 0 0 1 173 18 483 
-3545 -1558 -5208 8 284 787 0 0 0 0 1 176 9 491 
-3830 -2012 -5476 896 761 784 0 0 0 0 1 184 26 491 
-4608 -3128 -5604 1471 1109 717 0 0 0 0 1 179 24 493 
-5404 -3787 -5430 1997 1499 483 0 0 0 0 1 188 31 477 
-6295 -5758 -5297 1895 2104 583 0 0 0 0 1 189 40 476 
-6510 -9099 -5009 666 4211 1259 0 0 0 0 1 211 50 455 
-6764 -10837 -4618 -2257 6991 1824 0 0 0 0 1 207 53 435 
-7545 -13557 -3050 -5480 7558 1754 0 0 0 0 1 227 50 415 
-8502 -15331 -1987 -11762 6782 911 0 0 0 0 1 231 46 405 
-9852 -16698 -1565 -17954 7206 41 0 0 0 0 1 245 24 384 
-10466 -17635 -2044 -20924 7952 103 0 0 0 0 1 241 13 359 
-11350 -19202 -2437 -23479 8226 1499 0 0 0 0 1 253 6 324 
-13138 -21008 -3245 -24593 6716 2994 0 0 0 0 1 263 6 280 
-14188 -21273 -4182 -26185 3543 5622 0 0 0 0 1 260 30 252 
-16398 -20175 -5728 -27311 2548 7277 0 0 0 0 1 239 79 254 
-17705 -18729 -6921 -27161 2024 7778 0 0 0 0 1 226 100 277 
-15202 -18111 -6690 -25170 299 9454 0 0 0 0 1 222 133 306 
-12816 -18401 -5733 -21454 -122 11826 0 0 0 0 1 204 153 357 
-9764 -17836 -3643 -18313 206 12307 0 0 0 0 1 159 168 424 
-6783 -16483 -1747 -12639 -49 11029 0 0 0 0 1 142 168 448 
-4767 -15432 -378 -6902 -11 8580 0 0 0 0 1 120 166 463 
-2658 -14150 1377 -3737 429 6987 0 0 0 0 1 107 182 480 
-1706 -13429 2479 -450 926 5177 0 0 0 0 1 102 185 487 
-1697 -12299 3614 1245 964 3629 0 0 0 0 1 94 191 481 
-1847 -10876 4096 1758 860 2633 0 0 0 0 1 104 195 483 
-1946 -9767 4237 1958 442 1205 0 0 0 0 1 88 212 483 
-2045 -8378 4047 1892 -10 377 0 0 0 0 1 84 208 467 
-2087 -7615 3859 1633 -669 -644 0 0 0 0 1 93 214 471 
-2121 -6767 3686 1412 -986 -1166 0 0 0 0 1 87 215 465 
-2052 -6193 3482 1222 -1358 -1742 0 0 0 0 1 93 219 459 
-2114 -4920 2716 1272 -1622 -2076 0 0 0 0 1 94 220 472 
-2177 -4599 2500 1641 -1870 -2671 0 0 0 0 1 112 217 462 
-2704 -2975 1636 2877 -1509 -4173 0 0 0 0 1 119 217 464 
-2922 -2316 1345 3250 -1462 -4605 0 0 0 0 1 132 208 449 
-3161 -2002 1078 3729 -1689 -5146 0 0 0 0 1 129 210 442 
-3503 -1636 586 4022 -1817 -5388 0 0 0 0 1 149 202 443 
-3693 -1488 204 4481 -1726 -5506 0 0 0 0 1 151 201 442 
-3948 -1349 -331 4988 -1334 -5385 0 0 0 0 1 158 191 421 
-4063 -1227 -698 5331 -1186 -5215 0 0 0 0 1 176 176 416 
-4088 -1190 -898 5817 -1395 -4934 0 0 0 0 1 193 181 395 
-4167 -1324 -1096 6194 -1829 -4785 0 0 0 0 1 197 155 392 
-4215 -1480 -1449 6378 -2061 -4799 0 0 0 0 1 202 152 391 
-4299 -1549 -1816 6640 -2250 -4982 0 0 0 0 1 217 154 393 
-4544 -1643 -2550 7041 -2294 -5261 0 0 0 0 1 214 139 384 
-4886 -1767 -3346 7432 -2251 -5436 0 0 0 0 1 230 118 380 
-4961 -1891 -3874 8120 -2096 -5506 0 0 0 0 1 238 98 367 
-4626 -2210 -3968 8669 -1810 -5202 0 0 0 0 1 243 80 367 
-4343 -2406 -3849 8836 -1606 -4858 0 0 0 0 1 244 72 364 
-4105 -2583 -3771 8843 -1562 -4335 0 0 0 0 1 250 66 360 
-3847 -2774 -3742 8746 -1701 -4091 0 0 0 0 1 250 56 365 
-3829 -2953 -3783 8547 -1935 -3976 0 0 0 0 1 253 62 357 
-3966 -3222 -3998 8431 -2101 -4145 0 0 0 0 1 235 29 367 
-4155 -3354 -4173 8391 -2281 -4334 0 0 0 0 1 247 19 367 
-4228 -3444 -4227 8283 -3045 -4575 0 0 0 0 1 243 9 388 
-4253 -3420 -4265 8046 -3819 -4773 0 0 0 0 1 239 -8 396 
-4436 -3322 -4539 7946 -4064 -4907 0 0 0 0 1 239 -3 406 
-4613 -3225 -4953 8080 -3568 -5080 0 0 0 0 1 232 -13 422 
-4679 -3007 -5303 8436 -1635 -5024 0 0 0 0 1 208 -20 438 
-4495 -2878 -5264 8683 -143 -4762 0 0 0 0 1 211 -18 441 
-4286 -2766 -5065 8748 922 -4111 0 0 0 0 1 201 -13 450 
-3882 -2678 -4490 8242 554 -3444 0 0 0 0 1 219 -12 426 
-3778 -2631 -4263 7712 -153 -3140 0 0 0 0 1 198 -14 444 
-3835 -2574 -4254 6843 -1248 -2943 0 0 0 0 1 205 -4 442 
-4089 -2403 -4430 6204 -1731 -2948 0 0 0 0 1 201 -11 445 
-4314 -2194 -4591 5908 -1795 -2940 0 0 0 0 1 201 -8 450 
-4329 -1954 -4468 5499 -1688 -2792 0 0 0 0 1 208 -8 452 
-4330 -1638 -4226 5055 -1414 -2550 0 0 0 0 1 187 -1 450 
-4295 -1470 -3979 4542 -992 -2240 0 0 0 0 1 191 4 458 
-4322 -1230 -3870 4227 -630 -2032 0 0 0 0 1 185 6 455 
-4417 -923 -3868 3826 -319 -1747 0 0 0 0 1 182 15 452 
-4429 -769 -3793 3373 -612 -1445 0 0 0 0 1 200 14 451 
-4275 -590 -3504 2768 -1082 -1077 0 0 0 0 1 195 17 447 
-4029 -400 -3338 2346 -1313 -776 0 0 0 0 1 193 17 451 
-3316 -1243 -3243 -2975 20 2317 0 0 0 0 1 166 23 494 
-3348 -1333 -3471 -2749 90 2357 0 0 0 0 1 168 28 492 
-3296 -1494 -3835 -2513 358 2364 0 0 0 0 1 171 20 497 
-3252 -1652 -4063 -2059 808 2368 0 0 0 0 1 165 31 507 
-3297 -1938 -4290 -1758 958 2354 0 0 0 0 1 168 28 492 
-3401 -2340 -4364 -1377 969 2323 0 0 0 0 1 158 36 500 
-3553 -2742 -4448 -1047 787 2321 0 0 0 0 1 171 35 511 
-3799 -3355 -4559 -857 753 2343 0 0 0 0 1 169 39 495 
-4007 -3839 -4676 -682 1211 2429 0 0 0 0 1 171 40 494 
-13395 -20942 -1397 -27338 4515 2820 0 0 0 0 1 253 42 261 
-15356 -19239 -4179 -29407 2941 6075 0 0 0 0 1 240 58 270 
-15857 -19880 -5045 -29242 3489 7285 0 0 0 0 1 241 84 273 
-13847 -19582 -2943 -27056 3176 7661 0 0 0 0 1 224 115 293 
-11153 -18850 -1478 -22419 1055 7897 0 0 0 0 1 206 131 327 
-7848 -16833 -797 -17855 51 7563 0 0 0 0 1 186 134 386 
-6136 -15576 -447 -10221 199 6144 0 0 0 0 1 192 141 413 
-3081 -13941 2207 -4291 11 5274 0 0 0 0 1 178 158 417 
-2666 -13489 2866 -1846 -370 5107 0 0 0 0 1 169 152 430 
-2398 -12708 4311 191 -492 4583 0 0 0 0 1 161 163 429 
-2573 -11413 4581 974 -343 3751 0 0 0 0 1 156 175 424 
-2485 -10116 4484 1691 -75 2129 0 0 0 0 1 147 190 422 
-2079 -8922 4356 2017 -508 755 0 0 0 0 1 148 196 435 
-1884 -8198 4175 2116 -972 63 0 0 0 0 1 142 204 427 
-1821 -7481 3948 2228 -1678 -837 0 0 0 0 1 127 213 416 
-1790 -6424 3423 2326 -2196 -1396 0 0 0 0 1 142 202 420 
-1700 -5791 3027 2541 -2797 -2137 0 0 0 0 1 134 213 419 
-1719 -4665 2231 2861 -3221 -2827 0 0 0 0 1 151 213 426 
-1975 -4155 1865 3105 -3472 -3332 0 0 0 0 1 152 199 431 
-2242 -3664 1461 3476 -3719 -4186 0 0 0 0 1 159 190 427 
-2638 -3046 857 3724 -3793 -4758 0 0 0 0 1 165 193 426 
-2940 -2724 418 4151 -3759 -5515 0 0 0 0 1 163 180 429 
-3370 -2378 -170 4482 -3577 -5920 0 0 0 0 1 178 168 431 
-3618 -2211 -541 5069 -2964 -6364 0 0 0 0 1 181 159 426 
-3742 -2063 -937 5724 -2122 -6517 0 0 0 0 1 194 150 429 
-3751 -2190 -1116 6143 -1664 -6459 0 0 0 0 1 206 133 424 
-3894 -2190 -1240 6675 -1613 -6330 0 0 0 0 1 213 133 424 
-4331 -2218 -1555 6940 -1996 -6321 0 0 0 0 1 227 99 408 
-4810 -2209 -1839 7178 -2688 -6544 0 0 0 0 1 228 98 412 
-5550 -2255 -2441 7254 -3028 -6823 0 0 0 0 1 234 74 413 
-5582 -2433 -2663 7266 -2934 -6870 0 0 0 0 1 238 56 419 
-5453 -2654 -2867 7279 -2256 -6670 0 0 0 0 1 237 40 410 
-5094 -2687 -3103 7316 -1672 -6414 0 0 0 0 1 241 30 417 
-4608 -2799 -3254 7497 -1283 -5927 0 0 0 0 1 237 28 422 
-4389 -2828 -3017 7629 -1746 -5380 0 0 0 0 1 233 4 430 
-4470 -3190 -3243 7747 -2541 -5272 0 0 0 0 1 222 -6 445 
-4865 -3128 -3198 7794 -3533 -5630 0 0 0 0 1 221 -17 433 
-5065 -3323 -3198 7643 -3350 -6203 0 0 0 0 1 213 -30 457 
-4826 -3509 -3204 7419 -2334 -6496 0 0 0 0 1 207 -22 472 
-4314 -3548 -3237 7260 -1316 -6426 0 0 0 0 1 204 -33 483 
-4074 -3616 -3238 7114 296 -6110 0 0 0 0 1 182 -38 483 
-3883 -3770 -3531 7240 954 -5707 0 0 0 0 1 185 -30 485 
-3850 -3844 -3579 7409 582 -5442 0 0 0 0 1 182 -23 476 
-3904 -3941 -3566 7544 -680 -5118 0 0 0 0 1 187 -38 487 
-4130 -3957 -3490 7425 -1953 -4978 0 0 0 0 1 179 -19 481 
-4400 -3904 -3471 7226 -2456 -4973 0 0 0 0 1 166 -23 504 
-4619 -3694 -3360 6734 -2239 -4975 0 0 0 0 1 165 -12 509 
-4707 -3655 -3203 6035 -893 -4900 0 0 0 0 1 145 -15 513 
-4562 -3250 -2856 5256 479 -4715 0 0 0 0 1 156 -3 504 
-4564 -3185 -2623 4722 582 -4572 0 0 0 0 1 151 -9 514 
-4633 -3092 -2481 3866 -789 -4365 0 0 0 0 1 153 -12 514 
-4624 -2854 -2399 3243 -2119 -4185 0 0 0 0 1 149 -8 515 
-4622 -2592 -2491 2304 -3533 -3762 0 0 0 0 1 153 -17 514 
-4726 -2271 -2664 1571 -3632 -3232 0 0 0 0 1 140 -15 534 
-4913 -1765 -2771 1230 -2990 -2882 0 0 0 0 1 148 -14 523 
-4962 -1305 -2657 892 -1423 -2393 0 0 0 0 1 120 -24 526 
-5111 -1034 -2558 730 -103 -2073 0 0 0 0 1 123 -20 520 
-5256 -728 -2453 697 274 -1918 0 0 0 0 1 133 -30 529 
-5024 -507 -2330 685 166 -1548 0 0 0 0 1 128 -18 524 
-4757 -392 -2204 620 -210 -910 0 0 0 0 1 120 -19 519 
-4415 -254 -2090 491 -387 -126 0 0 0 0 1 129 -24 523 
-4286 -179 -2124 403 -229 346 0 0 0 0 1 135 -28 520 
-4267 -154 -2124 276 331 864 0 0 0 0 1 134 -19 528 
-4244 -121 -1988 61 943 1142 0 0 0 0 1 127 -34 521 
-4160 -119 -1863 -116 1157 1241 0 0 0 0 1 130 -20 515 
-4102 -186 -1851 -388 998 1340 0 0 0 0 1 135 -20 522 
-3956 -393 -1838 -653 626 1444 0 0 0 0 1 136 -14 514 
-3900 -490 -1836 -838 457 1545 0 0 0 0 1 135 -8 518 
-3857 -601 -1867 -1098 314 1757 0 0 0 0 1 132 -17 528 
-3836 -808 -1894 -1377 201 2032 0 0 0 0 1 135 -8 527 
-3845 -932 -1901 -1587 107 2214 0 0 0 0 1 139 -7 509 
-3892 -1042 -1935 -1918 -19 2454 0 0 0 0 1 136 -14 530 
-3907 -1209 -1911 -2165 21 2590 0 0 0 0 1 130 -18 520 
-3896 -1275 -1963 -2504 215 2759 0 0 0 0 1 136 -9 519 
-3843 -1376 -2273 -2684 463 2872 0 0 0 0 1 135 -11 518 
-3873 -1405 -2401 -2723 602 2885 0 0 0 0 1 132 -19 523 
-3921 -1427 -2569 -2680 499 2841 0 0 0 0 1 140 -13 524 
-3885 -1387 -2796 -2606 296 2808 0 0 0 0 1 135 -6 534 
-3760 -1351 -2943 -2582 303 2815 0 0 0 0 1 138 -15 529 
-3718 -1303 -3196 -2491 372 2869 0 0 0 0 1 141 -24 528 
-3825 -1193 -3566 -2289 554 2884 0 0 0 0 1 146 -22 540 
-4105 -1174 -3995 -2069 915 2844 0 0 0 0 1 140 -20 520 
-4314 -1231 -4506 -1501 1565 2722 0 0 0 0 1 143 -12 521 
-4811 -1443 -5427 -733 2191 2586 0 0 0 0 1 152 -20 520 
-5263 -2024 -5594 -251 2556 2530 0 0 0 0 1 175 -8 506 
-6166 -2927 -5662 249 2577 2454 0 0 0 0 1 171 -3 511 
-7563 -4895 -5642 317 2681 2549 0 0 0 0 1 182 8 499 
-8719 -7708 -6095 -51 4220 3115 0 0 0 0 1 202 22 479 
-8878 -9387 -6106 -1925 7323 4144 0 0 0 0 1 206 25 450 
-9222 -11951 -5120 -6578 8595 4868 0 0 0 0 1 231 31 426 
-9687 -14099 -3506 -10929 8313 4987 0 0 0 0 1 238 29 402 
-10856 -15770 -4288 -17029 8568 5086 0 0 0 0 1 238 44 374 
-12483 -16879 -4775 -21262 8858 5022 0 0 0 0 1 238 39 351 
-14177 -18769 -5024 -23070 7982 5256 0 0 0 0 1 244 57 313 
-14395 -19236 -5256 -24865 4589 6970 0 0 0 0 1 238 66 302 
-14381 -18335 -5539 -25620 2649 9210 0 0 0 0 1 232 84 317 
-13657 -17591 -4934 -25246 2621 10022 0 0 0 0 1 209 117 344 
-11842 -17627 -3472 -22911 1880 10821 0 0 0 0 1 219 132 358 
-9377 -16503 -2473 -17338 1169 9569 0 0 0 0 1 186 142 388 
-7589 -14753 -1559 -12464 1055 7499 0 0 0 0 1 179 152 435 
-4173 -13796 1341 -6248 1891 5282 0 0 0 0 1 160 139 442 
-2394 -12881 3085 -2391 1710 4880 0 0 0 0 1 160 144 449 
-1342 -11190 4742 -773 1215 4697 0 0 0 0 1 159 153 457 
-1631 -10267 4867 1088 485 3602 0 0 0 0 1 147 165 455 
-2031 -8847 4464 2410 217 1997 0 0 0 0 1 145 182 450 
-1947 -7485 3935 2917 110 1102 0 0 0 0 1 145 182 443 
-1958 -6734 3668 3085 -104 175 0 0 0 0 1 142 197 431 
-2130 -5833 3515 2716 -555 -429 0 0 0 0 1 145 199 424 
-2124 -4923 3285 2357 -895 -742 0 0 0 0 1 146 191 423 
-2047 -4351 3022 1862 -1379 -1141 0 0 0 0 1 153 198 426 
-1910 -3527 2510 1635 -1582 -1389 0 0 0 0 1 149 187 424 
-1774 -3081 2162 1500 -1628 -1752 0 0 0 0 1 156 202 420 
-1704 -2522 1784 1545 -1521 -2137 0 0 0 0 1 165 203 430 
-1734 -1999 1430 1672 -1482 -2396 0 0 0 0 1 158 193 423 
-1795 -1739 1208 1968 -1499 -2770 0 0 0 0 1 160 183 421 
-2002 -1452 950 2225 -1536 -3015 0 0 0 0 1 173 180 422 
-2055 -1281 685 2674 -1595 -3310 0 0 0 0 1 172 186 430 
-2099 -1238 539 3157 -1632 -3528 0 0 0 0 1 182 170 424 
-2080 -1233 286 3497 -1617 -3631 0 0 0 0 1 184 169 416 
-2061 -1267 112 4032 -1434 -3754 0 0 0 0 1 185 160 413 
-2027 -1302 -100 4386 -1188 -3838 0 0 0 0 1 198 147 416 
-2044 -1373 -324 4931 -818 -3969 0 0 0 0 1 212 144 402 
-2066 -1475 -442 5455 -550 -4124 0 0 0 0 1 214 137 388 
-2185 -1626 -528 5770 -482 -4257 0 0 0 0 1 225 131 387 
-2418 -1898 -571 6160 -750 -4525 0 0 0 0 1 225 118 382 
-2458 -2040 -539 6378 -1356 -4809 0 0 0 0 1 230 106 373 
-2558 -2329 -616 6447 -1780 -5003 0 0 0 0 1 240 73 372 
-2630 -2551 -767 6563 -2258 -5301 0 0 0 0 1 243 71 367 
-2832 -2998 -1060 6694 -2365 -5519 0 0 0 0 1 255 62 380 
-3075 -3241 -1333 7046 -2331 -5915 0 0 0 0 1 250 39 379 
-3328 -3580 -1791 7583 -2081 -6328 0 0 0 0 1 247 19 379 
-3480 -3927 -2054 8000 -1742 -6582 0 0 0 0 1 254 4 391 
-3533 -4147 -2249 8715 -1098 -6877 0 0 0 0 1 238 -19 395 
-3549 -4506 -2436 9488 -414 -6995 0 0 0 0 1 244 -45 392 
-3646 -4814 -2587 9951 -222 -6984 0 0 0 0 1 233 -49 398 
-3816 -5124 -2676 10473 -383 -6895 0 0 0 0 1 239 -57 403 
-4522 -5739 -3030 10798 -512 -6827 0 0 0 0 1 222 -67 420 
-4817 -5975 -3679 10912 -303 -6652 0 0 0 0 1 208 -65 436 
-4816 -5971 -3912 10926 625 -6018 0 0 0 0 1 202 -80 442 
-4568 -5919 -4327 10857 2096 -4809 0 0 0 0 1 212 -66 440 
-4217 -5910 -4491 10820 3187 -3789 0 0 0 0 1 204 -67 436 
-4105 -5892 -4461 10655 3545 -2331 0 0 0 0 1 197 -50 441 
-3987 -5731 -4114 9929 2014 -1318 0 0 0 0 1 209 -39 442 
-4035 -5646 -3461 9051 330 -1025 0 0 0 0 1 208 -35 427 
-4084 -5261 -3275 7375 -2116 -1047 0 0 0 0 1 202 -14 440 
-4069 -5047 -3351 5685 -2848 -1295 0 0 0 0 1 193 7 440 
-3877 -4456 -3966 4756 -2373 -1429 0 0 0 0 1 200 -17 449 
-3623 -3804 -4468 3794 -1165 -1541 0 0 0 0 1 198 -4 449 
-3543 -3449 -4552 3332 -453 -1587 0 0 0 0 1 180 15 457 
-3523 -3071 -4534 3163 -851 -1563 0 0 0 0 1 189 1 452 
-3754 -2375 -4327 2965 -1676 -1528 0 0 0 0 1 186 7 447 
-3870 -2007 -4289 2741 -2111 -1460 0 0 0 0 1 182 3 450 
-3956 -1626 -4232 2247 -2128 -1239 0 0 0 0 1 187 3 462 
-4013 -1169 -4171 1883 -1622 -1010 0 0 0 0 1 178 1 473 
-4014 -980 -4183 1411 -483 -577 0 0 0 0 1 180 8 471 
-3960 -717 -4161 1070 412 -119 0 0 0 0 1 169 12 470 
-3885 -657 -4091 894 651 177 0 0 0 0 1 188 14 458 
-3791 -660 -3987 636 471 597 0 0 0 0 1 180 28 459 
-3700 -630 -3820 415 108 834 0 0 0 0 1 182 20 457 
-3697 -640 -3736 -4 -422 1095 0 0 0 0 1 169 12 449 
-3778 -681 -3730 -454 -557 1242 0 0 0 0 1 175 18 457 
-3811 -750 -3765 -740 -376 1290 0 0 0 0 1 171 28 462 
-3832 -920 -3669 -1194 134 1338 0 0 0 0 1 179 26 470 
-3848 -1041 -3615 -1673 434 1393 0 0 0 0 1 179 31 470 
-3796 -1259 -3478 -2155 268 1530 0 0 0 0 1 168 38 478 
-4161 -2695 -3900 -3442 524 3561 0 0 0 0 1 161 15 524 
-3988 -2973 -4152 -3132 994 3711 0 0 0 0 1 159 11 522 
-4127 -3461 -4331 -2498 1422 3956 0 0 0 0 1 145 15 524 
-4525 -3876 -4336 -1790 1403 4133 0 0 0 0 1 161 20 513 
-5318 -5171 -4529 -1029 1387 4352 0 0 0 0 1 163 23 513 
-6435 -6666 -5267 -498 1865 4514 0 0 0 0 1 172 44 521 
-7099 -7910 -5260 -208 4686 4614 0 0 0 0 1 188 66 498 
-8445 -9971 -4765 -1261 8330 4032 0 0 0 0 1 189 77 464 
-10228 -12606 -3188 -3188 9819 2958 0 0 0 0 1 201 82 431 
-11377 -13698 -1853 -8268 10312 509 0 0 0 0 1 219 80 414 
-10926 -15728 54 -15174 9943 -795 0 0 0 0 1 244 62 396 
-9442 -18275 1744 -19872 9117 50 0 0 0 0 1 251 47 359 
-8847 -19574 2737 -25778 4867 3109 0 0 0 0 1 255 38 345 
-9714 -17911 1942 -28559 -355 6857 0 0 0 0 1 258 28 327 
-9896 -15623 3357 -28720 -1477 8948 0 0 0 0 1 237 45 348 
-8882 -13817 1840 -23509 -2873 9805 0 0 0 0 1 230 60 369 
-6262 -12386 -411 -17217 -1721 8637 0 0 0 0 1 225 79 387 
-3495 -13530 1048 -8571 2681 6070 0 0 0 0 1 220 84 401 
-1254 -13598 3838 -3817 4589 5126 0 0 0 0 1 219 100 416 
-713 -11688 7728 -2665 3891 4609 0 0 0 0 1 208 111 382 
-829 -9743 8398 -1953 1719 3484 0 0 0 0 1 212 127 395 
-966 -8545 7168 -891 788 2332 0 0 0 0 1 207 127 400 
-1108 -7262 5122 22 981 1786 0 0 0 0 1 207 132 393 
-1305 -6625 4402 1047 1257 1189 0 0 0 0 1 212 134 393 
-1610 -5709 4224 1258 1088 816 0 0 0 0 1 195 144 377 
-1769 -5118 4298 942 485 222 0 0 0 0 1 209 149 388 
-1877 -4312 4528 489 -66 -176 0 0 0 0 1 213 136 394 
-1894 -3865 4353 -78 -1007 -712 0 0 0 0 1 217 142 381 
-1809 -3358 3830 -219 -1657 -1140 0 0 0 0 1 215 133 389 
-1795 -2989 3073 -13 -1739 -1419 0 0 0 0 1 214 134 393 
-1605 -2631 2416 656 -1395 -1809 0 0 0 0 1 217 137 395 
-1599 -2386 2050 1589 -991 -2166 0 0 0 0 1 222 126 394 
-1659 -2113 1563 2265 -830 -2380 0 0 0 0 1 213 118 410 
-1703 -1933 1333 3217 -674 -2662 0 0 0 0 1 235 112 386 
-1944 -1792 1181 3980 -709 -2943 0 0 0 0 1 228 112 400 
-2183 -1722 973 4393 -899 -3124 0 0 0 0 1 233 88 388 
-2305 -1721 812 4891 -1245 -3388 0 0 0 0 1 245 98 402 
-2434 -1832 517 5163 -1416 -3552 0 0 0 0 1 238 85 395 
-2528 -1950 240 5543 -1519 -3770 0 0 0 0 1 239 67 385 
-2492 -2105 -159 5898 -1365 -3861 0 0 0 0 1 244 62 394 
-2348 -2345 -593 6158 -1176 -3845 0 0 0 0 1 246 52 392 
-2293 -2507 -911 6544 -898 -3778 0 0 0 0 1 253 45 387 
-2288 -2586 -1017 6910 -784 -3754 0 0 0 0 1 248 38 399 
-2477 -2914 -1229 7181 -949 -3815 0 0 0 0 1 252 31 386 
-2634 -3129 -1366 7615 -1375 -4052 0 0 0 0 1 253 15 394 
-2909 -3391 -1523 8065 -1807 -4467 0 0 0 0 1 250 22 386 
-3046 -3709 -1813 8389 -2115 -4799 0 0 0 0 1 231 -4 405 
-3070 -3662 -2175 8868 -2405 -5341 0 0 0 0 1 227 -11 422 
-2900 -3706 -1981 9030 -2161 -5528 0 0 0 0 1 228 -22 419 
-2510 -4621 -1828 9055 -1690 -5417 0 0 0 0 1 228 -29 428 
-2911 -4824 -2119 9108 -1026 -5245 0 0 0 0 1 234 -23 438 
-3248 -5100 -2227 9160 -1016 -5194 0 0 0 0 1 222 -38 443 
-3723 -5389 -2396 9162 -1304 -5230 0 0 0 0 1 200 -22 449 
-4208 -5713 -2926 9133 -2189 -5353 0 0 0 0 1 208 -40 459 
-4423 -5743 -3269 9002 -2593 -5468 0 0 0 0 1 195 -29 467 
-4602 -5720 -3751 8886 -2041 -5469 0 0 0 0 1 194 -28 471 
-4689 -5579 -4128 8749 -146 -5280 0 0 0 0 1 188 -26 477 
-4602 -5244 -4384 8632 2296 -4891 0 0 0 0 1 184 -9 474 
-4713 -4982 -4385 8462 3418 -4386 0 0 0 0 1 194 -13 473 
-4201 -4735 -3913 8075 3124 -3933 0 0 0 0 1 207 0 451 
-3829 -4681 -3491 6982 1510 -3200 0 0 0 0 1 193 4 440 
-3273 -4613 -3004 5487 -629 -2509 0 0 0 0 1 200 7 449 
-3312 -4312 -3121 4547 -1758 -2214 0 0 0 0 1 199 6 443 
-3478 -4077 -3372 3506 -2477 -2024 0 0 0 0 1 195 0 444 
-3959 -3604 -3831 2993 -2243 -2117 0 0 0 0 1 188 0 456 
-4198 -3270 -4054 2901 -1876 -2302 0 0 0 0 1 181 0 460 
-3904 -892 -3319 -427 -791 64 0 0 0 0 1 182 -6 469 
-3848 -825 -3249 -652 -439 114 0 0 0 0 1 174 -9 465 
-3817 -803 -3163 -832 -223 212 0 0 0 0 1 176 -14 472 
-3765 -855 -3041 -1194 -33 515 0 0 0 0 1 167 -14 484 
-3636 -912 -2775 -1727 -39 924 0 0 0 0 1 172 -12 484 
-3592 -858 -2668 -2125 -191 1201 0 0 0 0 1 171 -8 483 
-3640 -942 -2642 -2682 -430 1568 0 0 0 0 1 166 -6 490 
-3754 -1027 -2688 -3089 -602 1809 0 0 0 0 1 171 -13 490 
-3980 -1356 -2896 -3287 -781 1993 0 0 0 0 1 161 -23 485 
-3992 -1553 -2986 -3335 -841 2142 0 0 0 0 1 163 -13 492 
-3876 -1768 -3052 -3354 -741 2450 0 0 0 0 1 155 -22 493 
-3804 -1924 -3100 -3349 -475 2784 0 0 0 0 1 162 -26 507 
-3797 -2106 -3103 -3352 -310 2953 0 0 0 0 1 151 -31 502 
-3908 -2214 -3093 -3396 -191 3118 0 0 0 0 1 160 -19 502 
-3883 -2303 -3103 -3451 -184 3245 0 0 0 0 1 159 -18 506 
-3741 -2377 -3252 -3378 -265 3476 0 0 0 0 1 159 -30 508 
-3481 -2735 -3734 -3047 -369 3822 0 0 0 0 1 153 -26 507 
-3425 -3102 -4070 -2647 -476 4096 0 0 0 0 1 166 -18 513 
-3682 -3583 -4335 -1847 -546 4382 0 0 0 0 1 160 -19 523 
-4695 -4451 -4260 -1087 -70 4356 0 0 0 0 1 167 -9 521 
-5277 -4651 -4102 -741 568 4153 0 0 0 0 1 156 1 518 
-5681 -5716 -4142 -450 2240 3839 0 0 0 0 1 171 6 511 
-5683 -7079 -4300 -409 3430 4115 0 0 0 0 1 186 14 507 
-5963 -9238 -4106 -696 4182 4468 0 0 0 0 1 187 38 490 
-7133 -11899 -3228 -2221 4602 4941 0 0 0 0 1 198 44 470 
-7602 -13337 -2522 -5850 5905 5154 0 0 0 0 1 204 52 466 
-8907 -14374 -2521 -11194 8393 4300 0 0 0 0 1 207 58 437 
-9853 -15832 -2239 -14904 9853 3230 0 0 0 0 1 231 44 407 
-10313 -16947 -2297 -19307 10445 1859 0 0 0 0 1 244 25 385 
-10867 -19246 -2276 -21476 9944 1625 0 0 0 0 1 265 35 352 
-11031 -20848 -2928 -23928 6841 2609 0 0 0 0 1 258 23 322 
-11430 -19875 -3672 -26044 3292 4625 0 0 0 0 1 257 24 302 
-12125 -18039 -3950 -27000 1680 6353 0 0 0 0 1 261 51 300 
-10772 -16946 -2954 -26687 -1346 9745 0 0 0 0 1 238 78 330 
-10217 -16085 -2873 -22748 -2621 11905 0 0 0 0 1 231 107 372 
-9487 -15519 -3170 -18443 -1322 11635 0 0 0 0 1 198 110 402 
-7002 -14748 -1632 -11064 783 9376 0 0 0 0 1 182 128 424 
-5092 -14031 220 -4628 1687 7010 0 0 0 0 1 181 144 437 
-2949 -12923 2871 -1649 1767 6121 0 0 0 0 1 162 144 444 
-2481 -11535 4402 918 1525 5254 0 0 0 0 1 153 171 437 
-2847 -10777 4719 2026 844 4142 0 0 0 0 1 149 180 429 
-3187 -9443 4828 2245 300 3294 0 0 0 0 1 153 193 414 
-3293 -8688 4633 2144 -558 2121 0 0 0 0 1 140 207 422 
-3301 -7724 4372 1872 -1013 1459 0 0 0 0 1 134 208 428 
-3060 -7091 4260 1306 -1238 684 0 0 0 0 1 126 209 420 
-2470 -6183 3848 921 -1402 107 0 0 0 0 1 130 214 427 
-2228 -5162 3163 886 -1588 -322 0 0 0 0 1 123 212 427 
-2103 -4493 2649 1193 -1890 -1047 0 0 0 0 1 129 215 430 
-2102 -3426 1748 1785 -2139 -1830 0 0 0 0 1 139 218 426 
-2168 -2973 1425 2206 -2188 -2362 0 0 0 0 1 133 209 431 
-2227 -2559 1197 2712 -2028 -3130 0 0 0 0 1 146 213 416 
-2322 -2032 925 2954 -1822 -3593 0 0 0 0 1 139 203 419 
-2394 -1733 745 3236 -1448 -4172 0 0 0 0 1 146 213 419 
-2324 -1486 415 3539 -1128 -4557 0 0 0 0 1 163 190 410 
-2310 -1296 32 3809 -1025 -4749 0 0 0 0 1 189 187 401 
-2421 -1181 -206 4296 -1200 -5038 0 0 0 0 1 185 185 396 
-2687 -1042 -568 4652 -1533 -5252 0 0 0 0 1 193 169 391 
-2893 -1000 -966 5186 -2069 -5589 0 0 0 0 1 208 158 385 
-2899 -1000 -1210 5674 -2183 -5838 0 0 0 0 1 217 149 379 
-2883 -1025 -1548 5993 -2079 -5903 0 0 0 0 1 238 115 381 
-2966 -1230 -1843 6486 -1885 -5876 0 0 0 0 1 241 96 378 
-3225 -1345 -2046 7030 -1747 -5886 0 0 0 0 1 250 80 367 
-3690 -1426 -2421 7633 -1529 -6008 0 0 0 0 1 248 77 382 
-3894 -1649 -2637 8025 -1073 -6094 0 0 0 0 1 260 52 369 
-3798 -1827 -2673 8564 -35 -6075 0 0 0 0 1 260 25 364 
-3393 -2071 -2613 8988 724 -5812 0 0 0 0 1 254 12 365 
-2987 -2458 -2344 9130 625 -5534 0 0 0 0 1 254 -12 358 
-2794 -2793 -2216 9090 -628 -5111 0 0 0 0 1 263 -25 355 
-2643 -3337 -2055 8809 -2331 -4891 0 0 0 0 1 250 -31 363 
-3008 -3873 -2284 8621 -3219 -4972 0 0 0 0 1 247 -44 379 
-3330 -4193 -2674 8451 -3550 -5359 0 0 0 0 1 235 -71 412 
-3679 -4387 -3125 8629 -2679 -5939 0 0 0 0 1 230 -77 415 
-4329 -4365 -3897 8997 -1573 -6404 0 0 0 0 1 214 -80 430 
-4189 -4472 -4062 9782 414 -6813 0 0 0 0 1 206 -82 436 
-3824 -4682 -3946 10439 1196 -6542 0 0 0 0 1 194 -87 462 
-3289 -4847 -3660 10621 573 -5873 0 0 0 0 1 197 -82 466 
-3169 -5010 -3451 10492 -69 -5441 0 0 0 0 1 194 -77 471 
-3225 -5146 -3460 10059 -521 -4891 0 0 0 0 1 182 -72 485 
-3668 -5097 -3727 9456 433 -4445 0 0 0 0 1 180 -67 483 
-3711 -4925 -3726 8965 1632 -4104 0 0 0 0 1 185 -50 480 
-3747 -4840 -3533 8089 2923 -3555 0 0 0 0 1 182 -42 487 
-3548 -4714 -3076 7334 2740 -3191 0 0 0 0 1 176 -46 477 
-3328 -4663 -2447 5899 1225 -2783 0 0 0 0 1 186 -19 467 
-3397 -4710 -2287 4411 -838 -2636 0 0 0 0 1 188 -22 477 
-3789 -4561 -2592 3226 -2467 -2667 0 0 0 0 1 188 -19 486 
-4079 -4218 -2849 2614 -2925 -2686 0 0 0 0 1 167 -31 484 
-4341 -3704 -3194 2008 -2883 -2567 0 0 0 0 1 165 -31 486 
-4316 -3299 -3352 1749 -2083 -2121 0 0 0 0 1 161 -23 490 
-4089 -2771 -3334 1715 -1113 -1649 0 0 0 0 1 160 -26 498 
-3992 -2430 -3270 1778 410 -885 0 0 0 0 1 154 -33 497 
-3789 -1858 -3014 1891 1630 -67 0 0 0 0 1 163 -33 492 
-3709 -1645 -2802 1889 1729 178 0 0 0 0 1 155 -17 484 
-3653 -1514 -2702 1765 1227 365 0 0 0 0 1 168 -11 483 
-3524 -1413 -2566 1432 351 436 0 0 0 0 1 179 -17 474 
-3445 -1243 -2377 1078 -62 437 0 0 0 0 1 175 -6 485 
-3455 -1153 -2362 455 -374 425 0 0 0 0 1 166 -3 485 
-3542 -1078 -2504 -172 -456 478 0 0 0 0 1 169 0 481 
-3609 -1032 -2578 -584 -350 572 0 0 0 0 1 160 0 502 
-3669 -1030 -2625 -1134 -108 755 0 0 0 0 1 179 -9 486 
-3665 -1101 -2734 -1590 13 1003 0 0 0 0 1 171 -6 490 
-3629 -1103 -2711 -1878 -3 1204 0 0 0 0 1 168 -8 499 
-3603 -1125 -2672 -2291 -159 1518 0 0 0 0 1 171 1 492 
-3571 -1124 -2608 -2677 -375 1822 0 0 0 0 1 179 -9 484 
-3542 -1243 -2711 -2870 -522 2016 0 0 0 0 1 175 -15 501 
-3584 -1357 -2918 -3054 -684 2269 0 0 0 0 1 169 -12 505 
-3642 -1576 -3081 -3128 -645 2483 0 0 0 0 1 159 -6 499 
-3660 -1735 -3168 -3171 -584 2706 0 0 0 0 1 161 -11 508 
-3678 -2079 -3282 -3211 -553 2944 0 0 0 0 1 158 -9 509 
-3703 -2289 -3395 -3208 -551 3120 0 0 0 0 1 156 -23 513 
-3786 -2452 -3558 -3102 -497 3349 0 0 0 0 1 161 -13 508 
-4092 -2563 -3810 -2916 -174 3467 0 0 0 0 1 160 -17 521 
-4217 -2756 -4005 -2722 65 3534 0 0 0 0 1 156 1 520 
-4095 -3168 -4222 -2323 243 3847 0 0 0 0 1 160 -17 521 
-4165 -4050 -4761 -1964 233 4168 0 0 0 0 1 165 -2 526 
-4607 -5196 -5138 -1427 523 4699 0 0 0 0 1 176 9 523 
-5122 -5979 -5192 -1230 1867 5085 0 0 0 0 1 166 8 520 
-6348 -7412 -5203 -1399 3242 5147 0 0 0 0 1 176 17 500 
-11876 -16654 -4419 -25624 -354 6634 0 0 0 0 1 260 40 294 
-12203 -15337 -5647 -24394 -1837 7990 0 0 0 0 1 248 67 306 
-10667 -16016 -5648 -20197 -578 9325 0 0 0 0 1 238 88 328 
-7868 -16646 -4085 -14899 1791 9353 0 0 0 0 1 218 131 375 
-5806 -15443 -737 -11429 2452 8612 0 0 0 0 1 205 125 400 
-4737 -14445 1072 -6755 1963 6950 0 0 0 0 1 193 157 398 
-3555 -12735 3578 -3459 1419 5067 0 0 0 0 1 188 152 416 
-2661 -11377 4493 -1969 773 4009 0 0 0 0 1 181 169 405 
-2336 -10858 4684 -539 -102 2852 0 0 0 0 1 166 175 408 
-2279 -9939 4230 326 -325 1903 0 0 0 0 1 161 182 410 
-2418 -8688 3937 666 -206 1279 0 0 0 0 1 159 187 427 
-2502 -7879 3798 923 -398 395 0 0 0 0 1 160 186 412 
-2328 -6781 3622 970 -901 -327 0 0 0 0 1 155 196 416 
-2096 -5820 3404 940 -1227 -756 0 0 0 0 1 166 180 413 
-2101 -5210 3171 937 -1698 -1413 0 0 0 0 1 166 185 406 
-2033 -4395 2655 1037 -1945 -1799 0 0 0 0 1 154 185 422 
-1983 -3941 2300 1373 -2162 -2298 0 0 0 0 1 169 174 421 
-2040 -3443 1692 1938 -2204 -2781 0 0 0 0 1 179 176 428 
-2181 -2923 1187 2378 -2036 -3135 0 0 0 0 1 174 179 435 
-2285 -2605 884 3085 -1664 -3663 0 0 0 0 1 184 157 435 
-2458 -2272 427 3570 -1468 -3976 0 0 0 0 1 188 164 428 
-2553 -2100 172 4283 -1226 -4362 0 0 0 0 1 202 154 423 
-2630 -1934 -202 4993 -1008 -4606 0 0 0 0 1 192 153 420 
-2704 -1896 -571 5474 -804 -4695 0 0 0 0 1 204 141 420 
-2699 -1945 -742 6180 -352 -4733 0 0 0 0 1 221 120 386 
-2730 -2006 -1049 6831 -103 -4718 0 0 0 0 1 230 114 378 
-2791 -2049 -1259 7169 -159 -4717 0 0 0 0 1 238 117 384 
-2740 -2207 -1325 7476 -444 -4688 0 0 0 0 1 246 101 380 
-2758 -2541 -1446 7610 -841 -4700 0 0 0 0 1 245 83 374 
-3115 -2926 -1826 7689 -1215 -4788 0 0 0 0 1 258 57 362 
-3452 -3151 -2176 7885 -1796 -5067 0 0 0 0 1 255 50 362 
-3879 -3348 -2769 8201 -1939 -5404 0 0 0 0 1 261 36 365 
-3861 -3452 -3346 8749 -1188 -5546 0 0 0 0 1 255 8 369 
-3635 -3723 -3785 9159 -582 -5378 0 0 0 0 1 246 -13 378 
-3786 -3867 -3921 9417 -584 -5283 0 0 0 0 1 258 -30 373 
-3903 -3981 -3988 9659 -1184 -5264 0 0 0 0 1 246 -38 382 
-4293 -4295 -3993 9719 -2050 -5431 0 0 0 0 1 232 -50 401 
-4467 -4518 -4129 9652 -2685 -5629 0 0 0 0 1 227 -62 413 
-4705 -4526 -4365 9629 -2628 -5753 0 0 0 0 1 230 -60 431 
-4936 -4460 -4721 9839 -1547 -5896 0 0 0 0 1 211 -67 441 
-4810 -4328 -5013 10279 161 -5723 0 0 0 0 1 208 -72 450 
-4637 -4244 -4723 10466 960 -5426 0 0 0 0 1 200 -61 472 
-4662 -4282 -4288 10074 740 -4829 0 0 0 0 1 197 -40 476 
-4209 -4371 -3533 8820 -721 -4143 0 0 0 0 1 193 -51 463 
-4214 -4705 -3316 7262 -2348 -3618 0 0 0 0 1 186 -44 479 
-4277 -4664 -3610 6344 -2829 -3361 0 0 0 0 1 181 -39 486 
-4669 -4577 -4108 5524 -2572 -3204 0 0 0 0 1 173 -38 483 
-5264 -4075 -4792 5268 -1390 -3226 0 0 0 0 1 162 -19 502 
-5471 -3520 -4634 5134 -434 -3211 0 0 0 0 1 162 -14 500 
-5460 -3194 -4472 4739 -102 -2943 0 0 0 0 1 165 -14 502 
-3796 31 -3024 131 279 495 0 0 0 0 1 152 -1 501 
-3784 84 -2860 -161 109 645 0 0 0 0 1 156 -6 494 
-3799 75 -2790 -612 -92 833 0 0 0 0 1 153 -4 502 
-3841 -41 -2847 -875 -191 948 0 0 0 0 1 143 -12 512 
-3899 -252 -2984 -1176 -302 1139 0 0 0 0 1 149 -8 504 
-3914 -494 -3051 -1393 -332 1369 0 0 0 0 1 146 2 514 
-3900 -628 -3073 -1562 -299 1623 0 0 0 0 1 153 -4 523 
-3863 -897 -3034 -1693 -282 1875 0 0 0 0 1 141 -2 519 
-3875 -1050 -3002 -1749 -303 2015 0 0 0 0 1 133 18 541 
-5629 -4709 -4742 -946 1745 3792 0 0 0 0 1 139 14 540 
-6140 -6482 -4565 -1873 2485 4535 0 0 0 0 1 146 36 537 
-7800 -8816 -4437 -3090 3137 4940 0 0 0 0 1 151 31 530 
-8634 -10102 -4352 -6128 5265 5479 0 0 0 0 1 151 31 521 
-9009 -11855 -4135 -8907 6793 5864 0 0 0 0 1 172 31 516 
-9138 -12964 -3858 -13566 8266 6437 0 0 0 0 1 214 22 472 
-9788 -14268 -3119 -18054 7460 7108 0 0 0 0 1 224 4 451 
-11472 -14810 -3150 -20413 6341 7741 0 0 0 0 1 221 2 426 
-12775 -15240 -4002 -22467 4758 8882 0 0 0 0 1 233 -9 400 
-14200 -15845 -5610 -23128 3790 10045 0 0 0 0 1 245 2 384 
-14185 -15625 -6792 -22952 3719 10772 0 0 0 0 1 251 30 366 
-12829 -15791 -6742 -21666 2730 11805 0 0 0 0 1 247 46 370 
-9611 -15947 -4584 -19219 632 12404 0 0 0 0 1 215 69 373 
-8151 -15466 -2473 -14952 -163 10508 0 0 0 0 1 212 105 398 
-6395 -14559 -978 -11481 -145 8329 0 0 0 0 1 200 107 412 
-4252 -13559 340 -6348 80 5705 0 0 0 0 1 199 109 436 
-848 -12452 1578 -3369 528 4959 0 0 0 0 1 193 122 440 
358 -11469 2269 66 1102 4417 0 0 0 0 1 184 152 426 
-223 -10124 2995 1653 1014 3719 0 0 0 0 1 169 152 430 
-1232 -8849 3314 2979 676 2071 0 0 0 0 1 163 165 420 
-1714 -8116 3359 3124 426 415 0 0 0 0 1 178 180 427 
-1795 -6923 3386 2730 316 -337 0 0 0 0 1 174 166 419 
-1685 -6178 3323 1858 -114 -927 0 0 0 0 1 175 170 406 
-1626 -5165 2892 1163 -709 -1178 0 0 0 0 1 174 183 426 
-1732 -4196 2370 913 -916 -1327 0 0 0 0 1 182 170 417 
-1844 -3670 2055 839 -1149 -1604 0 0 0 0 1 179 176 409 
-1921 -3073 1799 912 -1279 -1804 0 0 0 0 1 187 165 427 
-2039 -2554 1628 1118 -1372 -2168 0 0 0 0 1 179 152 426 
-2080 -2257 1489 1406 -1268 -2559 0 0 0 0 1 188 149 426 
-2224 -1876 1281 1624 -1108 -2831 0 0 0 0 1 201 143 424 
-2414 -1547 1048 1974 -905 -3219 0 0 0 0 1 211 138 424 
-2452 -1421 889 2349 -821 -3505 0 0 0 0 1 206 131 424 
-2497 -1328 695 2729 -727 -3692 0 0 0 0 1 209 132 430 
-2466 -1245 467 3003 -620 -3782 0 0 0 0 1 215 123 420 
-2440 -1182 320 3437 -503 -3871 0 0 0 0 1 234 106 415 
-2449 -1121 92 3745 -496 -3912 0 0 0 0 1 232 104 415 
-2376 -1134 -89 4218 -529 -3946 0 0 0 0 1 231 85 405 
-2337 -1185 -142 4658 -467 -3974 0 0 0 0 1 239 69 408 
-2335 -1273 -271 4934 -384 -4006 0 0 0 0 1 241 55 394 
-2321 -1339 -336 5311 -268 -4070 0 0 0 0 1 251 57 408 
-2339 -1490 -467 5541 -174 -4126 0 0 0 0 1 250 44 405 
-2330 -1582 -612 5857 -103 -4239 0 0 0 0 1 258 28 410 
-2283 -1734 -710 6171 -196 -4323 0 0 0 0 1 259 19 388 
-2326 -1987 -895 6411 -324 -4398 0 0 0 0 1 254 -2 395 
-2415 -2224 -1180 6852 -562 -4557 0 0 0 0 1 248 -8 389 
-2600 -2353 -1399 7393 -946 -4850 0 0 0 0 1 252 -14 398 
-2900 -2580 -1686 7978 -1472 -5273 0 0 0 0 1 244 -30 415 
-3189 -2874 -1953 8305 -1719 -5600 0 0 0 0 1 255 -40 420 
-3334 -3064 -2052 8582 -1757 -6040 0 0 0 0 1 233 -63 419 
-3319 -3331 -2190 8634 -1343 -6286 0 0 0 0 1 227 -72 441 
-3422 -3654 -2317 8567 -613 -6377 0 0 0 0 1 220 -72 450 
-3407 -3713 -2466 8535 -70 -6359 0 0 0 0 1 214 -80 456 
-3520 -3836 -2659 8652 554 -6282 0 0 0 0 1 202 -88 451 
-3734 -4042 -2938 8911 406 -6141 0 0 0 0 1 206 -89 469 
-3657 -4210 -2973 9028 -242 -5978 0 0 0 0 1 197 -84 478 
-3910 -4299 -3197 9056 -1595 -5821 0 0 0 0 1 193 -76 495 
-3968 -4309 -3239 8820 -2140 -5717 0 0 0 0 1 168 -82 492 
-4014 -4315 -3290 8473 -1630 -5568 0 0 0 0 1 160 -53 507 
-4038 -4160 -3076 7581 374 -5123 0 0 0 0 1 156 -62 504 
-3895 -4102 -2852 6536 2014 -4471 0 0 0 0 1 147 -45 515 
-4226 -4380 -2899 5911 1834 -4098 0 0 0 0 1 158 -41 507 
-4198 -4278 -2865 4945 29 -3612 0 0 0 0 1 151 -31 509 
-4224 -4224 -2848 4021 -2006 -3045 0 0 0 0 1 148 -24 512 
-4351 -3929 -3146 3495 -2662 -2613 0 0 0 0 1 145 -35 515 
-4527 -3390 -3300 2903 -2111 -2004 0 0 0 0 1 140 -25 524 
-4608 -3038 -3302 2565 -537 -1558 0 0 0 0 1 120 -29 521 
-4531 -2381 -3028 2383 917 -1314 0 0 0 0 1 133 -23 520 
-4399 -2060 -2894 2316 1541 -1240 0 0 0 0 1 134 -17 523 
-4218 -1722 -2796 2249 1943 -1188 0 0 0 0 1 149 -11 508 
-3887 -1169 -2669 189 376 383 0 0 0 0 1 156 15 492 
-3867 -1272 -2636 -218 161 612 0 0 0 0 1 153 24 486 
-3875 -1348 -2607 -534 -42 801 0 0 0 0 1 163 20 494 
-3898 -1534 -2549 -1107 -228 1141 0 0 0 0 1 154 20 497 
-3924 -1610 -2600 -1759 -176 1501 0 0 0 0 1 152 8 504 
-5350 -3987 -4332 -3868 1081 4173 0 0 0 0 1 140 -11 534 
-5585 -4561 -4534 -3960 1199 4413 0 0 0 0 1 141 -14 540 
-5700 -5418 -4645 -4087 985 5093 0 0 0 0 1 154 -8 534 
-5656 -6702 -4654 -4404 834 6316 0 0 0 0 1 154 -1 536 
-6376 -8304 -4517 -4835 1077 7236 0 0 0 0 1 149 11 531 
-7217 -9511 -4533 -5905 2045 8333 0 0 0 0 1 155 9 523 
-8768 -11162 -4877 -7677 4713 8687 0 0 0 0 1 182 6 524 
-9846 -12841 -4996 -9393 7302 8610 0 0 0 0 1 188 14 493 
-10364 -14179 -4884 -12505 11064 8141 0 0 0 0 1 214 24 470 
-11941 -16268 -4431 -15536 11819 7082 0 0 0 0 1 225 25 434 
-12798 -17568 -4270 -17304 10679 6637 0 0 0 0 1 240 22 388 
-13121 -17864 -3707 -19987 7759 6601 0 0 0 0 1 245 44 346 
-13328 -17060 -2215 -22239 2750 6705 0 0 0 0 1 246 52 336 
-11985 -14831 -2209 -22486 240 7185 0 0 0 0 1 251 57 341 
-8387 -15244 -3149 -20017 -533 8941 0 0 0 0 1 238 73 356 
-7260 -15034 -3382 -15100 1829 9140 0 0 0 0 1 226 83 395 
-5700 -14504 -1268 -10136 4257 7405 0 0 0 0 1 224 105 400 
-3548 -13707 2582 -7582 4535 6133 0 0 0 0 1 219 120 384 
-2216 -12316 4556 -4828 2813 4693 0 0 0 0 1 209 139 395 
-857 -9961 5664 -3379 1093 3970 0 0 0 0 1 206 138 403 
-371 -8946 5380 -1385 -759 3062 0 0 0 0 1 201 136 399 
-364 -8018 4418 392 -764 2182 0 0 0 0 1 193 159 405 
-702 -7241 3483 1321 -248 1592 0 0 0 0 1 179 161 414 
-1248 -6488 3167 2097 148 709 0 0 0 0 1 175 163 403 
-1668 -5896 3099 2119 -44 -163 0 0 0 0 1 188 171 412 
-2043 -5082 2870 1887 -335 -640 0 0 0 0 1 195 179 414 
-1982 -4583 2719 1491 -799 -1088 0 0 0 0 1 192 163 401 
-1954 -3938 2455 1329 -1157 -1274 0 0 0 0 1 188 164 391 
-2028 -3408 2094 1317 -1598 -1495 0 0 0 0 1 188 164 405 
-2082 -3175 1912 1533 -1728 -1726 0 0 0 0 1 185 158 406 
-2154 -2714 1628 1843 -1552 -1998 0 0 0 0 1 195 152 395 
-2173 -2551 1521 2068 -1272 -2190 0 0 0 0 1 191 152 407 
-2198 -2354 1442 2399 -737 -2514 0 0 0 0 1 204 141 401 
-2397 -1995 1201 2749 -441 -2889 0 0 0 0 1 208 138 399 
-2493 -1878 1103 2977 -456 -3149 0 0 0 0 1 222 128 387 
-2507 -1828 963 3332 -733 -3473 0 0 0 0 1 220 136 396 
-2458 -1790 590 3730 -1085 -3714 0 0 0 0 1 227 116 385 
-2396 -1768 388 4024 -1235 -3832 0 0 0 0 1 233 110 393 
-2444 -1773 192 4494 -1242 -4032 0 0 0 0 1 237 91 387 
-2558 -1830 -21 4958 -931 -4307 0 0 0 0 1 239 84 380 
-2618 -1917 -112 5243 -652 -4490 0 0 0 0 1 252 66 391 
-2565 -2027 -200 5646 -313 -4683 0 0 0 0 1 255 60 378 
-2700 -2159 -639 6077 -294 -4845 0 0 0 0 1 251 35 373 
-2724 -2220 -731 6390 -388 -4955 0 0 0 0 1 261 19 377 
-2795 -2418 -953 6879 -670 -5149 0 0 0 0 1 252 17 374 
-3180 -2679 -1261 7223 -1086 -5348 0 0 0 0 1 257 0 377 
-3648 -2991 -1580 7768 -1823 -5783 0 0 0 0 1 251 -20 373 
-3785 -3247 -1742 8292 -2093 -6215 0 0 0 0 1 251 -40 399 
-3771 -3784 -2107 8841 -1735 -6501 0 0 0 0 1 240 -66 405 
-3732 -3988 -2235 9203 -1226 -6592 0 0 0 0 1 233 -78 426 
-3993 -4195 -2336 9691 -849 -6707 0 0 0 0 1 226 -80 430 
-4373 -4531 -2532 9928 -1036 -6780 0 0 0 0 1 217 -83 442 
-4384 -4680 -2549 10054 -1344 -6823 0 0 0 0 1 212 -100 458 
-4280 -4898 -2706 10027 -1209 -6776 0 0 0 0 1 184 -93 474 
-4342 -5061 -2980 10007 -775 -6708 0 0 0 0 1 186 -93 486 
-4501 -5105 -3260 10126 430 -6544 0 0 0 0 1 169 -83 495 
-4238 -5086 -3471 10337 2015 -5995 0 0 0 0 1 180 -77 499 
-3905 -5243 -3406 10393 2553 -5360 0 0 0 0 1 154 -55 499 
-3615 -5337 -3101 9999 1855 -4231 0 0 0 0 1 171 -50 492 
-3397 -5424 -2837 8925 204 -3184 0 0 0 0 1 172 -31 493 
-3432 -5398 -2687 8012 -775 -2699 0 0 0 0 1 171 -13 506 
-3870 -5228 -3004 6711 -1434 -2414 0 0 0 0 1 155 -9 502 
-4112 -5034 -3294 5732 -1081 -2498 0 0 0 0 1 160 2 507 
-4420 -4698 -3593 5055 -317 -2724 0 0 0 0 1 165 4 498 
-3479 -1166 -3060 307 -251 315 0 0 0 0 1 168 35 487 
-3488 -1056 -3002 83 -81 428 0 0 0 0 1 155 19 491 
-3583 -915 -2912 -89 92 450 0 0 0 0 1 161 18 494 
-3645 -877 -2870 -361 371 437 0 0 0 0 1 166 25 485 
-3677 -899 -2762 -652 518 470 0 0 0 0 1 147 40 490 
-3632 -1065 -2693 -872 405 580 0 0 0 0 1 163 28 492 
-3647 -1241 -2588 -1278 66 859 0 0 0 0 1 165 24 495 
-3636 -1349 -2564 -1746 -238 1214 0 0 0 0 1 156 23 497 
-3678 -1457 -2580 -2065 -313 1452 0 0 0 0 1 165 29 495 
-4501 -2629 -3551 -3338 -452 2810 0 0 0 0 1 147 -8 529 
-4643 -3045 -3852 -3282 -436 3185 0 0 0 0 1 147 1 534 
-4763 -3516 -4109 -3259 -365 3554 0 0 0 0 1 149 -8 529 
-5120 -3832 -4290 -3191 -311 4226 0 0 0 0 1 140 -6 545 
-5797 -4995 -4726 -3085 -203 5184 0 0 0 0 1 151 -9 537 
-6732 -6313 -4852 -3150 307 5905 0 0 0 0 1 154 -3 529 
-7571 -8475 -4890 -3710 2253 7127 0 0 0 0 1 153 0 528 
-7920 -9886 -4788 -5459 4756 8456 0 0 0 0 1 159 11 529 
-8704 -11642 -4689 -7373 6151 9188 0 0 0 0 1 175 3 518 
-9089 -12686 -4752 -11161 7819 9888 0 0 0 0 1 185 25 487 
-11277 -14642 -3953 -15604 8397 9670 0 0 0 0 1 202 34 477 
-12824 -15922 -4412 -17999 8276 9062 0 0 0 0 1 221 24 437 
-14319 -17234 -5468 -20075 8454 8010 0 0 0 0 1 234 40 408 
-15017 -19035 -6599 -20962 8657 7741 0 0 0 0 1 246 42 389 
-14225 -18885 -5238 -22770 6989 8519 0 0 0 0 1 240 44 370 
-10852 -17208 -2954 -23482 2319 10749 0 0 0 0 1 250 53 353 
-7691 -16163 -2194 -20772 -473 11633 0 0 0 0 1 239 74 362 
-7508 -15685 -2571 -16627 -921 9845 0 0 0 0 1 207 103 412 
-5852 -15048 -1256 -9348 622 5845 0 0 0 0 1 197 109 438 
-2425 -14182 1015 -5201 1783 4347 0 0 0 0 1 198 110 440 
-782 -13034 2708 -1180 2509 4040 0 0 0 0 1 197 123 429 
-28 -11156 4812 847 2146 3855 0 0 0 0 1 194 128 434 
-1166 -9506 4946 1808 1222 3060 0 0 0 0 1 191 142 416 
-1933 -8488 4529 2848 -54 1278 0 0 0 0 1 188 152 416 
-2302 -6974 3726 3165 -412 -54 0 0 0 0 1 191 159 407 
-2233 -6321 3573 2981 -451 -454 0 0 0 0 1 193 161 400 
-2307 -5623 3313 2527 -931 -713 0 0 0 0 1 187 160 401 
-2447 -4667 2851 2266 -1224 -845 0 0 0 0 1 189 158 408 
-2540 -4060 2402 2078 -1355 -1116 0 0 0 0 1 191 166 407 
-2510 -3265 1770 2105 -1203 -1419 0 0 0 0 1 193 166 405 
-2437 -2769 1382 2162 -1015 -1625 0 0 0 0 1 195 157 393 
-2347 -2456 1340 2169 -668 -1955 0 0 0 0 1 197 160 401 
-2262 -2017 1370 2109 -540 -2181 0 0 0 0 1 208 148 408 
-2286 -1734 1317 2011 -597 -2500 0 0 0 0 1 211 163 396 
-2296 -1574 1156 2018 -848 -2774 0 0 0 0 1 212 147 391 
-2480 -1385 834 2099 -1094 -2947 0 0 0 0 1 237 131 399 
-2556 -1269 636 2293 -1366 -3183 0 0 0 0 1 224 127 395 
-2435 -1108 373 2447 -1400 -3283 0 0 0 0 1 245 115 405 
-2355 -1098 147 2755 -1271 -3376 0 0 0 0 1 234 104 399 
-2273 -1077 -165 3180 -908 -3479 0 0 0 0 1 240 93 393 
-2262 -1118 -433 3529 -571 -3590 0 0 0 0 1 240 85 398 
-2210 -1083 -599 4156 42 -3829 0 0 0 0 1 244 74 392 
-2323 -1087 -835 4878 489 -4170 0 0 0 0 1 243 71 395 
-2330 -1158 -968 5648 477 -4540 0 0 0 0 1 248 38 382 
-2306 -1373 -1074 6141 280 -4764 0 0 0 0 1 257 34 370 
-2414 -1584 -1223 6853 -188 -5083 0 0 0 0 1 257 9 377 
-2727 -1934 -1549 7246 -381 -5286 0 0 0 0 1 265 8 375 
-3049 -2092 -1838 7635 -332 -5540 0 0 0 0 1 260 -13 369 
-3241 -2219 -2052 7841 -365 -5678 0 0 0 0 1 252 -26 374 
-3152 -2550 -2310 7930 -548 -5603 0 0 0 0 1 245 -61 379 
-3008 -2771 -2365 7968 -640 -5456 0 0 0 0 1 243 -76 388 
-3016 -3026 -2531 8146 -802 -5303 0 0 0 0 1 239 -84 406 
-3516 -3164 -2941 8593 -1071 -5509 0 0 0 0 1 232 -87 406 
-3917 -3306 -3114 8986 -1375 -5821 0 0 0 0 1 219 -98 421 
-4464 -3446 -3097 9468 -2629 -6515 0 0 0 0 1 201 -101 455 
-4491 -3561 -2926 9480 -4316 -7238 0 0 0 0 1 181 -117 474 
-4647 -3954 -2774 9105 -4907 -7840 0 0 0 0 1 162 -112 486 
-4629 -3897 -3118 8861 -4252 -8034 0 0 0 0 1 148 -105 516 
-4550 -3668 -3375 8705 -1638 -7913 0 0 0 0 1 119 -104 527 
-4549 -3407 -3496 8855 2010 -7176 0 0 0 0 1 130 -99 538 
-4208 -3352 -3429 9074 4250 -6351 0 0 0 0 1 133 -72 536 
-4381 -3451 -3241 9410 6129 -5111 0 0 0 0 1 136 -58 535 
-4469 -3486 -2832 9391 5457 -4037 0 0 0 0 1 140 -35 513 
-4146 -3647 -1992 8965 3740 -3423 0 0 0 0 1 143 -14 512 
-3971 -3656 -1430 7721 151 -2787 0 0 0 0 1 149 -20 508 
-3827 -3597 -1445 6143 -2607 -2328 0 0 0 0 1 158 2 505 
-3796 -3443 -1826 4640 -2776 -1877 0 0 0 0 1 146 4 516 
-4140 -3175 -2621 3537 -1347 -1485 0 0 0 0 1 145 18 518 
-4485 -3246 -2944 3102 -517 -1311 0 0 0 0 1 145 23 513 
-4721 -3212 -3253 -1251 196 962 0 0 0 0 1 165 61 502 
-4822 -2130 -3405 -3275 -350 3303 0 0 0 0 1 140 15 548 
-5193 -2890 -3945 -2874 -163 3495 0 0 0 0 1 130 25 543 
-5552 -3584 -4453 -1986 275 3828 0 0 0 0 1 136 24 537 
-6835 -5278 -5155 -1040 1632 4280 0 0 0 0 1 140 18 536 
-7218 -6612 -5830 -627 3386 4915 0 0 0 0 1 134 39 535 
-6956 -7396 -5907 -947 6268 6253 0 0 0 0 1 143 53 537 
-6864 -9392 -4213 -2368 6920 7088 0 0 0 0 1 171 79 487 
-8074 -11539 -2776 -6084 5796 7547 0 0 0 0 1 174 80 486 
-8307 -13035 -3278 -10564 6023 7763 0 0 0 0 1 182 82 480 
-10117 -14884 -4450 -15011 8741 7692 0 0 0 0 1 197 77 462 
-11773 -16235 -4348 -17529 9906 7200 0 0 0 0 1 211 72 448 
-13424 -17810 -4208 -20123 9401 6261 0 0 0 0 1 212 73 437 
-14283 -19464 -5032 -21208 8762 6087 0 0 0 0 1 231 61 402 
-14576 -19795 -5041 -22786 7819 6266 0 0 0 0 1 238 44 374 
-13920 -18866 -4541 -23784 4204 7153 0 0 0 0 1 251 35 375 
-11398 -17651 -2999 -23490 863 8303 0 0 0 0 1 239 60 375 
-9485 -16892 -2035 -20924 -2108 9674 0 0 0 0 1 230 50 394 
-7605 -16783 -1139 -15757 -1564 9253 0 0 0 0 1 222 60 415 
-5085 -15070 442 -11510 -338 8084 0 0 0 0 1 206 87 455 
-3568 -13474 1228 -5174 1286 6190 0 0 0 0 1 195 93 451 
-1375 -11657 2991 -1837 2238 5381 0 0 0 0 1 199 99 443 
-1031 -9986 4609 1270 2449 4510 0 0 0 0 1 191 105 451 
-1572 -9204 4979 2629 1647 3431 0 0 0 0 1 195 127 433 
-2267 -8068 5003 2855 1215 2623 0 0 0 0 1 197 136 427 
-2484 -7087 4650 2573 665 1612 0 0 0 0 1 180 148 422 
-2343 -5785 3845 2208 233 1237 0 0 0 0 1 182 163 410 
-2047 -5074 3242 1640 -43 1020 0 0 0 0 1 187 165 408 
-1845 -4080 2604 1079 287 724 0 0 0 0 1 176 179 414 
-1771 -3245 2220 733 423 385 0 0 0 0 1 185 165 408 
-1676 -2842 2068 275 259 -211 0 0 0 0 1 176 171 405 
-1521 -2194 2067 -2 -11 -567 0 0 0 0 1 182 170 403 
-1280 -1635 1953 -295 -608 -904 0 0 0 0 1 182 165 408 
-1198 -1275 1811 -387 -1225 -1034 0 0 0 0 1 193 157 416 
-1274 -959 1622 -324 -1524 -1069 0 0 0 0 1 195 159 426 
-1423 -648 1465 -73 -1688 -1122 0 0 0 0 1 186 154 416 
-1425 -419 1251 174 -1639 -1163 0 0 0 0 1 186 144 435 
-1413 -346 1146 670 -1425 -1203 0 0 0 0 1 184 154 433 
-1477 -128 758 1048 -1175 -1247 0 0 0 0 1 184 142 421 
-1469 -97 678 1575 -600 -1343 0 0 0 0 1 187 145 431 
-1524 -6 447 2005 -13 -1477 0 0 0 0 1 194 141 436 
-1573 82 243 2230 272 -1565 0 0 0 0 1 194 141 431 
-1497 134 201 2453 593 -1642 0 0 0 0 1 198 142 414 
-1444 173 305 2511 763 -1681 0 0 0 0 1 204 141 415 
-1432 255 291 2496 719 -1693 0 0 0 0 1 212 144 400 
-1331 307 217 2446 500 -1671 0 0 0 0 1 224 125 393 
-1298 363 150 2417 373 -1652 0 0 0 0 1 234 131 401 
-1229 450 77 2406 271 -1624 0 0 0 0 1 219 134 393 
-1337 577 -59 2437 184 -1652 0 0 0 0 1 232 118 387 
