Data Quantity : 14  Accelerometer : 3  Gyroscope : 3  FSR : 5







-1529 1242 -341 1069 -1635 -632 0 0 0 0 1 215 77 415 
-1427 1207 -320 1011 -1454 -645 0 0 0 0 1 212 83 421 
-1337 1181 -284 911 -1217 -624 0 0 0 0 1 218 84 429 
-1258 1162 -271 848 -1095 -590 0 0 0 0 1 209 78 435 
-1304 1177 -226 763 -1008 -565 0 0 0 0 1 214 80 426 
-1316 1195 -232 711 -1027 -551 0 0 0 0 1 226 80 437 
-1255 1176 -204 601 -1084 -506 0 0 0 0 1 212 73 442 
-1200 1169 -133 507 -1076 -467 0 0 0 0 1 215 72 436 
-1205 1188 -136 364 -995 -381 0 0 0 0 1 218 74 438 
-1197 1194 -189 290 -870 -314 0 0 0 0 1 207 68 447 
-1238 1202 -207 210 -555 -275 0 0 0 0 1 215 77 452 
-1511 1315 -205 165 -310 -325 0 0 0 0 1 209 71 458 
-1545 1346 -202 105 -30 -468 0 0 0 0 1 209 80 458 
-1598 1416 -132 -13 11 -595 0 0 0 0 1 205 85 447 
-1676 1479 -65 -141 -112 -626 0 0 0 0 1 208 74 464 
-1727 1528 -50 -342 -462 -562 0 0 0 0 1 207 63 447 
-1762 1590 -43 -466 -685 -439 0 0 0 0 1 209 71 453 
-1746 1635 -52 -612 -788 -151 0 0 0 0 1 215 65 448 
-1753 1675 -37 -691 -551 138 0 0 0 0 1 206 60 459 
-1811 1716 -53 -712 -244 262 0 0 0 0 1 208 57 448 
-1945 1777 -123 -661 257 278 0 0 0 0 1 211 65 462 
-2233 1974 -283 -503 535 157 0 0 0 0 1 205 58 463 
-2266 2056 -321 -382 507 96 0 0 0 0 1 205 63 453 
-2261 2105 -375 -224 281 103 0 0 0 0 1 199 55 459 
-2290 2173 -368 -181 231 154 0 0 0 0 1 200 53 460 
-2268 2185 -396 -181 352 294 0 0 0 0 1 209 44 467 
-2165 2199 -493 -184 436 399 0 0 0 0 1 205 61 451 
-2193 2083 -351 -282 636 512 0 0 0 0 1 217 58 449 
-1764 1986 102 -448 863 623 0 0 0 0 1 213 50 457 
-1476 1926 399 -788 1034 818 0 0 0 0 1 204 67 445 
-1240 1735 500 -1162 906 1101 0 0 0 0 1 215 67 445 
-1220 1909 457 -1354 673 1181 0 0 0 0 1 217 63 447 
-1211 1973 395 -1491 223 1179 0 0 0 0 1 215 67 438 
-1216 1741 287 -1510 -48 1141 0 0 0 0 1 218 65 443 
-1259 1801 144 -1449 -329 1049 0 0 0 0 1 220 62 455 
-1220 1776 -124 -1292 -354 970 0 0 0 0 1 202 71 447 
-1156 1725 -171 -1159 -145 946 0 0 0 0 1 209 66 456 
-978 1713 55 -1114 479 997 0 0 0 0 1 206 77 448 
-819 1631 323 -1165 901 1035 0 0 0 0 1 191 68 460 
-849 1605 377 -1237 1213 1043 0 0 0 0 1 202 71 442 
-856 1520 339 -1257 1245 1061 0 0 0 0 1 208 79 445 
-732 1434 389 -1342 1539 1164 0 0 0 0 1 207 78 433 
-736 1395 449 -1350 1492 1251 0 0 0 0 1 212 90 435 
-781 1407 237 -1160 895 1400 0 0 0 0 1 209 85 430 
-861 1460 212 -955 507 1395 0 0 0 0 1 220 94 429 
-951 1514 133 -828 498 1329 0 0 0 0 1 206 94 441 
-948 1505 142 -669 786 1165 0 0 0 0 1 212 95 430 
-940 1481 166 -582 1018 1030 0 0 0 0 1 213 94 434 
-951 1480 247 -490 1232 784 0 0 0 0 1 206 101 417 
-982 1483 379 -454 1228 594 0 0 0 0 1 208 99 422 
-1060 1527 397 -393 1026 284 0 0 0 0 1 212 103 419 
-1139 1546 419 -348 852 84 0 0 0 0 1 211 87 424 
-1141 1553 439 -266 666 -122 0 0 0 0 1 220 109 415 
-1150 1541 407 -195 603 -188 0 0 0 0 1 225 101 413 
-1169 1526 406 -68 563 -192 0 0 0 0 1 217 107 409 
-1220 1557 398 12 587 -157 0 0 0 0 1 225 99 403 
-1296 1573 410 97 704 -95 0 0 0 0 1 209 100 402 
-1393 1635 430 124 794 -67 0 0 0 0 1 225 94 394 
-1429 1665 428 125 846 -27 0 0 0 0 1 213 89 396 
-1417 1653 407 116 821 1 0 0 0 0 1 213 94 408 
-1365 1639 392 87 729 54 0 0 0 0 1 227 96 394 
-1291 1601 378 70 653 92 0 0 0 0 1 214 98 388 
-1203 1543 305 38 531 130 0 0 0 0 1 226 100 395 
-1184 1526 284 21 443 142 0 0 0 0 1 225 106 382 
-1144 1485 213 3 323 134 0 0 0 0 1 226 105 388 
-1126 1474 191 -7 278 121 0 0 0 0 1 232 94 387 
-1095 1446 178 -24 267 102 0 0 0 0 1 232 99 389 
-1107 1450 169 -52 281 74 0 0 0 0 1 233 115 395 
-1103 1460 146 -73 275 59 0 0 0 0 1 227 104 385 
-1088 1478 120 -85 259 66 0 0 0 0 1 231 103 381 
-1056 1480 97 -87 226 110 0 0 0 0 1 224 105 377 
-1030 1483 61 -76 202 152 0 0 0 0 1 231 105 391 
-1043 1506 49 -49 193 191 0 0 0 0 1 226 107 386 
-1060 1549 70 -42 206 192 0 0 0 0 1 225 111 389 
-1061 1578 74 -44 211 162 0 0 0 0 1 220 111 389 
-1108 1626 62 -55 188 125 0 0 0 0 1 235 98 379 
-1117 1661 52 -65 119 62 0 0 0 0 1 222 101 387 
-1150 1691 39 -73 79 25 0 0 0 0 1 227 99 375 
-1165 1712 25 -76 44 -24 0 0 0 0 1 224 112 379 
-1190 1740 8 -72 41 -52 0 0 0 0 1 221 117 379 
-1232 1771 -2 -46 41 -84 0 0 0 0 1 227 101 373 
-1278 1801 -7 -16 33 -95 0 0 0 0 1 233 105 377 
-1318 1815 13 26 43 -91 0 0 0 0 1 232 101 385 
-1320 1823 51 43 59 -71 0 0 0 0 1 233 117 379 
-1296 1819 121 52 93 -29 0 0 0 0 1 231 107 374 
-1293 1823 131 45 128 48 0 0 0 0 1 232 109 378 
-1262 1820 137 33 110 118 0 0 0 0 1 224 100 384 
-1236 1818 134 17 73 142 0 0 0 0 1 228 103 377 
-1230 1823 139 -1 4 139 0 0 0 0 1 227 99 378 
-1200 1810 135 -6 -15 125 0 0 0 0 1 224 110 384 
-1145 1777 118 -14 11 113 0 0 0 0 1 220 116 378 
-1078 1729 109 -8 68 117 0 0 0 0 1 228 110 377 
-1044 1708 131 -11 128 118 0 0 0 0 1 233 112 372 
-1021 1693 136 -7 103 115 0 0 0 0 1 232 104 371 
-991 1672 135 -7 39 110 0 0 0 0 1 219 105 370 
-987 1659 125 -4 -75 85 0 0 0 0 1 232 106 380 
-958 1635 130 -18 -90 60 0 0 0 0 1 230 94 371 
-930 1597 129 -32 -40 45 0 0 0 0 1 224 107 377 
-937 1586 133 -72 65 2 0 0 0 0 1 230 111 380 
-961 1605 152 -100 101 -28 0 0 0 0 1 233 110 374 
-934 1588 146 -129 55 -38 0 0 0 0 1 228 103 377 
-933 1577 142 -154 -15 -23 0 0 0 0 1 226 103 379 
-922 1553 117 -168 -39 -7 0 0 0 0 1 240 110 384 
-925 1466 79 -163 -24 -20 0 0 0 0 1 228 105 379 
-951 1707 128 -176 29 -33 0 0 0 0 1 219 105 370 
-943 1534 104 -174 64 -33 0 0 0 0 1 231 105 384 
-968 1597 46 -137 96 -34 0 0 0 0 1 230 114 380 
-970 1597 72 -106 163 -35 0 0 0 0 1 225 109 380 
-1037 1574 108 -96 204 -55 0 0 0 0 1 220 109 380 
-1082 1645 101 -100 193 -73 0 0 0 0 1 221 105 377 
-1101 1640 94 -130 163 -85 0 0 0 0 1 225 101 357 
-1069 1649 129 -173 165 -80 0 0 0 0 1 230 104 380 
-1102 1629 106 -222 118 -70 0 0 0 0 1 219 103 374 
-1116 1650 103 -232 57 -61 0 0 0 0 1 228 95 377 
-1168 1647 102 -228 -42 -61 0 0 0 0 1 227 104 378 
-1233 1631 163 -216 -72 -68 0 0 0 0 1 232 106 382 
-1308 1648 195 -195 -68 -89 0 0 0 0 1 234 96 375 
-1357 1683 197 -152 -75 -99 0 0 0 0 1 226 98 381 
-1360 1654 198 -118 -82 -77 0 0 0 0 1 231 100 370 
-1327 1610 230 -62 -72 -11 0 0 0 0 1 228 93 381 
-1272 1565 276 -22 -49 57 0 0 0 0 1 228 100 377 
-1304 1499 347 -1 -56 69 0 0 0 0 1 237 94 371 
-1341 1439 398 32 -83 18 0 0 0 0 1 232 99 364 
-1368 1371 458 64 -114 -52 0 0 0 0 1 222 104 382 
-1354 1305 499 126 -183 -194 0 0 0 0 1 233 98 377 
-1403 1114 613 170 -245 -301 0 0 0 0 1 230 106 380 
-1398 1070 661 222 -337 -475 0 0 0 0 1 231 98 384 
-1334 834 826 257 -461 -605 0 0 0 0 1 230 104 387 
-1199 475 977 287 -571 -667 0 0 0 0 1 228 88 381 
-1127 275 1020 403 -682 -831 0 0 0 0 1 232 99 392 
-1246 -58 1083 519 -736 -1002 0 0 0 0 1 231 88 381 
-1160 -315 1286 698 -816 -1291 0 0 0 0 1 238 85 395 
-1116 -665 1456 894 -970 -1652 0 0 0 0 1 232 87 396 
-1100 -847 1420 1090 -1177 -1932 0 0 0 0 1 234 74 396 
-1139 -1005 1285 1533 -1603 -2402 0 0 0 0 1 237 67 389 
-1159 -1247 1010 1934 -1854 -2736 0 0 0 0 1 240 66 400 
-1231 -1329 898 2617 -2080 -3258 0 0 0 0 1 222 47 406 
-1307 -1408 743 3099 -2119 -3601 0 0 0 0 1 239 38 410 
-1508 -1571 571 3568 -2045 -3930 0 0 0 0 1 232 28 415 
-1559 -1588 551 4207 -1769 -4388 0 0 0 0 1 239 20 422 
-1820 -1628 481 4688 -1271 -4775 0 0 0 0 1 227 11 424 
-1898 -1640 481 4932 -1037 -4978 0 0 0 0 1 233 9 428 
-2100 -1625 248 5254 -829 -5302 0 0 0 0 1 222 -8 431 
-2425 -1588 101 5485 -841 -5697 0 0 0 0 1 224 -24 444 
-2862 -1439 -51 5604 -1034 -5909 0 0 0 0 1 212 -34 449 
-2791 -1542 -301 5784 -1522 -5907 0 0 0 0 1 213 -47 450 
-3054 -1754 -578 5905 -1925 -5726 0 0 0 0 1 195 -49 456 
-3307 -1798 -880 6068 -1933 -5295 0 0 0 0 1 195 -56 474 
-3598 -1921 -1284 6163 -1353 -4919 0 0 0 0 1 180 -65 480 
-3715 -1939 -1460 6192 -819 -4676 0 0 0 0 1 175 -62 480 
-3836 -1937 -1663 6196 -22 -4340 0 0 0 0 1 163 -47 494 
-3836 -1865 -1916 6163 472 -4129 0 0 0 0 1 176 -61 479 
-3435 -1106 -2337 2564 32 -587 0 0 0 0 1 163 3 483 
-3374 -898 -2347 2209 -57 -407 0 0 0 0 1 166 11 485 
-3355 -847 -2321 1946 -220 -250 0 0 0 0 1 167 12 493 
-3389 -781 -2259 1532 -406 -3 0 0 0 0 1 165 14 484 
-3456 -684 -2279 1290 -439 159 0 0 0 0 1 166 18 480 
-3436 -608 -2332 1009 -250 398 0 0 0 0 1 155 24 484 
-3378 -477 -2313 785 193 580 0 0 0 0 1 153 29 493 
-3354 -334 -2369 657 432 644 0 0 0 0 1 156 23 490 
-3369 -263 -2410 461 590 663 0 0 0 0 1 166 23 492 
-4271 -2348 -4514 -3191 195 2743 0 0 0 0 1 187 11 485 
-4519 -2986 -4733 -2774 4 3031 0 0 0 0 1 185 -1 487 
-5043 -3418 -5037 -2431 43 3141 0 0 0 0 1 199 15 490 
-5607 -3870 -5152 -1816 618 3132 0 0 0 0 1 193 17 481 
-6197 -4805 -5476 -1060 2110 2992 0 0 0 0 1 207 24 474 
-7233 -6900 -5889 -510 3199 2868 0 0 0 0 1 206 30 476 
-8061 -9146 -5936 -297 4013 2924 0 0 0 0 1 205 44 463 
-9128 -12150 -5568 -2126 5210 3466 0 0 0 0 1 215 52 434 
-9778 -14198 -4568 -5090 7787 3874 0 0 0 0 1 230 67 417 
-10598 -15175 -3810 -11631 11230 3705 0 0 0 0 1 244 65 364 
-11636 -17061 -2404 -16271 11728 3132 0 0 0 0 1 238 68 342 
-13128 -19589 -2435 -21826 9456 2786 0 0 0 0 1 264 71 311 
-13226 -20481 -3133 -25105 5005 4968 0 0 0 0 1 251 72 310 
-13843 -19254 -4852 -26472 2382 7339 0 0 0 0 1 238 93 314 
-15568 -18195 -5252 -27610 837 10331 0 0 0 0 1 227 116 331 
-16708 -17759 -4675 -26576 -977 12408 0 0 0 0 1 194 133 401 
-13941 -17573 -4243 -24118 -2582 13609 0 0 0 0 1 171 131 452 
-11947 -17285 -4226 -17959 -1714 13401 0 0 0 0 1 145 121 478 
-8416 -17020 -3475 -10651 1695 10923 0 0 0 0 1 125 127 495 
-4612 -16004 -799 -6404 3075 9217 0 0 0 0 1 108 120 500 
-2917 -15074 1482 -2064 3653 7213 0 0 0 0 1 122 117 509 
-1321 -13500 4185 118 2742 5612 0 0 0 0 1 113 137 505 
-1503 -11981 4917 959 1451 4470 0 0 0 0 1 114 138 497 
-1952 -10527 4493 1722 207 2703 0 0 0 0 1 112 155 490 
-2102 -9704 4325 1852 -39 1286 0 0 0 0 1 103 166 495 
-2003 -8470 4192 1670 -140 668 0 0 0 0 1 103 171 502 
-1839 -7688 4200 1226 -366 76 0 0 0 0 1 104 175 504 
-1611 -6231 3725 962 -728 -424 0 0 0 0 1 112 177 487 
-1652 -5529 3364 998 -953 -836 0 0 0 0 1 112 172 501 
-1724 -4874 3000 1336 -1135 -1606 0 0 0 0 1 110 181 486 
-1793 -4046 2483 1703 -1110 -2149 0 0 0 0 1 114 180 497 
-1964 -3400 2138 2315 -974 -2880 0 0 0 0 1 110 188 481 
-2135 -2950 1974 2883 -968 -3411 0 0 0 0 1 116 172 494 
-2631 -2195 1588 3362 -1027 -3765 0 0 0 0 1 121 177 483 
-2871 -1901 1436 3624 -1002 -3936 0 0 0 0 1 127 181 460 
-2996 -1699 1232 3982 -1002 -4064 0 0 0 0 1 128 185 478 
-3189 -1443 967 4196 -996 -4115 0 0 0 0 1 141 183 467 
-3338 -1295 835 4474 -1007 -4225 0 0 0 0 1 165 179 458 
-3612 -1158 525 4705 -1195 -4354 0 0 0 0 1 163 185 452 
-3621 -1099 370 4819 -1313 -4435 0 0 0 0 1 176 166 442 
-3711 -1068 169 5010 -1495 -4564 0 0 0 0 1 186 169 428 
-3648 -1111 -238 5148 -1615 -4608 0 0 0 0 1 191 164 423 
-3568 -1213 -414 5327 -1814 -4600 0 0 0 0 1 209 149 412 
-3560 -1338 -672 5471 -2167 -4576 0 0 0 0 1 212 137 414 
-3529 -1509 -1111 5578 -2407 -4583 0 0 0 0 1 211 143 417 
-3547 -1577 -1452 5789 -2477 -4658 0 0 0 0 1 220 128 413 
-3911 -1709 -2213 6144 -2207 -4861 0 0 0 0 1 225 111 413 
-4146 -1807 -2530 6449 -1901 -5041 0 0 0 0 1 225 104 413 
-4370 -1887 -2808 6905 -1509 -5266 0 0 0 0 1 239 91 408 
-4367 -1986 -3095 7157 -1355 -5287 0 0 0 0 1 233 78 407 
-4207 -2120 -3210 7417 -1287 -5091 0 0 0 0 1 248 62 403 
-3915 -2304 -3285 7508 -1299 -4719 0 0 0 0 1 238 61 402 
-3743 -2489 -3352 7517 -1361 -4476 0 0 0 0 1 241 55 403 
-3823 -2560 -3529 7504 -1670 -4224 0 0 0 0 1 238 49 393 
-3836 -2693 -3704 7448 -1935 -4082 0 0 0 0 1 234 23 401 
-4220 -2805 -4132 7436 -2080 -4099 0 0 0 0 1 233 24 405 
-4272 -2793 -4236 7444 -1992 -4229 0 0 0 0 1 234 11 413 
-4120 -2805 -4291 7392 -1431 -4261 0 0 0 0 1 230 1 415 
-3975 -2743 -4417 7353 -1349 -4216 0 0 0 0 1 234 13 424 
-3821 -2676 -4403 7226 -1551 -4099 0 0 0 0 1 231 4 430 
-3824 -2564 -4516 7126 -1708 -4038 0 0 0 0 1 224 7 435 
-3900 -2512 -4618 7064 -2002 -3980 0 0 0 0 1 222 -6 438 
-4051 -2382 -4821 7087 -1993 -3918 0 0 0 0 1 217 -7 442 
-4377 -2234 -4981 7162 -1425 -3887 0 0 0 0 1 211 -11 450 
-4551 -1991 -5017 7197 -934 -3822 0 0 0 0 1 202 -7 456 
-4649 -1847 -4913 7093 -481 -3647 0 0 0 0 1 206 -3 459 
-4691 -1655 -4631 6824 -514 -3486 0 0 0 0 1 198 2 456 
-4604 -1380 -4396 6139 -932 -3222 0 0 0 0 1 192 15 462 
-4553 -1236 -4356 5346 -1392 -2967 0 0 0 0 1 195 12 453 
-4637 -938 -4550 4911 -1563 -2825 0 0 0 0 1 184 22 470 
-3619 1180 -3608 562 -23 133 0 0 0 0 1 180 33 483 
-3417 100 -3003 -1077 -308 1331 0 0 0 0 1 188 29 486 
-3409 -97 -3074 -1014 -180 1423 0 0 0 0 1 172 19 495 
-3583 -318 -3121 -882 201 1492 0 0 0 0 1 189 23 492 
-3701 -469 -3194 -753 516 1515 0 0 0 0 1 179 26 481 
-3748 -667 -3350 -687 578 1571 0 0 0 0 1 181 41 488 
-3827 -1029 -3496 -604 697 1697 0 0 0 0 1 184 44 491 
-4015 -1233 -3644 -494 998 1773 0 0 0 0 1 186 39 481 
-4624 -1611 -3877 -11802 6513 3302 0 0 0 0 1 233 90 388 
-10415 -15091 -4684 -16733 9086 2561 0 0 0 0 1 240 78 381 
-11085 -16088 -4472 -19435 9634 2347 0 0 0 0 1 246 69 350 
-11114 -16921 -3868 -22773 8277 3486 0 0 0 0 1 241 69 352 
-11736 -16692 -3496 -25609 5034 5322 0 0 0 0 1 247 61 335 
-12456 -16379 -5865 -26664 2671 6773 0 0 0 0 1 243 73 332 
-11901 -16903 -9196 -26241 2116 8972 0 0 0 0 1 227 84 355 
-12401 -17106 -9975 -24034 4978 8963 0 0 0 0 1 228 95 379 
-10904 -18166 -6323 -22391 5741 8505 0 0 0 0 1 218 106 394 
-9438 -17109 -3943 -18406 2889 7443 0 0 0 0 1 209 103 409 
-7405 -14222 -1732 -12163 376 5770 0 0 0 0 1 214 110 414 
-4266 -13547 344 -8032 659 5293 0 0 0 0 1 195 110 435 
-3071 -12872 1588 -3094 1328 5528 0 0 0 0 1 195 115 442 
-2566 -11838 2826 -603 1381 5821 0 0 0 0 1 207 115 437 
-2946 -11091 3265 2056 1810 5553 0 0 0 0 1 171 165 434 
-4186 -9198 3962 3221 2184 4173 0 0 0 0 1 171 168 429 
-4128 -8518 4100 3279 1938 3090 0 0 0 0 1 172 174 414 
-3881 -7922 4413 2473 838 1706 0 0 0 0 1 180 187 410 
-3373 -7035 4401 1700 -277 999 0 0 0 0 1 165 191 405 
-2939 -6368 4149 734 -1679 183 0 0 0 0 1 166 187 401 
-2533 -5320 3460 346 -2368 -560 0 0 0 0 1 169 208 409 
-2310 -4357 2728 425 -2611 -1036 0 0 0 0 1 163 195 413 
-2142 -3538 2345 842 -2787 -1695 0 0 0 0 1 155 183 419 
-2098 -3012 2149 1426 -2868 -2290 0 0 0 0 1 172 186 426 
-2282 -2368 1681 1879 -2925 -2685 0 0 0 0 1 176 181 419 
-2532 -1985 1338 2572 -2786 -3303 0 0 0 0 1 165 181 430 
-2849 -1530 817 3012 -2536 -3666 0 0 0 0 1 168 172 434 
-2997 -1230 389 3627 -2172 -4028 0 0 0 0 1 185 170 434 
-3036 -1065 81 4230 -2106 -4136 0 0 0 0 1 186 144 423 
-3009 -900 -338 4627 -2149 -4085 0 0 0 0 1 197 163 434 
-2981 -818 -563 5194 -2165 -3934 0 0 0 0 1 199 150 427 
-3077 -842 -892 5577 -2180 -3827 0 0 0 0 1 206 150 417 
-3148 -930 -1175 6137 -1940 -3767 0 0 0 0 1 212 149 416 
-3227 -1089 -1497 6422 -1469 -3783 0 0 0 0 1 211 141 413 
-3177 -1147 -1636 6657 -813 -3758 0 0 0 0 1 211 128 396 
-2963 -1197 -1844 6732 -798 -3639 0 0 0 0 1 230 114 387 
-2808 -1356 -2021 6754 -1337 -3516 0 0 0 0 1 227 111 378 
-2737 -1570 -2236 6805 -1806 -3478 0 0 0 0 1 227 109 378 
-2718 -1708 -2429 7009 -2531 -3520 0 0 0 0 1 243 100 386 
-2868 -1923 -2670 7249 -2893 -3648 0 0 0 0 1 234 89 378 
-2955 -2211 -2871 7679 -3016 -3936 0 0 0 0 1 246 91 375 
-3083 -2441 -2989 7881 -2461 -4274 0 0 0 0 1 237 82 382 
-3055 -2648 -2994 7872 -1997 -4448 0 0 0 0 1 234 67 382 
-2946 -2830 -2991 7747 -1629 -4606 0 0 0 0 1 246 47 387 
-2922 -2943 -3021 7627 -1822 -4713 0 0 0 0 1 241 52 385 
-3057 -3112 -3171 7606 -2167 -4816 0 0 0 0 1 246 30 389 
-3254 -3239 -3409 7745 -2903 -5000 0 0 0 0 1 247 26 388 
-3412 -3387 -3554 8096 -3797 -5209 0 0 0 0 1 235 0 409 
-3677 -3653 -3786 8397 -4291 -5387 0 0 0 0 1 235 -12 428 
-3934 -3759 -3903 8804 -4489 -5750 0 0 0 0 1 218 -15 445 
-4505 -3842 -4057 9032 -3522 -6167 0 0 0 0 1 219 -9 460 
-4798 -3956 -4098 9141 -2275 -6398 0 0 0 0 1 205 -4 472 
-5027 -3833 -4376 9438 9 -6584 0 0 0 0 1 209 -17 467 
-5166 -3602 -4578 9662 2302 -6344 0 0 0 0 1 200 -7 472 
-4901 -3689 -4361 9651 3210 -5723 0 0 0 0 1 206 -6 445 
-4275 -3675 -4110 9177 2768 -4143 0 0 0 0 1 214 -12 437 
-4185 -3581 -4012 8129 1212 -2481 0 0 0 0 1 211 -8 427 
-4271 -3531 -3995 7240 84 -1579 0 0 0 0 1 208 -1 434 
-4606 -3400 -3965 5714 -1195 -753 0 0 0 0 1 217 2 430 
-4999 -3148 -4155 4203 -1483 -669 0 0 0 0 1 199 13 434 
-5316 -2611 -4665 3345 -1207 -876 0 0 0 0 1 205 12 449 
-5276 -2203 -5017 2469 -463 -1209 0 0 0 0 1 200 17 430 
-4694 -1560 -5353 2053 170 -1254 0 0 0 0 1 204 13 438 
-4477 -1391 -5338 1902 228 -1014 0 0 0 0 1 201 23 431 
-3872 -870 -5070 1595 -89 -413 0 0 0 0 1 211 20 431 
-3580 -379 -4651 1267 -334 -8 0 0 0 0 1 209 22 423 
-3510 -90 -4390 603 -579 437 0 0 0 0 1 200 24 437 
-3512 318 -4087 106 -632 587 0 0 0 0 1 198 26 440 
-3542 488 -4004 -583 -575 639 0 0 0 0 1 204 20 441 
-3527 656 -4048 -1104 -467 626 0 0 0 0 1 207 22 440 
-3461 699 -4180 -1337 -430 651 0 0 0 0 1 198 22 444 
-3436 628 -4229 -1565 -390 763 0 0 0 0 1 191 24 447 
-3448 547 -4240 -1742 -352 943 0 0 0 0 1 198 22 437 
-3470 512 -4246 -1856 -340 1088 0 0 0 0 1 199 28 443 
-3534 367 -4228 -2082 -286 1288 0 0 0 0 1 193 22 444 
-3980 -1301 -4478 -2628 -1198 2341 0 0 0 0 1 189 18 483 
-4058 -1670 -4542 -1900 -1023 2454 0 0 0 0 1 182 25 485 
-4050 -1913 -4597 -1137 -231 2717 0 0 0 0 1 185 30 497 
-9886 -14946 -2196 -20126 7932 2328 0 0 0 0 1 240 76 360 
-10180 -15765 -2571 -22518 7593 2564 0 0 0 0 1 245 73 356 
-10564 -15687 -2620 -25257 5426 3645 0 0 0 0 1 248 57 355 
-9315 -16153 -2648 -26455 3045 5470 0 0 0 0 1 251 67 343 
-7585 -16799 -2007 -26736 -6 9269 0 0 0 0 1 237 67 375 
-8630 -15456 -1728 -23968 -1633 10152 0 0 0 0 1 219 85 400 
-7684 -13861 -1446 -17682 -2543 8255 0 0 0 0 1 213 84 427 
-5015 -12460 -753 -12350 -2061 6200 0 0 0 0 1 199 79 459 
-3038 -12164 38 -4976 146 4247 0 0 0 0 1 189 79 466 
-176 -11744 3045 -90 2316 4472 0 0 0 0 1 186 78 481 
-506 -11034 4704 1681 2934 4675 0 0 0 0 1 187 116 455 
-1307 -10204 5579 3083 2182 3842 0 0 0 0 1 185 128 438 
-2220 -8075 5346 3714 464 2110 0 0 0 0 1 175 141 445 
-2186 -7589 4991 3854 -455 1116 0 0 0 0 1 185 155 438 
-1961 -6512 4055 3698 -825 204 0 0 0 0 1 176 164 433 
-2013 -5514 3041 3516 -780 -165 0 0 0 0 1 171 158 424 
-2081 -4590 2563 3157 -657 -640 0 0 0 0 1 186 164 428 
-2137 -3967 2441 2678 -612 -1229 0 0 0 0 1 184 174 419 
-2222 -3140 2140 2347 -724 -1688 0 0 0 0 1 184 181 426 
-2198 -2658 1930 1894 -892 -2342 0 0 0 0 1 185 168 417 
-2125 -2065 1633 1662 -981 -2695 0 0 0 0 1 193 164 407 
-2102 -1688 1463 1461 -1317 -3023 0 0 0 0 1 201 150 413 
-2087 -1289 1080 1495 -1776 -3178 0 0 0 0 1 215 145 415 
-2243 -968 730 1631 -1922 -3281 0 0 0 0 1 206 143 422 
-2377 -830 432 2031 -1930 -3476 0 0 0 0 1 218 141 420 
-2535 -625 -22 2623 -1652 -3705 0 0 0 0 1 217 110 423 
-2658 -499 -392 3090 -1273 -3842 0 0 0 0 1 219 100 430 
-2566 -451 -566 3841 -491 -3944 0 0 0 0 1 226 100 426 
-2427 -383 -806 4349 13 -3934 0 0 0 0 1 219 95 423 
-2306 -375 -975 5083 574 -3823 0 0 0 0 1 238 85 426 
-2180 -362 -1107 5725 863 -3649 0 0 0 0 1 232 69 401 
-2070 -469 -1156 6082 850 -3532 0 0 0 0 1 246 69 408 
-1962 -535 -1188 6488 530 -3365 0 0 0 0 1 237 57 396 
-1863 -724 -1223 6683 137 -3276 0 0 0 0 1 241 40 378 
-1850 -929 -1258 6883 -626 -3212 0 0 0 0 1 245 46 377 
-1869 -1218 -1331 6954 -1120 -3222 0 0 0 0 1 251 38 389 
-1975 -1486 -1473 7039 -1597 -3331 0 0 0 0 1 248 18 375 
-2136 -1617 -1627 7157 -1712 -3567 0 0 0 0 1 259 24 386 
-2242 -1757 -1844 7265 -1571 -3740 0 0 0 0 1 250 12 391 
-2268 -1847 -1942 7497 -1182 -3946 0 0 0 0 1 241 6 394 
-2293 -2019 -2056 7790 -918 -4067 0 0 0 0 1 252 -2 388 
-2311 -2191 -2108 7995 -915 -4110 0 0 0 0 1 247 -12 400 
-2694 -2429 -2237 8328 -1580 -4202 0 0 0 0 1 254 -12 400 
-3124 -2658 -2449 8621 -3061 -4359 0 0 0 0 1 226 -19 412 
-3387 -2843 -2534 8777 -4177 -4662 0 0 0 0 1 233 -34 437 
-4137 -3094 -2971 8919 -4077 -5146 0 0 0 0 1 226 -17 449 
-4629 -3125 -3234 9053 -3168 -5530 0 0 0 0 1 212 -17 456 
-5127 -3106 -3578 9453 -722 -6084 0 0 0 0 1 199 -23 471 
-5157 -2891 -3646 9872 2096 -6144 0 0 0 0 1 205 -22 467 
-5018 -3051 -3405 9973 3040 -5831 0 0 0 0 1 201 -13 457 
-4624 -2982 -3008 9567 2518 -5002 0 0 0 0 1 194 -28 462 
-4154 -3053 -2695 8475 601 -3702 0 0 0 0 1 197 -11 452 
-3633 -3302 -2676 7615 -590 -2681 0 0 0 0 1 207 -4 433 
-3738 -3272 -2863 6367 -1299 -1344 0 0 0 0 1 198 4 449 
-4108 -3155 -3096 5361 -946 -583 0 0 0 0 1 212 -2 451 
-4558 -2813 -3364 4531 -657 -350 0 0 0 0 1 193 24 458 
-4507 -2502 -3186 3936 -736 -318 0 0 0 0 1 193 24 458 
-4381 -2244 -3110 3033 -1155 -352 0 0 0 0 1 189 20 452 
-4140 -1810 -3190 2488 -1447 -375 0 0 0 0 1 199 38 448 
-3986 -1604 -3296 1855 -1506 -358 0 0 0 0 1 193 36 453 
-3775 -1301 -3518 1479 -1015 -265 0 0 0 0 1 194 33 455 
-3562 -1069 -3529 1188 -99 -62 0 0 0 0 1 180 42 466 
-3363 -846 -3388 959 -6 171 0 0 0 0 1 187 30 452 
-3196 -594 -3153 728 -101 327 0 0 0 0 1 188 41 449 
-3135 -479 -3070 303 -231 529 0 0 0 0 1 187 47 452 
-3061 -366 -3065 16 -263 637 0 0 0 0 1 193 61 456 
-3088 -396 -3133 -339 -231 748 0 0 0 0 1 197 45 459 
-3085 -513 -3339 -611 -212 850 0 0 0 0 1 185 47 459 
-3046 -576 -3466 -750 -219 935 0 0 0 0 1 179 44 460 
-3167 -723 -3686 -905 -260 1056 0 0 0 0 1 175 45 464 
-3330 -892 -3869 -1090 -123 1142 0 0 0 0 1 178 60 457 
-3408 -1061 -3931 -1286 274 1223 0 0 0 0 1 185 57 469 
-3343 -1332 -3928 -1457 586 1316 0 0 0 0 1 179 51 472 
-3274 -1521 -3982 -1742 853 1467 0 0 0 0 1 174 63 467 
-3206 -1672 -4076 -2030 744 1620 0 0 0 0 1 184 56 472 
-3142 -1900 -4112 -2255 621 1717 0 0 0 0 1 168 62 473 
-3169 -2035 -4233 -2629 388 1835 0 0 0 0 1 173 50 473 
-3257 -2328 -4331 -3105 285 1940 0 0 0 0 1 171 57 485 
-3408 -2677 -4340 -3437 351 1986 0 0 0 0 1 184 61 477 
-3676 -2917 -4457 -3837 444 1921 0 0 0 0 1 167 51 472 
-4097 -3221 -4497 -4030 570 1813 0 0 0 0 1 182 55 485 
-4161 -3613 -4430 -4224 910 1730 0 0 0 0 1 180 42 487 
-4095 -3996 -4375 -4325 787 1922 0 0 0 0 1 181 39 486 
-4139 -4425 -4334 -4413 287 2398 0 0 0 0 1 179 31 498 
-4549 -5031 -4297 -4467 298 2807 0 0 0 0 1 186 44 488 
-4729 -5276 -4381 -4518 780 3544 0 0 0 0 1 187 20 494 
-5137 -6173 -4361 -26469 -1068 7943 0 0 0 0 1 257 31 351 
-10117 -14409 -3488 -25002 -3099 10811 0 0 0 0 1 247 44 374 
-8954 -14560 -4316 -21901 -2814 11795 0 0 0 0 1 227 69 429 
-7864 -15191 -4177 -15025 -809 10618 0 0 0 0 1 205 83 428 
-5774 -14157 -1203 -10168 669 8377 0 0 0 0 1 199 91 450 
-3176 -13142 1629 -4041 1612 5646 0 0 0 0 1 195 98 449 
-1514 -12579 3163 -356 1703 5132 0 0 0 0 1 192 99 434 
-801 -11446 5066 856 1619 5090 0 0 0 0 1 187 123 445 
-1216 -10486 5431 1845 1009 4200 0 0 0 0 1 188 139 451 
-1659 -9013 4961 2314 457 3133 0 0 0 0 1 172 157 426 
-1892 -7984 4406 2805 -42 1449 0 0 0 0 1 171 163 429 
-1819 -6534 3239 2983 -167 612 0 0 0 0 1 174 176 426 
-1844 -6157 3055 2999 -276 -203 0 0 0 0 1 163 168 422 
-1943 -5023 2576 2833 -534 -686 0 0 0 0 1 173 180 422 
-1906 -4076 2257 2667 -798 -902 0 0 0 0 1 186 188 407 
-1966 -3530 2050 2414 -1344 -1203 0 0 0 0 1 174 179 409 
-2064 -2851 1735 2179 -1768 -1566 0 0 0 0 1 191 183 405 
-2147 -2518 1628 2000 -1736 -1872 0 0 0 0 1 186 166 419 
-2195 -2042 1508 1724 -1464 -2418 0 0 0 0 1 179 174 421 
-2310 -1547 1253 1600 -1393 -2812 0 0 0 0 1 195 164 409 
-2417 -1267 1057 1554 -1537 -3351 0 0 0 0 1 204 163 413 
-2401 -859 559 1747 -1875 -3696 0 0 0 0 1 199 155 417 
-2395 -765 432 1995 -2131 -3796 0 0 0 0 1 201 148 410 
-2403 -482 -122 2496 -2390 -3824 0 0 0 0 1 212 137 421 
-2425 -414 -312 2880 -2381 -3791 0 0 0 0 1 214 117 426 
-2495 -405 -488 3480 -1992 -3742 0 0 0 0 1 214 112 426 
-2641 -391 -712 3858 -1442 -3730 0 0 0 0 1 215 101 422 
-2714 -452 -850 4370 -491 -3706 0 0 0 0 1 227 96 422 
-2622 -457 -936 4816 282 -3637 0 0 0 0 1 224 93 423 
-2465 -430 -1036 5090 547 -3587 0 0 0 0 1 234 84 410 
-2400 -415 -1155 5506 412 -3565 0 0 0 0 1 238 78 405 
-2450 -425 -1299 5774 -3 -3599 0 0 0 0 1 247 63 398 
-2449 -487 -1430 6159 -903 -3698 0 0 0 0 1 248 57 385 
-2511 -717 -1575 6503 -1634 -3865 0 0 0 0 1 247 46 386 
-2723 -977 -1779 6701 -1826 -4033 0 0 0 0 1 238 36 388 
-2840 -1138 -1879 6922 -1687 -4310 0 0 0 0 1 247 29 400 
-2784 -1320 -1985 7067 -1256 -4472 0 0 0 0 1 245 26 398 
-2527 -1475 -2089 7166 -949 -4466 0 0 0 0 1 245 0 407 
-2408 -1576 -2148 7390 -698 -4387 0 0 0 0 1 245 -4 405 
-2756 -1714 -2406 7603 -856 -4392 0 0 0 0 1 245 -4 409 
-3050 -1771 -2652 8051 -1694 -4575 0 0 0 0 1 231 -9 416 
-3361 -1871 -2870 8559 -2787 -4965 0 0 0 0 1 237 -25 424 
-3743 -1985 -3093 9037 -3556 -5437 0 0 0 0 1 225 -23 422 
-3985 -2243 -3178 9204 -3451 -5690 0 0 0 0 1 225 -23 448 
-3903 -2476 -2940 9072 -2060 -5767 0 0 0 0 1 212 -22 474 
-3868 -2507 -2889 8695 -186 -5457 0 0 0 0 1 205 -22 470 
-3664 -2584 -2857 8363 1219 -4904 0 0 0 0 1 194 -28 478 
-3699 -2639 -2980 8279 1768 -4520 0 0 0 0 1 200 -14 463 
-3700 -2654 -3149 8447 1889 -3924 0 0 0 0 1 204 -23 464 
-3742 -2879 -3220 8633 1180 -3477 0 0 0 0 1 200 -9 456 
-3662 -2904 -3100 8684 -944 -2811 0 0 0 0 1 211 -1 457 
-3716 -2917 -2953 8359 -2941 -2386 0 0 0 0 1 207 0 458 
-4029 -2905 -3019 7786 -3507 -2235 0 0 0 0 1 194 3 469 
-4047 -2629 -2984 6620 -1168 -2063 0 0 0 0 1 182 23 478 
-4167 -2346 -3167 5677 1240 -1890 0 0 0 0 1 189 35 471 
-4090 -2188 -3131 5055 2287 -1766 0 0 0 0 1 189 33 464 
-4084 -2146 -3176 4244 2253 -1556 0 0 0 0 1 199 50 436 
-3630 -1897 -3102 3433 716 -1138 0 0 0 0 1 199 47 429 
-3323 -1737 -3138 2857 -432 -704 0 0 0 0 1 204 50 436 
-3188 -1547 -3193 1977 -1546 28 0 0 0 0 1 199 50 443 
-3302 -1223 -3439 1178 -1589 548 0 0 0 0 1 200 53 440 
-7656 -7048 -6931 -3722 5758 4849 0 0 0 0 1 200 93 442 
-8697 -9720 -6905 -5622 7957 4574 0 0 0 0 1 204 99 429 
-9706 -10909 -6374 -8558 8139 3729 0 0 0 0 1 224 105 393 
-10615 -11855 -5561 -10788 7975 3133 0 0 0 0 1 228 115 388 
-11343 -12359 -4947 -14230 8106 2534 0 0 0 0 1 237 109 373 
-11946 -13117 -4524 -17421 7247 2504 0 0 0 0 1 239 109 362 
-12616 -14181 -4226 -19170 5428 3140 0 0 0 0 1 247 93 367 
-12600 -14675 -4622 -20912 2723 5444 0 0 0 0 1 234 91 375 
-13087 -14446 -4958 -21743 2204 7929 0 0 0 0 1 222 96 396 
-13884 -14401 -2713 -22089 2848 9184 0 0 0 0 1 215 96 415 
-11156 -14491 -227 -20527 -205 9870 0 0 0 0 1 202 98 440 
-9041 -14252 -121 -17701 -2025 9820 0 0 0 0 1 193 103 470 
-6831 -14086 -146 -11628 -667 8498 0 0 0 0 1 181 95 495 
-4260 -13786 159 -5356 2043 6432 0 0 0 0 1 167 93 502 
-2374 -12812 2133 -2053 3044 5358 0 0 0 0 1 156 96 490 
-1912 -12026 3514 1214 3316 4288 0 0 0 0 1 158 117 491 
-2172 -10723 4698 2436 3223 3622 0 0 0 0 1 166 121 476 
-2570 -9343 5058 3173 3114 2491 0 0 0 0 1 161 136 469 
-2519 -8431 4931 3071 2559 1488 0 0 0 0 1 178 150 445 
-2312 -7281 5013 2678 1881 977 0 0 0 0 1 181 139 447 
-2170 -6520 4891 1955 558 336 0 0 0 0 1 171 160 436 
-2103 -5510 4375 1590 -343 -81 0 0 0 0 1 180 170 434 
-2033 -4907 3830 1429 -1350 -686 0 0 0 0 1 181 166 440 
-1938 -4073 3027 1715 -1779 -1285 0 0 0 0 1 179 169 442 
-2074 -3320 2332 2075 -1846 -1719 0 0 0 0 1 179 181 437 
-2122 -2872 1953 2692 -1588 -2335 0 0 0 0 1 173 160 420 
-2270 -2231 1604 3069 -1278 -2715 0 0 0 0 1 179 174 440 
-2406 -1903 1304 3575 -888 -3197 0 0 0 0 1 186 161 423 
-2634 -1416 965 3950 -724 -3501 0 0 0 0 1 204 150 406 
-2865 -1130 613 4147 -712 -3590 0 0 0 0 1 213 141 420 
-2896 -924 373 4414 -834 -3540 0 0 0 0 1 207 144 405 
-3042 -871 -59 4730 -1053 -3414 0 0 0 0 1 212 142 402 
-3138 -589 -437 4980 -1186 -3361 0 0 0 0 1 218 126 403 
-3246 -584 -682 5404 -1363 -3392 0 0 0 0 1 227 118 392 
-3092 -494 -1083 5704 -1468 -3423 0 0 0 0 1 238 110 386 
-3052 -529 -1299 6040 -1507 -3477 0 0 0 0 1 239 106 385 
-2989 -611 -1396 6150 -1273 -3498 0 0 0 0 1 235 110 393 
-2736 -810 -1527 6082 -1215 -3428 0 0 0 0 1 235 95 384 
-2536 -995 -1554 5986 -1433 -3310 0 0 0 0 1 246 89 385 
-2341 -1208 -1541 5791 -2027 -3117 0 0 0 0 1 244 77 375 
-2382 -1623 -1721 5704 -2475 -3074 0 0 0 0 1 253 67 385 
-2560 -1871 -1953 5722 -2888 -3271 0 0 0 0 1 246 55 382 
-2763 -2044 -2320 5933 -2811 -3761 0 0 0 0 1 246 55 394 
-2945 -2113 -2757 6214 -2618 -4181 0 0 0 0 1 238 51 391 
-2985 -2183 -2961 6770 -2223 -4844 0 0 0 0 1 247 29 402 
-2999 -2267 -2967 7322 -2031 -5404 0 0 0 0 1 238 24 402 
-2912 -2432 -2992 7629 -2238 -5622 0 0 0 0 1 235 -4 426 
-3004 -2802 -2969 7898 -2818 -5721 0 0 0 0 1 238 -9 421 
-3147 -2979 -3078 8002 -3346 -5684 0 0 0 0 1 228 -12 442 
-3660 -3159 -3558 8209 -3220 -5774 0 0 0 0 1 215 -15 445 
-4332 -3078 -4213 8511 -2510 -5978 0 0 0 0 1 204 -25 443 
-4540 -2976 -4644 9281 -703 -6306 0 0 0 0 1 202 -29 472 
-4631 -2861 -4846 9918 615 -6412 0 0 0 0 1 201 -18 471 
-4513 -2864 -4693 10637 1303 -6150 0 0 0 0 1 195 -24 470 
-4161 -2946 -4262 3763 -1785 -1999 0 0 0 0 1 202 31 442 
-3870 -1850 -3904 2935 -1735 -1850 0 0 0 0 1 198 36 442 
-3857 -1577 -3995 2323 -943 -1554 0 0 0 0 1 195 29 440 
-3780 -1081 -3906 1837 25 -1160 0 0 0 0 1 192 35 443 
-3722 -805 -3770 1532 375 -886 0 0 0 0 1 208 35 436 
-3601 -576 -3588 1021 267 -451 0 0 0 0 1 194 42 443 
-3365 -251 -3268 619 -5 -157 0 0 0 0 1 202 29 435 
-3265 -100 -3167 24 -436 217 0 0 0 0 1 192 33 445 
-3772 -1074 -3474 -2730 15 1710 0 0 0 0 1 187 30 455 
-3884 -1191 -3489 -3115 -293 1850 0 0 0 0 1 192 30 462 
-3993 -1344 -3597 -3327 -486 1919 0 0 0 0 1 188 24 467 
-4035 -1423 -3720 -3526 -580 2020 0 0 0 0 1 194 20 485 
-4075 -1612 -3936 -3585 -398 2147 0 0 0 0 1 180 25 480 
-4106 -1745 -4171 -3565 -189 2229 0 0 0 0 1 187 18 483 
-4134 -1820 -4305 -3474 138 2346 0 0 0 0 1 178 20 480 
-4305 -2000 -4571 -3334 319 2483 0 0 0 0 1 185 20 490 
-4254 -2212 -4824 -3182 281 2682 0 0 0 0 1 182 18 497 
-4247 -2435 -5053 -2865 166 3141 0 0 0 0 1 178 20 483 
-4399 -3176 -5596 -2395 202 3721 0 0 0 0 1 184 31 491 
-4960 -4367 -6102 -2118 476 4083 0 0 0 0 1 175 28 494 
-5474 -5185 -6253 -2111 1403 4456 0 0 0 0 1 188 34 491 
-6556 -6723 -6087 -2598 2271 4520 0 0 0 0 1 182 52 499 
-7164 -8103 -6136 -4113 3286 4506 0 0 0 0 1 202 56 472 
-8083 -10510 -6418 -6298 4254 4673 0 0 0 0 1 198 58 458 
-9617 -14144 -6713 -9174 6437 4775 0 0 0 0 1 218 57 448 
-10338 -15334 -6323 -11682 8591 4523 0 0 0 0 1 220 52 434 
-11105 -16445 -5473 -16251 11231 3562 0 0 0 0 1 231 61 414 
-12624 -17986 -4344 -19344 10929 2638 0 0 0 0 1 245 53 379 
-12950 -19182 -4102 -23192 6399 2363 0 0 0 0 1 258 33 338 
-12338 -19261 -4320 -25886 -426 4171 0 0 0 0 1 264 31 344 
-11499 -18036 -6087 -26487 -4319 6314 0 0 0 0 1 261 41 374 
-10895 -18875 -7116 -25229 -5370 9505 0 0 0 0 1 240 44 395 
-10349 -19729 -6066 -21842 -2412 10106 0 0 0 0 1 227 45 429 
-8007 -18542 -4822 -18386 -619 9114 0 0 0 0 1 220 40 448 
-5742 -17214 -2925 -12787 802 7278 0 0 0 0 1 208 47 455 
-2548 -14455 -635 -9202 450 6470 0 0 0 0 1 208 28 466 
-183 -12522 1101 -4549 -267 6093 0 0 0 0 1 197 47 469 
363 -11650 2028 -925 -1649 5824 0 0 0 0 1 184 71 465 
-131 -11215 2744 936 -2164 5225 0 0 0 0 1 179 73 470 
-622 -10789 3183 2598 -1533 3800 0 0 0 0 1 180 89 480 
-1142 -9747 3592 2989 26 2429 0 0 0 0 1 171 109 483 
-1098 -8476 4001 2762 1013 1745 0 0 0 0 1 167 122 477 
-974 -7609 4068 2209 1278 985 0 0 0 0 1 168 138 469 
-932 -6438 3899 1889 810 507 0 0 0 0 1 166 136 471 
-962 -5786 3711 1545 54 -327 0 0 0 0 1 169 142 470 
-1001 -4763 3257 1340 -586 -1196 0 0 0 0 1 182 141 457 
-974 -4266 2883 1336 -1025 -1699 0 0 0 0 1 178 133 464 
-996 -3824 2515 1517 -1492 -2327 0 0 0 0 1 181 142 460 
-1241 -3248 1913 1752 -1594 -2710 0 0 0 0 1 175 126 464 
-1508 -2899 1539 2206 -1357 -3288 0 0 0 0 1 187 126 457 
-1910 -2449 1078 2678 -758 -3783 0 0 0 0 1 197 114 457 
-2000 -2235 868 2996 -312 -4012 0 0 0 0 1 191 117 453 
-2193 -2040 702 3485 109 -4258 0 0 0 0 1 193 107 458 
-2615 -1852 530 3808 153 -4368 0 0 0 0 1 212 100 453 
-2772 -1750 441 4272 -107 -4419 0 0 0 0 1 222 101 450 
-2912 -1655 173 4706 -584 -4377 0 0 0 0 1 215 89 443 
-3040 -1555 -139 4974 -873 -4357 0 0 0 0 1 232 77 438 
-3078 -1548 -337 5337 -1159 -4365 0 0 0 0 1 228 68 437 
-3176 -1669 -622 5555 -1183 -4402 0 0 0 0 1 233 68 428 
-3186 -1821 -827 5828 -962 -4490 0 0 0 0 1 237 57 427 
-3116 -1924 -1051 6106 -703 -4505 0 0 0 0 1 244 40 434 
-3034 -2070 -1457 6361 -464 -4488 0 0 0 0 1 226 41 430 
-3026 -2109 -1699 6891 101 -4491 0 0 0 0 1 240 19 423 
-3283 -2182 -2050 7543 287 -4594 0 0 0 0 1 240 22 421 
-3614 -2276 -2392 7993 28 -4709 0 0 0 0 1 237 11 415 
-3577 -2460 -2546 8557 -532 -4816 0 0 0 0 1 241 6 415 
-3405 -2658 -2566 8921 -859 -4736 0 0 0 0 1 253 6 417 
-3082 -2978 -2527 9059 -833 -4584 0 0 0 0 1 240 0 430 
-2978 -3188 -2557 9207 -518 -4336 0 0 0 0 1 230 -8 422 
-3048 -3340 -2909 9366 -220 -4237 0 0 0 0 1 235 -24 426 
-3319 -3455 -3305 9825 375 -4231 0 0 0 0 1 240 -17 428 
-3472 -3544 -3516 10498 580 -4278 0 0 0 0 1 234 -11 422 
-3400 -3587 -3725 10985 409 -4249 0 0 0 0 1 230 -25 422 
-3305 -3861 -3599 11597 91 -4089 0 0 0 0 1 224 -9 435 
-3193 -4068 -3455 11860 -401 -3761 0 0 0 0 1 233 -17 423 
-3225 -4392 -3304 11827 -757 -3514 0 0 0 0 1 225 -6 424 
-3396 -4685 -3234 11521 -1040 -3138 0 0 0 0 1 213 8 431 
-3473 -4746 -3296 10940 -1006 -2762 0 0 0 0 1 208 13 431 
-3496 -823 -3804 -563 46 537 0 0 0 0 1 188 61 423 
-3564 -887 -3829 -797 237 552 0 0 0 0 1 206 55 417 
-3662 -1048 -3877 -1017 252 601 0 0 0 0 1 219 58 400 
-3763 -1143 -3884 -1171 249 653 0 0 0 0 1 201 55 427 
-3757 -1284 -3906 -1428 411 823 0 0 0 0 1 192 69 424 
-3669 -1504 -3925 -1746 635 1052 0 0 0 0 1 192 62 424 
-3643 -1534 -3963 -1992 683 1199 0 0 0 0 1 199 69 427 
-3616 -1547 -4025 -2387 581 1377 0 0 0 0 1 205 63 423 
-3592 -1592 -4230 -5742 1324 6984 0 0 0 0 1 188 88 472 
-7933 -9592 -7159 -7238 3923 7402 0 0 0 0 1 175 91 478 
-8721 -10921 -7081 -8880 5669 7138 0 0 0 0 1 182 101 471 
-9328 -12469 -7053 -11862 8271 6340 0 0 0 0 1 194 91 459 
-10277 -14156 -7118 -13788 9098 5673 0 0 0 0 1 205 93 435 
-11340 -15781 -6946 -16274 9171 5038 0 0 0 0 1 219 71 428 
-11904 -16626 -7082 -18362 8233 5325 0 0 0 0 1 227 79 420 
-13314 -17651 -7089 -19828 7165 5607 0 0 0 0 1 233 66 400 
-14558 -17528 -6365 -22414 5372 5475 0 0 0 0 1 228 63 391 
-13812 -17342 -5827 -24598 3148 5922 0 0 0 0 1 233 56 398 
-11092 -16208 -5894 -24716 -256 7377 0 0 0 0 1 240 51 407 
-10150 -15626 -5687 -23216 -1598 8053 0 0 0 0 1 232 42 438 
-8865 -14834 -5544 -18168 -2881 7770 0 0 0 0 1 218 35 445 
-6796 -13489 -3873 -13574 -3010 6799 0 0 0 0 1 214 29 463 
-3037 -13236 -1911 -6697 -998 5914 0 0 0 0 1 197 25 476 
-1545 -12762 -304 -1551 1106 5967 0 0 0 0 1 191 56 484 
-1394 -11675 2055 625 1493 5910 0 0 0 0 1 197 79 476 
-1898 -11060 3275 2319 1178 5044 0 0 0 0 1 191 85 484 
-2880 -9749 4038 2685 840 3344 0 0 0 0 1 179 105 472 
-2976 -8406 4070 2488 764 2266 0 0 0 0 1 187 121 464 
-2746 -7610 3783 2082 523 1143 0 0 0 0 1 176 127 467 
-2469 -6427 3218 1919 264 660 0 0 0 0 1 188 130 449 
-2382 -5683 2809 1893 -129 102 0 0 0 0 1 187 126 450 
-2171 -4365 2147 2006 -458 -341 0 0 0 0 1 189 143 455 
-2071 -3883 1987 2072 -602 -587 0 0 0 0 1 197 138 459 
-1974 -3559 1898 2123 -682 -919 0 0 0 0 1 186 134 444 
-1916 -3048 1801 2117 -667 -1171 0 0 0 0 1 188 139 437 
-1917 -2669 1696 2095 -736 -1644 0 0 0 0 1 188 137 447 
-1929 -1951 1327 2128 -938 -2193 0 0 0 0 1 187 145 448 
-1879 -1669 1103 2196 -1042 -2555 0 0 0 0 1 185 143 448 
-1902 -1450 855 2406 -1116 -3052 0 0 0 0 1 207 125 442 
-1888 -1222 487 2608 -1110 -3324 0 0 0 0 1 204 118 443 
-1869 -1138 258 3002 -994 -3621 0 0 0 0 1 217 117 437 
-1899 -986 -97 3492 -818 -3842 0 0 0 0 1 217 117 435 
-1877 -847 -362 3845 -664 -3968 0 0 0 0 1 240 110 433 
-1881 -810 -496 4392 -426 -4125 0 0 0 0 1 230 87 436 
-1892 -833 -623 4902 -202 -4262 0 0 0 0 1 224 90 428 
-1916 -857 -717 5204 -126 -4339 0 0 0 0 1 241 69 413 
-1955 -929 -784 5597 -203 -4449 0 0 0 0 1 244 57 406 
-2028 -1133 -876 5889 -448 -4570 0 0 0 0 1 243 49 412 
-2094 -1303 -954 6055 -673 -4667 0 0 0 0 1 241 40 413 
-2213 -1422 -1063 6311 -1016 -4903 0 0 0 0 1 258 28 413 
-2496 -1580 -1264 6613 -1190 -5267 0 0 0 0 1 240 19 412 
-2535 -1757 -1535 6866 -1081 -5516 0 0 0 0 1 250 0 419 
-2469 -1820 -1678 7326 -482 -5813 0 0 0 0 1 244 -13 417 
-2500 -1954 -1912 7697 48 -5959 0 0 0 0 1 245 -22 412 
-2671 -2238 -1960 8275 708 -6115 0 0 0 0 1 246 -33 429 
-2875 -2399 -1943 8739 692 -6262 0 0 0 0 1 235 -44 412 
-3203 -2681 -2043 8966 216 -6384 0 0 0 0 1 233 -51 423 
-3507 -2942 -2239 9171 -747 -6627 0 0 0 0 1 232 -67 424 
-3603 -3137 -2439 9256 -1089 -6890 0 0 0 0 1 217 -85 453 
-3553 -3242 -2582 9290 -408 -6997 0 0 0 0 1 214 -85 456 
-3628 -3472 -2724 9283 496 -6954 0 0 0 0 1 208 -96 462 
-3594 -3704 -2752 9278 2031 -6622 0 0 0 0 1 202 -93 456 
-3689 -3954 -2712 9214 2531 -6032 0 0 0 0 1 193 -80 465 
-3770 -4174 -2648 9032 2040 -5595 0 0 0 0 1 188 -88 481 
-3611 -4281 -2501 8448 702 -4909 0 0 0 0 1 181 -85 477 
-3588 -4532 -2524 7675 -669 -4329 0 0 0 0 1 191 -76 477 
-3678 -4496 -2791 7172 -1156 -4019 0 0 0 0 1 171 -69 487 
-3848 -4511 -3002 6554 -831 -3653 0 0 0 0 1 181 -66 495 
-4023 -4483 -3072 6122 -12 -3410 0 0 0 0 1 163 -45 501 
-4385 -4481 -2936 5872 249 -3300 0 0 0 0 1 161 -42 501 
-4367 -4283 -2723 5344 -104 -3162 0 0 0 0 1 153 -31 502 
-4328 -4121 -2508 4516 -817 -2973 0 0 0 0 1 153 -46 509 
-4218 -3749 -2475 3566 -1293 -2650 0 0 0 0 1 156 -38 511 
-3868 -3261 -2548 2957 -1143 -2318 0 0 0 0 1 140 -33 494 
-3750 -2970 -2635 2209 -292 -1760 0 0 0 0 1 148 -39 509 
-3731 -2572 -2746 1718 574 -1272 0 0 0 0 1 153 -31 500 
-3676 -2308 -2730 1492 822 -1009 0 0 0 0 1 153 -31 505 
-3652 -2150 -2709 1240 501 -682 0 0 0 0 1 155 -36 502 
-3590 -1689 -2670 976 -172 -437 0 0 0 0 1 159 -35 499 
-3613 -1439 -2625 750 -505 -314 0 0 0 0 1 148 -36 500 
-3666 -1221 -2609 321 -719 -144 0 0 0 0 1 145 -30 501 
-3618 -1018 -2642 -183 -653 104 0 0 0 0 1 155 -41 505 
-3588 -852 -2700 -516 -464 286 0 0 0 0 1 151 -31 512 
-3670 -773 -2765 -938 -210 529 0 0 0 0 1 145 -33 504 
-3873 -663 -2852 -1239 -188 757 0 0 0 0 1 159 -35 513 
-3922 -568 -2884 -1388 -266 944 0 0 0 0 1 155 -31 507 
-3899 -552 -2942 -1542 -525 1302 0 0 0 0 1 135 -33 520 
-3913 -556 -3038 -1664 -777 1685 0 0 0 0 1 146 -36 523 
-3971 -597 -3105 -1817 -815 2008 0 0 0 0 1 143 -39 519 
-4115 -719 -3178 -1930 -697 2178 0 0 0 0 1 130 -33 515 
-4206 -820 -3247 -2114 -408 2380 0 0 0 0 1 147 -33 520 
-4353 -977 -3443 -2228 -289 2487 0 0 0 0 1 132 -34 521 
-4582 -1167 -3621 -2381 -390 2662 0 0 0 0 1 146 -31 519 
-4731 -1243 -3708 -2547 -680 2984 0 0 0 0 1 152 -38 527 
-4898 -1638 -4062 -2577 -922 3382 0 0 0 0 1 143 -29 521 
-5161 -1881 -4255 -2575 -1013 4119 0 0 0 0 1 145 -35 527 
-5385 -2138 -4461 -2645 -471 4926 0 0 0 0 1 138 -28 529 
-5802 -2756 -4765 -2751 146 5388 0 0 0 0 1 134 -29 533 
-6743 -3550 -5086 -3004 1352 5762 0 0 0 0 1 136 -7 533 
-7098 -4506 -5793 -3044 2268 6215 0 0 0 0 1 153 -12 540 
-7194 -6116 -6404 -3116 2700 6896 0 0 0 0 1 152 -8 520 
-7237 -7400 -6862 -3717 2887 8413 0 0 0 0 1 155 -2 514 
-8038 -9487 -7173 -5513 3654 9607 0 0 0 0 1 176 17 507 
-9347 -11561 -8016 -7556 5189 9919 0 0 0 0 1 182 30 487 
-9957 -12880 -8331 -11753 7956 9392 0 0 0 0 1 191 36 465 
-11650 -14866 -9380 -15373 9155 8071 0 0 0 0 1 207 29 442 
-12803 -16237 -10161 -17019 9287 7446 0 0 0 0 1 227 33 415 
-13624 -16523 -10348 -18934 8575 7201 0 0 0 0 1 233 29 391 
-15053 -17260 -10301 -20086 7317 7449 0 0 0 0 1 240 39 386 
-16377 -16127 -10276 -21531 4315 7870 0 0 0 0 1 241 62 362 
-16549 -15648 -9788 -22325 1054 9034 0 0 0 0 1 232 65 369 
-15324 -15699 -8735 -22112 -1074 10569 0 0 0 0 1 235 85 400 
-14116 -15853 -8451 -19886 -1677 12467 0 0 0 0 1 206 87 415 
-12571 -15978 -6584 -15814 -542 11932 0 0 0 0 1 206 111 457 
-9887 -15706 -3752 -12231 -746 10593 0 0 0 0 1 178 104 469 
-7634 -14728 -1876 -6784 -443 8475 0 0 0 0 1 159 111 483 
-4652 -13642 434 -2601 1059 7068 0 0 0 0 1 140 128 501 
-3319 -12232 1773 -604 1714 6201 0 0 0 0 1 140 123 490 
-2930 -11396 2393 1281 1954 4766 0 0 0 0 1 138 148 487 
-2711 -10446 2962 1874 1823 3774 0 0 0 0 1 130 160 483 
-2617 -9749 3426 1848 1434 2259 0 0 0 0 1 141 161 481 
-2511 -8141 3840 1211 734 882 0 0 0 0 1 123 160 466 
-2211 -7486 3743 762 166 177 0 0 0 0 1 127 171 477 
-1903 -6763 3522 337 -690 -561 0 0 0 0 1 134 171 484 
-1620 -5785 2861 311 -1135 -923 0 0 0 0 1 138 182 480 
-1482 -4977 2292 603 -1273 -1414 0 0 0 0 1 139 186 484 
-1530 -4453 2036 1100 -970 -2026 0 0 0 0 1 134 171 474 
-1798 -3726 1809 1466 -782 -2515 0 0 0 0 1 146 169 472 
-1970 -3319 1729 1969 -652 -3255 0 0 0 0 1 142 170 485 
-2382 -2573 1581 2361 -689 -3906 0 0 0 0 1 151 152 470 
-2501 -2266 1438 2675 -965 -4341 0 0 0 0 1 161 153 464 
-2713 -1938 1101 2880 -1236 -4518 0 0 0 0 1 167 149 470 
-2901 -1784 843 3204 -1577 -4684 0 0 0 0 1 172 139 465 
-3116 -1635 452 3451 -1659 -4746 0 0 0 0 1 181 149 467 
-3283 -1582 224 3872 -1640 -4807 0 0 0 0 1 192 131 462 
-3433 -1610 -28 4309 -1437 -4862 0 0 0 0 1 185 133 448 
-3479 -1692 -248 4593 -1165 -4902 0 0 0 0 1 207 112 447 
-3518 -1694 -451 5029 -819 -5007 0 0 0 0 1 208 118 445 
-3537 -1676 -778 5491 -641 -5136 0 0 0 0 1 205 98 453 
-3399 -1740 -1030 5806 -538 -5208 0 0 0 0 1 228 98 444 
-3411 -1801 -1256 6317 -528 -5322 0 0 0 0 1 221 88 440 
-3570 -1907 -1565 6849 -697 -5465 0 0 0 0 1 224 78 423 
-3896 -2143 -1743 7166 -876 -5605 0 0 0 0 1 250 71 426 
-4080 -2242 -1860 7523 -1374 -5851 0 0 0 0 1 238 46 423 
-4171 -2446 -2122 7767 -1791 -6102 0 0 0 0 1 239 40 429 
-4054 -2615 -2359 7896 -1744 -6222 0 0 0 0 1 233 24 421 
-3959 -2752 -2596 8156 -1316 -6283 0 0 0 0 1 228 7 426 
-3898 -2924 -2950 8403 -900 -6275 0 0 0 0 1 237 6 431 
-3843 -3100 -3182 8892 -255 -6218 0 0 0 0 1 231 -12 435 
-3908 -3247 -3281 9440 88 -6157 0 0 0 0 1 228 -26 433 
-3977 -3472 -3181 9724 -103 -6094 0 0 0 0 1 227 -25 431 
-3974 -3767 -2982 9812 -1202 -5970 0 0 0 0 1 221 -31 449 
-4043 -3995 -2956 9472 -2380 -5939 0 0 0 0 1 213 -28 450 
-4081 -4195 -3262 9164 -2715 -5904 0 0 0 0 1 212 -51 453 
-4189 -4329 -3813 8825 -2012 -5798 0 0 0 0 1 195 -51 486 
-4263 -4222 -4199 8768 53 -5649 0 0 0 0 1 188 -36 488 
-4565 -4252 -4546 8992 2157 -5436 0 0 0 0 1 186 -41 477 
-4457 -4273 -4336 9108 2454 -5183 0 0 0 0 1 192 -28 473 
-4360 -4329 -4045 8898 1043 -4745 0 0 0 0 1 194 -13 471 
-4366 -4361 -3652 8429 -545 -4526 0 0 0 0 1 185 -25 471 
-4347 -4327 -3526 7339 -2633 -4243 0 0 0 0 1 180 -18 485 
-4491 -4173 -3680 6097 -3189 -3887 0 0 0 0 1 181 -14 493 
-4652 -3994 -4007 4998 -1934 -3360 0 0 0 0 1 156 -15 501 
-4835 -3739 -4288 4465 -678 -3022 0 0 0 0 1 169 2 495 
-5168 -3573 -4454 3991 569 -2777 0 0 0 0 1 159 -8 492 
-4505 -4 -3511 62 515 272 0 0 0 0 1 173 -11 483 
-4373 82 -3341 -117 376 484 0 0 0 0 1 161 -6 492 
-4271 101 -3118 -526 216 816 0 0 0 0 1 169 -2 491 
-4273 54 -3027 -1027 122 1124 0 0 0 0 1 178 -3 483 
-4224 -9 -2920 -1384 135 1312 0 0 0 0 1 169 0 488 
-4172 -152 -2992 -1819 152 1574 0 0 0 0 1 169 4 493 
-4147 -250 -3057 -2125 97 1822 0 0 0 0 1 182 1 492 
-4054 -375 -3063 -2288 61 1989 0 0 0 0 1 167 -2 500 
-3988 -466 -3087 -2488 -87 2272 0 0 0 0 1 166 8 499 
-3852 -660 -3076 -2663 -339 2595 0 0 0 0 1 171 3 499 
-3830 -769 -3159 -2741 -534 2818 0 0 0 0 1 169 0 509 
-3846 -935 -3284 -2730 -751 3128 0 0 0 0 1 175 3 499 
-3872 -1156 -3502 -2632 -754 3321 0 0 0 0 1 174 -4 500 
-3950 -1429 -3798 -2338 -529 3565 0 0 0 0 1 174 9 521 
-4062 -1682 -3943 -1898 -13 3757 0 0 0 0 1 168 15 513 
-4333 -2124 -4170 -1583 360 3847 0 0 0 0 1 166 18 513 
-4649 -2345 -4258 -1168 995 3924 0 0 0 0 1 168 20 508 
-4828 -2948 -4265 -833 1690 4167 0 0 0 0 1 174 29 505 
-5170 -4097 -4631 -579 2009 4410 0 0 0 0 1 169 34 495 
-5619 -4694 -4660 -367 2774 4699 0 0 0 0 1 180 55 494 
-6507 -6556 -4302 -679 3330 5006 0 0 0 0 1 172 63 477 
-6921 -7449 -4049 -1307 3371 5286 0 0 0 0 1 174 83 474 
-7212 -8411 -3734 -3020 4310 5770 0 0 0 0 1 191 98 465 
-7729 -10437 -3762 -5471 6034 6090 0 0 0 0 1 199 89 452 
-8165 -11169 -3749 -7570 7376 5933 0 0 0 0 1 187 109 445 
-8799 -12289 -3896 -11119 9247 5130 0 0 0 0 1 204 118 434 
-10133 -13907 -3119 -13775 10312 4239 0 0 0 0 1 215 114 410 
-11319 -14635 -2829 -17687 10511 2802 0 0 0 0 1 233 98 388 
-11887 -16100 -2645 -20977 8664 2828 0 0 0 0 1 235 93 386 
-11636 -15470 -2768 -22801 5893 3848 0 0 0 0 1 241 82 375 
-11789 -14655 -2685 -24867 1644 6299 0 0 0 0 1 257 76 381 
-11930 -14056 -3217 -24988 -775 8485 0 0 0 0 1 230 65 389 
-11363 -13906 -3107 -23455 -2006 9266 0 0 0 0 1 211 69 438 
-10262 -14343 -2826 -18697 -2154 9285 0 0 0 0 1 206 57 464 
-6368 -13863 -1149 -12305 980 7737 0 0 0 0 1 188 51 477 
-4247 -13516 596 -8246 3008 6644 0 0 0 0 1 187 65 478 
-2477 -12706 2260 -3539 3751 5709 0 0 0 0 1 186 63 474 
-623 -11512 4702 -1512 3094 5351 0 0 0 0 1 205 76 470 
-713 -10373 5474 413 822 4425 0 0 0 0 1 197 91 459 
-1099 -9796 5213 1528 -720 2986 0 0 0 0 1 185 109 466 
-1515 -8787 4446 1877 -764 1996 0 0 0 0 1 185 111 459 
-1710 -8045 3953 2013 -453 866 0 0 0 0 1 175 123 464 
-1687 -6815 3228 2013 -308 287 0 0 0 0 1 182 131 459 
-1507 -5742 2617 2073 -291 79 0 0 0 0 1 189 128 457 
-1451 -5107 2259 2296 -362 -251 0 0 0 0 1 176 142 458 
-1454 -4281 2024 2458 -490 -547 0 0 0 0 1 180 141 450 
-1511 -3842 1880 2685 -764 -1114 0 0 0 0 1 179 137 440 
-1636 -3307 1691 2834 -907 -1743 0 0 0 0 1 192 133 441 
-1763 -2844 1594 2852 -953 -2144 0 0 0 0 1 189 133 445 
-1840 -2542 1539 2754 -1000 -2652 0 0 0 0 1 186 142 444 
-1962 -2052 1302 2580 -1073 -3064 0 0 0 0 1 197 133 448 
-1988 -1865 1112 2470 -1203 -3273 0 0 0 0 1 198 130 440 
-2020 -1684 855 2393 -1510 -3496 0 0 0 0 1 199 116 441 
-2122 -1470 467 2416 -1674 -3597 0 0 0 0 1 205 112 442 
-2204 -1365 241 2569 -1722 -3719 0 0 0 0 1 209 117 440 
-2265 -1275 -23 2859 -1552 -3789 0 0 0 0 1 217 85 449 
-2338 -1244 -214 3125 -1374 -3823 0 0 0 0 1 220 89 459 
-2321 -1231 -304 3575 -1000 -3845 0 0 0 0 1 218 84 457 
-2259 -1241 -492 4068 -482 -3874 0 0 0 0 1 221 76 442 
-2296 -1224 -600 4398 -137 -3921 0 0 0 0 1 224 66 433 
-2372 -1188 -697 4874 223 -4038 0 0 0 0 1 225 67 434 
-2389 -1198 -837 5181 310 -4114 0 0 0 0 1 240 51 433 
-2528 -1279 -931 5593 272 -4262 0 0 0 0 1 241 42 438 
-2668 -1311 -1010 5925 -38 -4437 0 0 0 0 1 239 35 427 
-2664 -1526 -1173 6185 -465 -4551 0 0 0 0 1 233 17 430 
-2614 -1660 -1275 6333 -687 -4572 0 0 0 0 1 247 14 423 
-2626 -1784 -1447 6574 -849 -4609 0 0 0 0 1 238 0 428 
-2737 -1910 -1760 6899 -814 -4711 0 0 0 0 1 237 -11 431 
-2877 -2047 -2206 7503 -535 -4941 0 0 0 0 1 233 -31 435 
-3021 -2224 -2481 7882 -373 -5067 0 0 0 0 1 233 -29 440 
-3114 -2343 -2619 8504 -264 -5235 0 0 0 0 1 230 -33 441 
-3422 -2634 -2777 9128 -428 -5432 0 0 0 0 1 227 -35 438 
-3781 -2877 -2917 9640 -789 -5630 0 0 0 0 1 212 -29 453 
-3818 -3130 -2948 9882 -876 -5699 0 0 0 0 1 205 -46 453 
-4205 -3318 -3148 10149 -593 -5811 0 0 0 0 1 209 -46 463 
-4146 -3331 -3162 10159 362 -5701 0 0 0 0 1 212 -46 451 
-4008 -3510 -3083 9944 1114 -5244 0 0 0 0 1 201 -38 476 
-3795 -3547 -3038 9665 1225 -4770 0 0 0 0 1 192 -28 471 
-3752 -3743 -2982 9069 1151 -4029 0 0 0 0 1 204 -20 466 
-4011 -3797 -3211 8593 500 -3443 0 0 0 0 1 200 -14 453 
-4060 -3884 -3385 8322 -102 -3083 0 0 0 0 1 209 -4 460 
-4326 -3861 -3445 7556 -1382 -2560 0 0 0 0 1 198 0 458 
-4297 -3743 -3176 6860 -1948 -2333 0 0 0 0 1 192 3 471 
-4118 -3627 -2916 5475 -2207 -1973 0 0 0 0 1 187 13 462 
-4157 -3346 -3017 4552 -2069 -1802 0 0 0 0 1 186 22 465 
-4185 -3060 -3196 3433 -1467 -1689 0 0 0 0 1 178 15 469 
-4313 -2713 -3399 582 -25 17 0 0 0 0 1 173 45 473 
-3890 -352 -3362 422 39 143 0 0 0 0 1 163 40 483 
-3937 -395 -3349 99 139 367 0 0 0 0 1 182 40 476 
-4023 -501 -3359 -156 258 511 0 0 0 0 1 175 35 483 
-4094 -653 -3407 -571 346 731 0 0 0 0 1 171 40 483 
-4108 -813 -3459 -1032 203 1008 0 0 0 0 1 161 42 480 
-4152 -1015 -3482 -1390 87 1215 0 0 0 0 1 162 31 486 
-4185 -1160 -3517 -1959 -22 1535 0 0 0 0 1 169 51 481 
-4305 -1284 -3510 -2499 87 1815 0 0 0 0 1 172 39 488 
-4378 -1364 -3668 -2773 213 1989 0 0 0 0 1 168 47 494 
-4504 -1560 -3862 -2993 235 2218 0 0 0 0 1 166 40 483 
-4840 -1910 -4323 -3061 36 2352 0 0 0 0 1 171 40 487 
-5102 -1891 -4685 -3176 -206 2567 0 0 0 0 1 160 39 505 
-5190 -1788 -4842 -3445 81 2882 0 0 0 0 1 172 39 502 
-5350 -1993 -5101 -3702 563 3163 0 0 0 0 1 171 38 504 
-5450 -2684 -5675 -3865 957 3906 0 0 0 0 1 169 41 502 
-5863 -3614 -6207 -3767 1132 4826 0 0 0 0 1 163 38 518 
-6574 -5094 -6615 -3845 1262 5527 0 0 0 0 1 243 61 391 
-14877 -16514 -8056 -20604 3276 9125 0 0 0 0 1 234 77 387 
-14003 -16991 -7894 -19409 4079 9089 0 0 0 0 1 226 80 395 
-12612 -16884 -4925 -18589 3779 8608 0 0 0 0 1 226 103 407 
-10425 -16920 -2274 -16969 1449 7974 0 0 0 0 1 221 107 421 
-7502 -15655 200 -15183 114 7457 0 0 0 0 1 207 98 440 
-5984 -14579 634 -11002 -253 6066 0 0 0 0 1 198 100 458 
-3051 -13013 433 -5654 1066 4522 0 0 0 0 1 189 94 473 
-989 -11155 905 -2381 2398 3645 0 0 0 0 1 184 100 470 
-13 -9524 2001 1152 3772 2802 0 0 0 0 1 189 104 452 
166 -8535 2943 2732 3503 2445 0 0 0 0 1 192 118 443 
-612 -7343 3732 2898 2462 2141 0 0 0 0 1 197 138 427 
-1251 -6684 3872 2234 978 1362 0 0 0 0 1 191 139 423 
-1803 -5572 3840 1416 294 715 0 0 0 0 1 197 141 408 
-1985 -4896 3568 156 -658 -160 0 0 0 0 1 192 141 424 
-1864 -3823 2960 -491 -1054 -555 0 0 0 0 1 195 142 416 
-1626 -3213 2621 -987 -1148 -838 0 0 0 0 1 187 133 431 
-1300 -2408 2143 -910 -1019 -938 0 0 0 0 1 186 134 447 
-1082 -1754 1867 -637 -850 -1002 0 0 0 0 1 202 130 451 
-1041 -1370 1783 -72 -462 -1185 0 0 0 0 1 199 133 434 
-1145 -823 1696 331 -213 -1377 0 0 0 0 1 204 118 455 
-1272 -549 1643 868 33 -1633 0 0 0 0 1 194 118 438 
-1338 -222 1526 1292 183 -1738 0 0 0 0 1 201 126 438 
-1415 -41 1427 1486 289 -1730 0 0 0 0 1 202 110 447 
-1507 28 1359 1680 393 -1648 0 0 0 0 1 211 111 434 
-1600 95 1200 1754 407 -1577 0 0 0 0 1 214 105 437 
-1648 114 1110 1825 371 -1473 0 0 0 0 1 217 112 435 
-1788 122 829 1857 282 -1432 0 0 0 0 1 220 101 422 
-1846 142 632 1914 142 -1419 0 0 0 0 1 220 96 420 
-1813 162 435 2017 130 -1420 0 0 0 0 1 224 103 409 
-1702 159 147 2107 219 -1420 0 0 0 0 1 232 96 410 
-1631 159 15 2242 522 -1409 0 0 0 0 1 235 103 412 
-1511 128 -47 2304 788 -1398 0 0 0 0 1 230 109 403 
-1427 98 -48 2330 1102 -1383 0 0 0 0 1 241 87 399 
-1306 85 -31 2296 1194 -1371 0 0 0 0 1 243 98 384 
-1229 45 23 2171 1207 -1353 0 0 0 0 1 240 93 374 
-1218 -39 96 2045 1157 -1372 0 0 0 0 1 247 80 370 
-1316 -85 95 1853 1015 -1476 0 0 0 0 1 245 85 367 
-1300 -55 24 1704 902 -1637 0 0 0 0 1 250 73 363 
-1352 12 -78 1648 887 -1788 0 0 0 0 1 248 55 362 
-1386 102 -36 1560 947 -2064 0 0 0 0 1 261 68 360 
-1368 223 92 1482 966 -2244 0 0 0 0 1 261 58 349 
-1345 286 98 1390 786 -2464 0 0 0 0 1 266 39 342 
-1370 287 84 1371 427 -2570 0 0 0 0 1 276 29 342 
-1429 242 6 1423 194 -2582 0 0 0 0 1 258 23 327 
-1506 244 -64 1563 47 -2576 0 0 0 0 1 271 14 339 
-1765 221 12 1660 168 -2614 0 0 0 0 1 270 -6 338 
-1837 315 69 1786 650 -2717 0 0 0 0 1 273 -2 321 
-1920 649 173 1857 1086 -2826 0 0 0 0 1 273 -36 328 
-2127 837 250 1973 1691 -3052 0 0 0 0 1 264 -36 330 
-2225 856 297 2121 2024 -3253 0 0 0 0 1 260 -47 310 
-2391 768 313 2253 1993 -3330 0 0 0 0 1 265 -65 313 
-2775 629 191 2527 1559 -3464 0 0 0 0 1 266 -71 314 
-3349 709 -67 2849 955 -3602 0 0 0 0 1 264 -95 300 
-3519 691 -257 3067 679 -3605 0 0 0 0 1 265 -116 310 
