Data Quantity : 14  Accelerometer : 3  Gyroscope : 3  FSR : 5







-1047 1680 -21 206 115 -269 0 0 0 0 1 185 96 455 
-1069 1698 -16 175 132 -238 0 0 0 0 1 188 107 453 
-1100 1716 -9 120 125 -193 0 0 0 0 1 188 115 451 
-1129 1728 -5 77 103 -169 0 0 0 0 1 197 101 438 
-1174 1763 8 1 73 -151 0 0 0 0 1 189 96 445 
-1197 1773 11 -44 62 -140 0 0 0 0 1 180 111 455 
-1220 1792 22 -111 59 -137 0 0 0 0 1 184 105 440 
-1258 1817 29 -147 55 -131 0 0 0 0 1 191 93 453 
-1280 1825 46 -178 51 -121 0 0 0 0 1 193 103 451 
-1279 1823 56 -221 48 -97 0 0 0 0 1 195 95 442 
-1263 1816 82 -244 57 -71 0 0 0 0 1 187 91 448 
-1245 1803 97 -261 69 -19 0 0 0 0 1 186 103 451 
-1198 1788 128 -266 63 34 0 0 0 0 1 191 88 447 
-1181 1764 135 -253 40 109 0 0 0 0 1 193 100 453 
-1164 1741 143 -238 28 153 0 0 0 0 1 188 83 451 
-1150 1720 165 -206 33 185 0 0 0 0 1 186 105 447 
-1152 1703 178 -183 37 189 0 0 0 0 1 192 96 452 
-1151 1678 190 -145 31 173 0 0 0 0 1 189 94 455 
-1151 1629 212 -117 23 152 0 0 0 0 1 197 96 438 
-1158 1595 218 -63 31 111 0 0 0 0 1 188 105 444 
-1178 1533 225 -20 43 77 0 0 0 0 1 188 107 449 
-1207 1486 253 55 90 21 0 0 0 0 1 186 100 458 
-1206 1416 290 110 121 -12 0 0 0 0 1 182 106 450 
-1180 1374 337 183 145 -61 0 0 0 0 1 185 99 455 
-1221 1265 518 199 150 -104 0 0 0 0 1 185 99 450 
-1236 1158 724 141 74 -211 0 0 0 0 1 189 106 452 
-1261 957 1037 71 -94 -319 0 0 0 0 1 192 89 448 
-1258 846 1076 23 -624 -534 0 0 0 0 1 195 93 442 
-1239 713 1027 57 -1031 -706 0 0 0 0 1 188 95 451 
-1200 617 955 214 -1387 -976 0 0 0 0 1 189 96 455 
-1110 430 919 381 -1324 -1144 0 0 0 0 1 185 99 450 
-967 99 1017 706 -880 -1395 0 0 0 0 1 185 91 459 
-906 -147 1195 958 -535 -1580 0 0 0 0 1 185 79 457 
-914 -303 1304 1387 -216 -1895 0 0 0 0 1 195 88 458 
-900 -463 1368 1714 -193 -2113 0 0 0 0 1 191 66 458 
-881 -529 1341 2256 -414 -2406 0 0 0 0 1 198 73 451 
-922 -641 1337 2804 -620 -2693 0 0 0 0 1 185 72 455 
-1026 -701 1362 3136 -665 -2888 0 0 0 0 1 186 76 458 
-1140 -733 1385 3542 -709 -3189 0 0 0 0 1 186 58 458 
-1319 -770 1396 3753 -773 -3388 0 0 0 0 1 188 68 463 
-1500 -836 1348 3988 -1001 -3648 0 0 0 0 1 192 62 459 
-1706 -912 1229 4146 -1296 -3847 0 0 0 0 1 187 52 448 
-1787 -925 1169 4208 -1492 -3964 0 0 0 0 1 188 49 458 
-2102 -962 1019 4254 -1797 -4122 0 0 0 0 1 178 45 469 
-2486 -1003 777 4277 -2023 -4216 0 0 0 0 1 184 41 458 
-2671 -1051 588 4293 -2279 -4271 0 0 0 0 1 178 35 459 
-2673 -1216 255 4329 -2445 -4070 0 0 0 0 1 179 34 479 
-2677 -1341 60 4385 -2535 -3796 0 0 0 0 1 178 28 476 
-2944 -1381 -103 4486 -2564 -3416 0 0 0 0 1 167 31 484 
-3341 -1284 -320 4532 -2486 -3252 0 0 0 0 1 161 25 487 
-3576 -1234 -381 4499 -2306 -3120 0 0 0 0 1 160 31 486 
-3848 -1094 -608 4320 -2171 -3020 0 0 0 0 1 155 31 500 
-3911 -1048 -700 4136 -2076 -2947 0 0 0 0 1 146 34 495 
-3977 -993 -803 3787 -1880 -2858 0 0 0 0 1 159 42 492 
-4073 -888 -988 3544 -1766 -2809 0 0 0 0 1 141 46 500 
-4070 -784 -1146 3174 -1758 -2693 0 0 0 0 1 140 45 490 
-3980 -761 -1231 2932 -1865 -2537 0 0 0 0 1 151 49 507 
-3946 -676 -1362 2573 -2039 -2197 0 0 0 0 1 140 57 508 
-3894 -650 -1477 2237 -1975 -1773 0 0 0 0 1 136 53 495 
-3915 -483 -1570 202 -634 -95 0 0 0 0 1 123 60 522 
-3018 416 -1834 169 -409 81 0 0 0 0 1 114 72 511 
-3001 470 -1724 89 -125 266 0 0 0 0 1 125 76 516 
-2996 504 -1687 -27 -5 349 0 0 0 0 1 116 57 520 
-2955 565 -1662 -118 35 381 0 0 0 0 1 116 79 515 
-2910 -186 -2159 -1928 761 912 0 0 0 0 1 127 61 535 
-3069 -283 -2306 -2070 710 901 0 0 0 0 1 119 35 518 
-3037 -401 -2311 -2282 606 908 0 0 0 0 1 121 30 524 
-3082 -605 -2367 -2464 544 973 0 0 0 0 1 120 36 523 
-3139 -852 -2519 -2552 486 1025 0 0 0 0 1 132 31 528 
-3194 -1187 -2710 -2602 271 1160 0 0 0 0 1 133 28 529 
-3418 -1466 -3023 -2433 112 1179 0 0 0 0 1 120 7 533 
-3840 -1908 -3399 -2112 132 1107 0 0 0 0 1 127 19 528 
-3947 -2042 -3476 -1848 371 1037 0 0 0 0 1 132 7 526 
-4112 -2512 -3723 -1427 1034 943 0 0 0 0 1 125 7 533 
-4438 -3015 -3969 -1116 1563 827 0 0 0 0 1 136 4 526 
-5741 -4749 -4839 -608 2439 478 0 0 0 0 1 146 7 523 
-6227 -5187 -5124 -304 2994 72 0 0 0 0 1 153 4 519 
-7720 -6776 -5799 -407 3884 -399 0 0 0 0 1 155 7 505 
-8118 -8875 -6354 -2373 6400 168 0 0 0 0 1 159 -1 497 
-8602 -10235 -6484 -5364 9404 899 0 0 0 0 1 191 0 474 
-10063 -12535 -5186 -11887 11776 1525 0 0 0 0 1 205 -14 444 
-11034 -14875 -3462 -16496 10372 1901 0 0 0 0 1 224 -29 391 
-11462 -15025 -3464 -21885 6571 3694 0 0 0 0 1 240 -36 309 
-12946 -14627 -5716 -23975 4452 5553 0 0 0 0 1 237 -28 271 
-15041 -13722 -7730 -25036 3278 7947 0 0 0 0 1 243 -2 256 
-18356 -13844 -10406 -24138 4461 9384 0 0 0 0 1 234 40 247 
-20828 -15082 -11453 -22944 5105 9861 0 0 0 0 1 231 71 242 
-20513 -14661 -10284 -21145 4426 10683 0 0 0 0 1 219 107 251 
-19664 -14715 -8795 -19206 2437 11990 0 0 0 0 1 188 186 318 
-16956 -14623 -6532 -17521 1055 12983 0 0 0 0 1 151 201 346 
-14635 -14793 -5302 -14143 -324 13754 0 0 0 0 1 126 222 380 
-11465 -15414 -2790 -11546 -455 13369 0 0 0 0 1 77 233 421 
-7988 -15085 -1151 -7369 -38 11667 0 0 0 0 1 56 235 442 
-5053 -14123 -485 -4587 601 10105 0 0 0 0 1 34 241 462 
-4223 -13642 -210 -1079 1715 7655 0 0 0 0 1 12 229 473 
-3201 -12326 944 969 2350 5263 0 0 0 0 1 8 244 478 
-2550 -10795 2328 1501 2356 3882 0 0 0 0 1 -2 252 467 
-2273 -9669 2950 1442 1637 2238 0 0 0 0 1 -4 255 463 
-1845 -7660 3435 857 556 1116 0 0 0 0 1 7 264 463 
-1722 -7276 3495 403 20 604 0 0 0 0 1 -11 252 453 
-1433 -6190 3438 -74 -537 16 0 0 0 0 1 -12 263 457 
-1286 -5223 3257 -188 -786 -376 0 0 0 0 1 -20 253 466 
-1291 -4615 3174 -101 -921 -1089 0 0 0 0 1 -16 260 470 
-1316 -3736 3089 186 -824 -1887 0 0 0 0 1 0 242 463 
-1364 -2964 3105 427 -723 -2410 0 0 0 0 1 -1 248 464 
-1443 -2453 3096 806 -765 -3105 0 0 0 0 1 10 251 464 
-1663 -1814 2991 1060 -940 -3474 0 0 0 0 1 15 253 462 
-1952 -1462 2842 1456 -1274 -3876 0 0 0 0 1 30 260 467 
-2337 -1036 2553 1738 -1443 -4028 0 0 0 0 1 21 250 458 
-2650 -839 2365 2182 -1498 -4150 0 0 0 0 1 33 252 451 
-3184 -530 2074 2478 -1428 -4218 0 0 0 0 1 49 242 447 
-3354 -271 1906 2870 -1275 -4254 0 0 0 0 1 60 246 429 
-3566 -164 1826 3075 -1252 -4277 0 0 0 0 1 74 244 427 
-3717 -88 1793 3278 -1434 -4351 0 0 0 0 1 95 241 410 
-3777 -35 1710 3384 -1971 -4452 0 0 0 0 1 86 244 422 
-3842 -62 1569 3426 -2372 -4525 0 0 0 0 1 109 234 413 
-3847 -171 1283 3480 -2792 -4595 0 0 0 0 1 117 237 405 
-3770 -302 962 3530 -2894 -4617 0 0 0 0 1 126 226 401 
-3833 -423 733 3646 -2862 -4671 0 0 0 0 1 127 225 386 
-3856 -516 474 3748 -2819 -4714 0 0 0 0 1 134 218 395 
-3880 -557 260 3968 -3024 -4787 0 0 0 0 1 151 206 388 
-3961 -625 5 4167 -3337 -4883 0 0 0 0 1 162 203 386 
-4066 -798 -393 4493 -3866 -5094 0 0 0 0 1 178 185 382 
-4197 -1168 -915 4756 -4211 -5267 0 0 0 0 1 180 185 382 
-4358 -1412 -1240 5180 -4578 -5579 0 0 0 0 1 191 169 388 
-4715 -1699 -1706 5542 -4423 -5960 0 0 0 0 1 200 164 381 
-4763 -2020 -1991 5762 -4088 -6160 0 0 0 0 1 209 149 391 
-4630 -2123 -2108 6018 -3362 -6281 0 0 0 0 1 214 127 386 
-4725 -2150 -2346 6209 -2793 -6390 0 0 0 0 1 231 107 393 
-4820 -2227 -2687 6382 -2954 -6444 0 0 0 0 1 225 84 387 
-4748 -2358 -2891 6622 -3766 -6378 0 0 0 0 1 224 73 395 
-4536 -2881 -2943 6706 -4314 -6251 0 0 0 0 1 227 55 406 
-4440 -3197 -2847 6685 -4472 -6003 0 0 0 0 1 237 42 420 
-4585 -3487 -2927 6628 -4114 -5807 0 0 0 0 1 220 40 420 
-4786 -3423 -3061 6501 -2983 -5538 0 0 0 0 1 224 24 426 
-5160 -3362 -3204 6431 -1874 -5467 0 0 0 0 1 214 2 440 
-5224 -3315 -3221 6432 -1588 -5505 0 0 0 0 1 206 3 450 
-5401 -3194 -3256 6448 -1860 -5651 0 0 0 0 1 194 -13 452 
-5488 -3039 -3324 6384 -2355 -5794 0 0 0 0 1 186 -9 467 
-5415 -3047 -3310 6298 -2503 -5802 0 0 0 0 1 191 -2 470 
-5438 -2971 -3406 6141 -2603 -5694 0 0 0 0 1 173 -20 469 
-5456 -2775 -3659 5971 -2522 -5478 0 0 0 0 1 171 -11 487 
-5667 -2595 -3831 5898 -2149 -5357 0 0 0 0 1 159 -18 494 
-5775 -2377 -3967 5848 -1263 -5131 0 0 0 0 1 152 -11 492 
-5660 -2090 -3871 5759 -499 -4800 0 0 0 0 1 149 -8 492 
-5672 -1791 -3659 5499 -680 -4429 0 0 0 0 1 146 -12 500 
-5542 -1516 -3268 5148 -1144 -4151 0 0 0 0 1 152 -11 501 
-5534 -1298 -3219 4295 -1899 -3640 0 0 0 0 1 135 -6 499 
-5411 -781 -3572 3568 -1257 -3041 0 0 0 0 1 132 -4 512 
-5258 -454 -3502 3280 -410 -2691 0 0 0 0 1 129 12 509 
-4978 -178 -3250 3081 -164 -2444 0 0 0 0 1 135 13 515 
-4756 -17 -3028 2683 -352 -2041 0 0 0 0 1 128 23 513 
-4512 145 -2663 2129 -938 -1603 0 0 0 0 1 128 11 508 
-4267 338 -2487 1729 -1237 -1298 0 0 0 0 1 135 25 506 
-4147 435 -2407 1205 -1370 -788 0 0 0 0 1 132 31 514 
-3850 453 -2261 829 -1001 -326 0 0 0 0 1 130 30 511 
-3937 1078 -2311 693 -684 -183 0 0 0 0 1 127 44 514 
-3199 298 -1597 -1016 335 1406 0 0 0 0 1 125 39 512 
-3386 -993 -2879 -2066 1045 2101 0 0 0 0 1 136 19 514 
-3265 -1268 -3113 -1940 1305 2224 0 0 0 0 1 136 24 509 
-3171 -1513 -3434 -1767 1427 2259 0 0 0 0 1 145 18 508 
-3255 -1750 -3685 -1359 1364 2208 0 0 0 0 1 151 24 507 
-3276 -2003 -4026 -1014 1331 2115 0 0 0 0 1 149 28 508 
-3327 -2210 -4255 -436 1414 1890 0 0 0 0 1 152 18 499 
-11232 -17087 531 -20995 8344 -4515 0 0 0 0 1 246 -15 371 
-9699 -18532 -594 -24650 6017 -1797 0 0 0 0 1 245 -39 332 
-9766 -18609 -1683 -27109 968 5391 0 0 0 0 1 243 -26 256 
-14822 -17325 -4093 -27228 -886 9651 0 0 0 0 1 251 11 252 
-19278 -17475 -5466 -26665 2095 11892 0 0 0 0 1 231 51 249 
-21671 -17797 -6763 -25533 4316 12218 0 0 0 0 1 224 115 270 
-18197 -18156 -6202 -24191 3742 13390 0 0 0 0 1 207 147 288 
-16611 -17432 -5435 -21362 2123 14705 0 0 0 0 1 171 190 308 
-16163 -17747 -3705 -18884 1486 14090 0 0 0 0 1 148 218 374 
-13216 -18002 -2716 -13892 1000 12249 0 0 0 0 1 128 209 406 
-7929 -16874 -915 -10172 824 10870 0 0 0 0 1 97 209 445 
-5354 -15804 59 -4921 436 8785 0 0 0 0 1 68 208 467 
-2256 -13946 1850 -2120 304 7535 0 0 0 0 1 41 217 478 
-2005 -13503 2126 687 815 5606 0 0 0 0 1 36 222 485 
-1608 -12774 3283 1978 1684 3593 0 0 0 0 1 24 239 478 
-1634 -12370 3765 2030 1665 2186 0 0 0 0 1 15 239 469 
-1742 -11000 4696 1466 245 221 0 0 0 0 1 22 244 471 
-1656 -10189 4804 986 -857 -829 0 0 0 0 1 23 247 463 
-1459 -9087 4243 537 -1848 -2020 0 0 0 0 1 28 242 470 
-1730 -7784 3535 500 -2176 -2723 0 0 0 0 1 38 241 473 
-2112 -6840 2944 922 -2566 -3754 0 0 0 0 1 31 234 469 
-2913 -5509 2117 1449 -2678 -4474 0 0 0 0 1 56 237 470 
-3784 -4442 1572 2371 -2441 -5585 0 0 0 0 1 57 229 462 
-4482 -3710 1168 3203 -2023 -6519 0 0 0 0 1 58 237 458 
-4679 -3340 1022 3626 -1806 -6912 0 0 0 0 1 80 223 449 
-4787 -3034 913 4063 -1728 -7125 0 0 0 0 1 86 239 455 
-4902 -2500 690 4270 -1797 -7097 0 0 0 0 1 119 217 434 
-4926 -2182 393 4599 -1946 -6924 0 0 0 0 1 140 217 417 
-5125 -1861 -129 5032 -2299 -6817 0 0 0 0 1 152 202 422 
-5690 -1580 -649 5326 -2816 -6869 0 0 0 0 1 167 193 409 
-5949 -1552 -997 5663 -3320 -7008 0 0 0 0 1 165 176 405 
-6304 -1584 -1866 5857 -2605 -7079 0 0 0 0 1 181 166 400 
-6354 -1408 -2333 5927 -1819 -7069 0 0 0 0 1 188 161 407 
-6157 -1240 -2565 5949 -1288 -6947 0 0 0 0 1 220 126 399 
-6323 -881 -2882 5943 -1836 -6947 0 0 0 0 1 224 117 381 
-6861 -844 -3173 5873 -3274 -7146 0 0 0 0 1 231 78 381 
-7060 -995 -3237 5693 -4109 -7323 0 0 0 0 1 224 71 398 
-7320 -1223 -3359 5559 -4187 -7324 0 0 0 0 1 243 44 400 
-7001 -1398 -3274 5313 -3396 -6964 0 0 0 0 1 222 28 415 
-6077 -1281 -3365 5261 -2390 -6450 0 0 0 0 1 224 14 423 
-5788 -1063 -3617 5433 -2080 -6284 0 0 0 0 1 228 -14 437 
-5656 -871 -3883 5914 -2023 -6393 0 0 0 0 1 219 -31 437 
-5544 -502 -4487 6295 -2083 -6592 0 0 0 0 1 209 -26 442 
-5601 -574 -4502 6709 -1750 -6760 0 0 0 0 1 206 -45 457 
-5723 -527 -4464 6810 -1184 -6561 0 0 0 0 1 195 -51 463 
-5214 -699 -3997 6662 -757 -6114 0 0 0 0 1 189 -55 459 
-5315 -784 -3677 6258 -436 -5441 0 0 0 0 1 175 -67 483 
-5191 -651 -3291 5762 -564 -4903 0 0 0 0 1 172 -66 486 
-4921 -637 -3055 5414 -708 -4556 0 0 0 0 1 166 -65 499 
-4743 -589 -2915 4976 -1006 -4132 0 0 0 0 1 155 -58 498 
-4459 -489 -2808 4781 -1127 -3939 0 0 0 0 1 152 -62 497 
-4415 -450 -2822 4686 -988 -3839 0 0 0 0 1 151 -56 491 
-4449 -298 -2879 4784 -450 -3859 0 0 0 0 1 142 -60 506 
-3272 32 -1991 -1769 779 709 0 0 0 0 1 154 35 513 
-4805 -3374 -5806 837 2287 1303 0 0 0 0 1 151 31 500 
-5269 -4322 -5965 1678 2463 1108 0 0 0 0 1 163 30 494 
-5991 -5231 -6030 2705 2863 636 0 0 0 0 1 167 34 488 
-6900 -6788 -5836 2739 4420 56 0 0 0 0 1 173 45 466 
-7568 -8439 -5431 1673 5797 -298 0 0 0 0 1 192 52 452 
-8001 -9632 -5443 -1690 7728 -932 0 0 0 0 1 206 50 431 
-8042 -12492 -4521 -5256 8246 -1333 0 0 0 0 1 225 40 408 
-9103 -14134 -2079 -12282 6683 -2068 0 0 0 0 1 227 11 378 
-9550 -14881 -1093 -19301 4538 -1585 0 0 0 0 1 238 -12 356 
-10152 -15520 -1735 -22954 3561 16 0 0 0 0 1 237 -30 341 
-10980 -15960 -2973 -26306 1897 4161 0 0 0 0 1 237 -35 324 
-13150 -16112 -5145 -27314 261 8974 0 0 0 0 1 246 -8 280 
-17055 -15476 -7972 -26949 280 11209 0 0 0 0 1 232 45 275 
-19282 -15543 -9976 -25038 2171 12770 0 0 0 0 1 227 79 292 
-20536 -16422 -11776 -22954 3756 13047 0 0 0 0 1 218 126 303 
-18550 -17379 -10723 -19771 4806 13497 0 0 0 0 1 194 153 334 
-15398 -17016 -7754 -17600 3746 14078 0 0 0 0 1 181 181 353 
-13728 -16772 -5003 -16533 2205 13921 0 0 0 0 1 145 192 378 
-11873 -16380 -3569 -13564 -1079 12465 0 0 0 0 1 93 195 457 
-8486 -15305 -3565 -10303 -2156 10941 0 0 0 0 1 66 203 488 
-4844 -15241 -2722 -5088 -776 8825 0 0 0 0 1 38 207 497 
-3649 -15084 -1917 -983 1397 6965 0 0 0 0 1 31 199 506 
-2882 -13818 26 724 2902 5626 0 0 0 0 1 24 212 504 
-2856 -11914 2554 1587 3543 3397 0 0 0 0 1 30 201 498 
-2678 -10077 4117 1297 2370 1968 0 0 0 0 1 28 218 491 
-2251 -8971 4432 277 241 360 0 0 0 0 1 34 224 490 
-1898 -7917 4243 -586 -1046 -549 0 0 0 0 1 31 222 501 
-1596 -6380 3458 -766 -1410 -943 0 0 0 0 1 34 214 499 
-1522 -5440 3005 -428 -1362 -1497 0 0 0 0 1 33 218 502 
-1552 -4125 2619 373 -1107 -2155 0 0 0 0 1 27 209 499 
-1767 -3012 2458 981 -1052 -2618 0 0 0 0 1 46 214 506 
-1832 -2453 2412 1809 -1011 -3200 0 0 0 0 1 44 210 507 
-1938 -1792 2328 2249 -946 -3483 0 0 0 0 1 42 213 502 
-2017 -1416 2213 2759 -863 -3739 0 0 0 0 1 63 213 493 
-2302 -879 1786 3038 -848 -3835 0 0 0 0 1 68 225 486 
-2316 -767 1702 3400 -744 -3904 0 0 0 0 1 70 213 477 
-2526 -522 1329 3732 -709 -3968 0 0 0 0 1 82 218 470 
-2586 -477 1229 3928 -818 -4042 0 0 0 0 1 90 226 452 
-2652 -270 1049 4124 -1161 -4169 0 0 0 0 1 101 225 453 
-2745 -152 921 4174 -1549 -4290 0 0 0 0 1 109 229 443 
-2809 -106 784 4176 -2223 -4508 0 0 0 0 1 114 224 434 
-2992 -101 574 4141 -2555 -4654 0 0 0 0 1 130 214 422 
-2999 -233 476 4048 -2660 -4732 0 0 0 0 1 133 212 420 
-3036 -353 403 4000 -2563 -4713 0 0 0 0 1 156 204 410 
-3262 -326 129 4013 -2517 -4665 0 0 0 0 1 156 195 410 
-3383 -199 -198 4097 -2552 -4653 0 0 0 0 1 169 193 407 
-3412 -91 -371 4284 -2603 -4668 0 0 0 0 1 169 196 416 
-3444 76 -646 4418 -2669 -4691 0 0 0 0 1 173 172 401 
-3476 93 -813 4606 -2869 -4740 0 0 0 0 1 185 170 399 
-3654 -55 -1011 4738 -3065 -4800 0 0 0 0 1 197 160 399 
-3652 -273 -1004 4770 -3067 -4803 0 0 0 0 1 201 131 394 
-3550 -493 -960 4726 -2878 -4702 0 0 0 0 1 200 134 400 
-3486 -624 -1025 4658 -2835 -4618 0 0 0 0 1 219 127 400 
-3488 -601 -1067 4519 -3026 -4577 0 0 0 0 1 211 118 403 
-3860 -588 -1468 4501 -3353 -4753 0 0 0 0 1 215 109 413 
-4088 -592 -1782 4646 -3501 -4970 0 0 0 0 1 205 95 412 
-4046 -691 -1992 5062 -3562 -5166 0 0 0 0 1 209 88 409 
-3898 -933 -2193 5405 -3443 -5181 0 0 0 0 1 225 52 438 
-3781 -1084 -2225 5884 -2979 -5073 0 0 0 0 1 224 51 440 
-3648 -1326 -2165 6157 -2673 -4960 0 0 0 0 1 208 47 429 
-3761 -1464 -2103 6354 -2461 -4871 0 0 0 0 1 202 46 435 
-4123 -1548 -1934 6197 -2441 -4943 0 0 0 0 1 206 33 438 
-4479 -1498 -2056 6011 -2527 -5092 0 0 0 0 1 207 26 460 
-4788 -1397 -2290 5882 -2642 -5358 0 0 0 0 1 193 26 458 
-4927 -1283 -2626 5924 -2564 -5435 0 0 0 0 1 188 14 467 
-4970 -1214 -2794 6225 -2353 -5334 0 0 0 0 1 192 13 471 
-4776 -1151 -2795 6611 -2092 -4933 0 0 0 0 1 178 6 476 
-4631 -1072 -2619 6721 -1949 -4607 0 0 0 0 1 173 18 476 
-4686 -979 -2514 6519 -1895 -4197 0 0 0 0 1 171 13 480 
-4698 -1010 -2452 6188 -1891 -3971 0 0 0 0 1 168 20 483 
-4910 -874 -2662 5657 -1701 -3829 0 0 0 0 1 174 26 479 
-4806 -789 -2878 5336 -1184 -3674 0 0 0 0 1 162 31 495 
-4666 -604 -3020 5294 -653 -3467 0 0 0 0 1 154 40 490 
-4506 -485 -2866 5270 -806 -3281 0 0 0 0 1 165 31 484 
-4401 -415 -2692 4969 -1771 -2997 0 0 0 0 1 156 38 485 
-4482 -216 -2589 4327 -2670 -2791 0 0 0 0 1 151 44 495 
-4349 -116 -2554 3791 -2857 -2617 0 0 0 0 1 148 46 486 
-4281 -77 -2621 3086 -2398 -2253 0 0 0 0 1 141 58 502 
-3255 485 -2046 388 -268 -58 0 0 0 0 1 130 69 497 
-3122 518 -1841 159 88 43 0 0 0 0 1 127 71 500 
-3017 560 -1782 -52 176 137 0 0 0 0 1 132 80 502 
-2974 552 -1775 -155 198 215 0 0 0 0 1 130 72 490 
-2898 475 -1773 -263 290 341 0 0 0 0 1 140 79 506 
-2909 392 -1765 -325 365 412 0 0 0 0 1 120 76 507 
-3034 208 -1766 -458 451 466 0 0 0 0 1 135 72 513 
-3082 173 -1789 -584 478 468 0 0 0 0 1 128 74 511 
-3581 -1176 -3427 -1575 1715 92 0 0 0 0 1 149 45 506 
-7316 -11981 -2861 -343 6470 -88 0 0 0 0 1 222 65 408 
-8188 -14647 -1224 -8894 5643 -596 0 0 0 0 1 231 46 391 
-10243 -16773 594 -14187 5455 -1472 0 0 0 0 1 181 166 342 
-9641 -17137 -3548 -18481 502 11815 0 0 0 0 1 156 180 385 
-7028 -15860 -2334 -11221 1153 9148 0 0 0 0 1 152 185 422 
-3543 -14666 586 -6973 1537 7372 0 0 0 0 1 119 182 448 
-1879 -13998 2393 -2521 1286 5873 0 0 0 0 1 120 196 447 
-1223 -13082 3385 75 555 4898 0 0 0 0 1 97 209 455 
-1419 -11748 4042 1117 157 4053 0 0 0 0 1 83 214 452 
-1689 -10601 3904 2074 -394 2544 0 0 0 0 1 87 215 453 
-2044 -9034 3419 2425 -624 1571 0 0 0 0 1 81 231 448 
-2317 -8148 3025 2667 -749 412 0 0 0 0 1 87 220 440 
-2369 -7234 2645 2619 -648 -243 0 0 0 0 1 82 240 447 
-2210 -6393 2548 2471 -722 -477 0 0 0 0 1 77 247 428 
-2161 -5846 2464 2222 -1158 -823 0 0 0 0 1 87 247 421 
-2253 -5019 2388 2079 -1390 -1190 0 0 0 0 1 80 247 412 
-2297 -4532 2385 1905 -1564 -1939 0 0 0 0 1 86 248 420 
-2447 -3895 2481 1820 -1808 -2526 0 0 0 0 1 94 237 416 
-2655 -3542 2471 1791 -2483 -3503 0 0 0 0 1 96 245 407 
-2926 -2967 2094 1972 -3199 -4430 0 0 0 0 1 112 236 413 
-3301 -2437 1422 2233 -3510 -4964 0 0 0 0 1 113 230 414 
-3483 -2164 901 2849 -3434 -5546 0 0 0 0 1 117 223 421 
-3667 -1817 160 3413 -3001 -5783 0 0 0 0 1 140 209 413 
-3778 -1555 -251 4413 -2114 -6010 0 0 0 0 1 154 204 394 
-4041 -1204 -823 5145 -1674 -6124 0 0 0 0 1 174 188 388 
-4194 -987 -1137 6198 -1281 -6246 0 0 0 0 1 180 182 380 
-4261 -965 -1272 6977 -1365 -6373 0 0 0 0 1 200 176 365 
-4561 -885 -1562 7180 -1694 -6523 0 0 0 0 1 208 163 357 
-4678 -950 -1594 6883 -2340 -6720 0 0 0 0 1 220 141 364 
-4921 -1306 -1599 6351 -2810 -6739 0 0 0 0 1 222 126 359 
-5510 -1538 -1915 5395 -3504 -6619 0 0 0 0 1 240 83 356 
-5649 -1564 -2208 4659 -4036 -6300 0 0 0 0 1 246 62 369 
-5443 -1421 -3074 4538 -3955 -5932 0 0 0 0 1 244 47 385 
-5610 -1175 -3617 4898 -3524 -5890 0 0 0 0 1 244 33 387 
-5734 -932 -4093 5922 -2538 -6079 0 0 0 0 1 235 12 402 
-5556 -757 -4355 6995 -1475 -6236 0 0 0 0 1 237 11 406 
-5597 -837 -4179 7509 -923 -6270 0 0 0 0 1 230 -8 413 
-5554 -880 -3909 7751 -550 -6073 0 0 0 0 1 219 -34 407 
-5116 -1049 -3327 7512 -407 -5703 0 0 0 0 1 228 -36 416 
-4661 -1212 -2938 6709 -231 -4894 0 0 0 0 1 225 -42 424 
-4279 -1300 -2728 5855 -325 -4207 0 0 0 0 1 221 -46 426 
-3957 -1271 -2848 5476 -454 -3933 0 0 0 0 1 219 -56 444 
-3863 -1206 -3041 5349 -846 -3841 0 0 0 0 1 191 -63 440 
-4020 -790 -3433 5614 -1641 -4124 0 0 0 0 1 188 -61 449 
-3991 -530 -3574 5869 -1948 -4366 0 0 0 0 1 193 -68 470 
-4115 -390 -3711 6286 -1805 -4629 0 0 0 0 1 171 -67 471 
-4109 -350 -3553 6510 -822 -4565 0 0 0 0 1 178 -74 487 
-3981 -439 -3358 6481 174 -4247 0 0 0 0 1 163 -55 480 
-3832 -454 -3223 6235 1308 -3438 0 0 0 0 1 165 -66 488 
-3547 -379 -2960 5963 1647 -2819 0 0 0 0 1 165 -56 491 
-3317 -347 -2826 5543 1528 -1963 0 0 0 0 1 160 -39 488 
-3264 -288 -2811 5212 791 -1365 0 0 0 0 1 171 -33 480 
-3280 -312 -2753 5011 62 -1157 0 0 0 0 1 172 -24 474 
-3437 -300 -2773 859 -1259 66 0 0 0 0 1 162 9 493 
-3253 326 -2284 651 -1218 125 0 0 0 0 1 155 22 493 
-3312 365 -2334 424 -858 113 0 0 0 0 1 151 19 495 
-3393 381 -2365 317 -545 75 0 0 0 0 1 148 22 505 
-3394 352 -2369 196 -213 54 0 0 0 0 1 146 31 495 
-3315 293 -2318 109 -100 103 0 0 0 0 1 140 23 499 
-3229 256 -2263 -51 -39 274 0 0 0 0 1 149 25 497 
-3186 180 -2214 -178 -70 437 0 0 0 0 1 155 26 491 
-3144 45 -2255 -365 -174 739 0 0 0 0 1 152 18 494 
-3202 -9 -2250 -508 -173 930 0 0 0 0 1 151 31 502 
-3342 -119 -2234 -759 -58 1141 0 0 0 0 1 134 24 491 
-3461 -185 -2256 -1003 120 1250 0 0 0 0 1 149 20 501 
-3519 -267 -2295 -1149 296 1288 0 0 0 0 1 160 34 498 
-3486 -366 -2384 -1275 552 1352 0 0 0 0 1 159 30 506 
-3433 -550 -2529 -1278 751 1437 0 0 0 0 1 151 29 500 
-3391 -648 -2633 -1213 862 1484 0 0 0 0 1 160 31 507 
-3930 -2840 -4073 55 1773 1502 0 0 0 0 1 181 49 481 
-4339 -3532 -4541 448 1663 1637 0 0 0 0 1 185 62 466 
-4760 -5168 -5056 647 1606 1807 0 0 0 0 1 198 51 467 
-4944 -6647 -5332 500 2422 2247 0 0 0 0 1 189 77 450 
-5903 -9041 -5712 -1161 3295 2599 0 0 0 0 1 193 78 453 
-8185 -12223 -4649 -6172 5056 2135 0 0 0 0 1 212 76 435 
-11675 -13145 -4226 -11229 7151 830 0 0 0 0 1 212 71 416 
-12044 -14312 -4136 -18427 8739 -673 0 0 0 0 1 232 52 399 
-10775 -17612 -4740 -22597 8873 821 0 0 0 0 1 228 26 374 
-11264 -18262 -5198 -24025 7952 3149 0 0 0 0 1 257 17 314 
-12748 -18465 -5680 -25157 4972 6794 0 0 0 0 1 245 26 298 
-15580 -19017 -7611 -25078 4275 8902 0 0 0 0 1 244 47 285 
-17973 -20464 -9521 -24360 5818 8903 0 0 0 0 1 228 98 281 
-17558 -21547 -7722 -23089 8838 7796 0 0 0 0 1 220 116 278 
-15645 -20992 -4162 -22407 7126 6904 0 0 0 0 1 217 134 286 
-11826 -17923 -892 -21506 2825 7073 0 0 0 0 1 188 139 351 
-9634 -16221 -991 -18130 -2659 8134 0 0 0 0 1 178 158 394 
-7326 -14612 -1272 -14580 -3298 8334 0 0 0 0 1 163 160 427 
-5068 -13669 -1469 -8119 -2665 7865 0 0 0 0 1 148 149 442 
-4282 -13330 -682 -2326 80 6773 0 0 0 0 1 130 163 462 
-3549 -12416 1265 305 2035 5966 0 0 0 0 1 115 171 463 
-3481 -11290 2532 2288 3366 4684 0 0 0 0 1 117 191 465 
-3536 -9762 4164 2555 3178 3785 0 0 0 0 1 108 198 447 
-3307 -8684 4775 2023 1797 2511 0 0 0 0 1 116 214 445 
-2859 -7355 4654 1474 547 1824 0 0 0 0 1 115 220 440 
-2319 -6643 4375 726 -789 1143 0 0 0 0 1 99 213 421 
-1880 -5587 3721 347 -1405 594 0 0 0 0 1 100 226 431 
-1763 -4976 3287 348 -1503 178 0 0 0 0 1 113 225 428 
-1573 -4235 2813 618 -1321 -547 0 0 0 0 1 103 223 433 
-1493 -3482 2632 904 -1124 -1069 0 0 0 0 1 101 223 440 
-1458 -3149 2534 1401 -862 -1814 0 0 0 0 1 97 224 431 
-1514 -2688 2368 1745 -737 -2273 0 0 0 0 1 109 226 429 
-1620 -2397 2303 2218 -779 -2908 0 0 0 0 1 119 226 429 
-1971 -1883 1991 2651 -1182 -3426 0 0 0 0 1 121 217 427 
-2168 -1730 1791 2930 -1482 -3698 0 0 0 0 1 130 214 415 
-2430 -1634 1578 3357 -1848 -4031 0 0 0 0 1 145 214 413 
-2815 -1511 1138 3843 -2000 -4277 0 0 0 0 1 146 213 421 
-3191 -1512 798 4197 -1886 -4388 0 0 0 0 1 155 201 400 
-3466 -1508 627 4734 -1489 -4521 0 0 0 0 1 165 196 398 
-3674 -1570 349 5263 -1182 -4538 0 0 0 0 1 180 192 389 
-3723 -1618 186 5616 -1218 -4477 0 0 0 0 1 181 191 374 
-3666 -1702 59 6092 -1521 -4307 0 0 0 0 1 193 169 363 
-3523 -1905 -115 6346 -1852 -4177 0 0 0 0 1 207 166 356 
-3504 -2018 -279 6631 -2477 -4101 0 0 0 0 1 207 157 351 
-3575 -2195 -590 6845 -3058 -4203 0 0 0 0 1 228 147 342 
-3587 -2480 -864 7054 -3271 -4359 0 0 0 0 1 221 127 332 
-3744 -2868 -1192 7222 -3233 -4473 0 0 0 0 1 232 114 343 
-3823 -3142 -1428 7548 -3139 -4613 0 0 0 0 1 234 106 348 
-3888 -3534 -1834 7808 -3168 -4696 0 0 0 0 1 234 99 331 
-4129 -3752 -2344 8228 -3348 -4917 0 0 0 0 1 251 79 336 
-4287 -3924 -2659 8595 -3581 -5220 0 0 0 0 1 258 47 357 
-4371 -4290 -3081 8822 -3707 -5387 0 0 0 0 1 251 28 371 
-4446 -4579 -3231 9138 -3543 -5587 0 0 0 0 1 253 15 366 
-4723 -5025 -3346 9427 -2939 -5786 0 0 0 0 1 251 3 382 
-4928 -5265 -3497 9602 -2416 -5873 0 0 0 0 1 244 6 382 
-4783 -5315 -3554 9734 -1725 -5795 0 0 0 0 1 245 -14 384 
-4622 -5344 -3589 9704 -1442 -5468 0 0 0 0 1 239 -30 410 
-4606 -5337 -3835 9705 -1387 -5188 0 0 0 0 1 234 -28 417 
-4549 -5207 -4165 9860 -1205 -4752 0 0 0 0 1 219 -49 419 
-4645 -5127 -4343 10221 -663 -4416 0 0 0 0 1 217 -44 437 
-4654 -4839 -4555 10538 -184 -4237 0 0 0 0 1 219 -39 440 
-4483 -4693 -4234 11063 723 -3797 0 0 0 0 1 217 -22 442 
-4283 -4616 -3739 10950 391 -3324 0 0 0 0 1 201 -15 441 
-3985 -4565 -3040 10545 21 -2996 0 0 0 0 1 212 -12 435 
-4012 -4623 -2794 9692 -679 -2617 0 0 0 0 1 206 1 443 
-3194 -2764 -3462 3558 -305 -416 0 0 0 0 1 204 45 410 
-2995 -2443 -3472 3108 -174 -25 0 0 0 0 1 202 49 398 
-3011 -2176 -3571 2553 -82 323 0 0 0 0 1 195 56 405 
-2576 -1274 -3144 -1069 99 542 0 0 0 0 1 193 78 407 
-2730 -1311 -3073 -1366 143 449 0 0 0 0 1 200 83 398 
-2810 -1408 -3054 -1786 276 391 0 0 0 0 1 187 82 408 
-2816 -1522 -3035 -2033 348 432 0 0 0 0 1 207 73 407 
-2716 -1700 -3016 -2355 472 608 0 0 0 0 1 187 84 417 
-2658 -1851 -2968 -2633 532 864 0 0 0 0 1 187 84 417 
-2646 -1952 -2944 -2810 461 1003 0 0 0 0 1 188 80 419 
-2739 -2078 -2901 -3478 241 2011 0 0 0 0 1 189 72 445 
-3222 -5226 -3727 -3765 206 2098 0 0 0 0 1 189 55 452 
-3233 -6468 -4260 -3838 536 2360 0 0 0 0 1 195 51 463 
-3569 -7322 -4606 -3715 962 2521 0 0 0 0 1 186 58 460 
-4503 -8823 -4915 -3381 1514 2542 0 0 0 0 1 182 55 457 
-5580 -10645 -4749 -3445 2158 2439 0 0 0 0 1 193 63 463 
-6448 -11978 -4684 -4608 3611 2195 0 0 0 0 1 198 56 463 
-8586 -15097 -2971 -8759 6263 1792 0 0 0 0 1 206 55 448 
-9506 -15167 -2002 -13391 8002 1035 0 0 0 0 1 232 25 403 
-9996 -15938 -1313 -20589 8330 43 0 0 0 0 1 241 18 382 
-10497 -18878 -2991 -25019 6221 1422 0 0 0 0 1 241 -8 352 
-11105 -20069 -4530 -26314 4187 3921 0 0 0 0 1 250 -14 330 
-13130 -19987 -6039 -26826 871 7713 0 0 0 0 1 255 -6 308 
-16994 -19287 -7590 -26755 609 9261 0 0 0 0 1 245 19 307 
-18268 -18949 -8076 -25870 2894 10089 0 0 0 0 1 253 45 303 
-15152 -18418 -7968 -23175 2544 10507 0 0 0 0 1 227 96 322 
-12597 -18693 -6341 -20690 1907 11025 0 0 0 0 1 213 116 336 
-10482 -18827 -4259 -16733 1331 11143 0 0 0 0 1 201 136 364 
-7929 -17202 -1510 -13795 417 10390 0 0 0 0 1 174 149 391 
-5904 -15935 -130 -8904 -710 8768 0 0 0 0 1 158 157 407 
-3128 -13819 956 -4106 -723 7108 0 0 0 0 1 147 168 429 
-1748 -12481 1723 -1465 63 5984 0 0 0 0 1 134 191 449 
-1762 -11294 2485 1111 1292 4251 0 0 0 0 1 128 204 450 
-2101 -10262 3094 1873 1505 2600 0 0 0 0 1 117 203 442 
-2814 -8711 3351 1680 1147 1644 0 0 0 0 1 126 207 434 
-2808 -7852 3337 862 471 723 0 0 0 0 1 127 223 435 
-2400 -6679 3286 216 -23 428 0 0 0 0 1 129 213 433 
-2156 -5966 3142 -472 -837 160 0 0 0 0 1 120 210 423 
-1825 -5001 2761 -602 -1229 -54 0 0 0 0 1 114 209 436 
-1734 -4446 2501 -305 -1515 -570 0 0 0 0 1 106 215 442 
-1872 -3585 2209 331 -1617 -1300 0 0 0 0 1 109 204 445 
-1997 -3244 2135 808 -1655 -1832 0 0 0 0 1 109 212 445 
-2158 -3010 2089 1491 -1539 -2554 0 0 0 0 1 109 197 441 
-2437 -2587 1987 1863 -1242 -2967 0 0 0 0 1 121 199 448 
-2567 -2234 1790 2357 -783 -3394 0 0 0 0 1 129 203 444 
-2692 -1834 1537 2663 -618 -3547 0 0 0 0 1 127 198 437 
-2843 -1518 1298 3105 -629 -3639 0 0 0 0 1 142 195 436 
-2967 -1252 1058 3534 -765 -3639 0 0 0 0 1 168 185 420 
-3032 -1144 884 3811 -852 -3630 0 0 0 0 1 163 187 424 
-3168 -1059 730 4204 -1032 -3661 0 0 0 0 1 179 176 412 
-3250 -933 380 4443 -1179 -3713 0 0 0 0 1 168 182 399 
-3276 -863 243 4695 -1264 -3845 0 0 0 0 1 187 182 396 
-3310 -806 42 4867 -1288 -4030 0 0 0 0 1 195 179 398 
-3382 -753 -326 4964 -1373 -4174 0 0 0 0 1 201 153 385 
-3463 -826 -693 5153 -1657 -4368 0 0 0 0 1 204 153 373 
-3508 -948 -893 5421 -1980 -4509 0 0 0 0 1 224 142 379 
-3523 -1088 -1075 5640 -2109 -4565 0 0 0 0 1 233 122 381 
-3456 -1153 -1334 5987 -2177 -4643 0 0 0 0 1 221 120 365 
-3408 -1183 -1637 6227 -2229 -4703 0 0 0 0 1 239 109 364 
-3380 -1239 -1848 6600 -2217 -4806 0 0 0 0 1 234 94 375 
-3249 -1403 -2137 6859 -2099 -4839 0 0 0 0 1 241 65 362 
-3264 -1698 -2478 7300 -1929 -4826 0 0 0 0 1 235 56 372 
-3384 -1932 -2673 7755 -1887 -4817 0 0 0 0 1 248 40 375 
-3561 -2245 -2717 7966 -1853 -4833 0 0 0 0 1 247 29 377 
-3568 -2465 -2678 8067 -1811 -4839 0 0 0 0 1 248 23 378 
-3446 -2563 -2621 7926 -2029 -4720 0 0 0 0 1 237 13 375 
-3312 -2746 -2797 7727 -2467 -4564 0 0 0 0 1 235 -4 384 
-3552 -2730 -3115 7727 -2642 -4595 0 0 0 0 1 230 -25 408 
-3759 -2749 -3447 8079 -2302 -4810 0 0 0 0 1 243 -19 419 
-4330 -2797 -3962 8812 -1570 -5128 0 0 0 0 1 220 -33 422 
-4462 -2774 -3958 9260 -1184 -5296 0 0 0 0 1 219 -26 426 
-4591 -2803 -3645 9460 -1056 -5235 0 0 0 0 1 217 -29 435 
-4469 -2910 -3141 9152 -1211 -4968 0 0 0 0 1 211 -33 445 
-4262 -3021 -2817 8143 -1520 -4338 0 0 0 0 1 191 -22 465 
-4276 -2954 -2897 7079 -1687 -3734 0 0 0 0 1 189 -30 462 
-4339 -2873 -3414 6558 -1322 -3325 0 0 0 0 1 191 -29 460 
-4735 -2715 -4054 6628 -920 -3242 0 0 0 0 1 178 -18 466 
-4747 -2492 -4207 6991 -668 -3218 0 0 0 0 1 188 -7 467 
-4804 -2311 -3956 6982 -1068 -3184 0 0 0 0 1 182 -1 483 
-4468 -2113 -3195 6244 -1595 -2962 0 0 0 0 1 175 1 476 
-4465 -1956 -3066 5141 -1629 -2663 0 0 0 0 1 171 6 469 
-4326 -1845 -3121 4142 -997 -2262 0 0 0 0 1 169 2 491 
-4180 -1681 -3242 3691 -563 -1966 0 0 0 0 1 166 20 478 
-4097 -1375 -3470 3423 -393 -1574 0 0 0 0 1 167 22 484 
-4000 -1164 -3521 3416 -1017 -1168 0 0 0 0 1 159 35 478 
-3854 -855 -3338 3340 -1443 -913 0 0 0 0 1 168 28 466 
-3846 -626 -3172 2986 -1636 -616 0 0 0 0 1 172 31 479 
-3837 -446 -3061 2405 -1236 -437 0 0 0 0 1 165 49 472 
-3796 -297 -2984 2000 -810 -362 0 0 0 0 1 161 47 480 
-3726 -183 -3088 1529 -246 -293 0 0 0 0 1 154 50 487 
-3547 -42 -3166 1232 221 -221 0 0 0 0 1 153 51 477 
-3322 50 -3176 1094 324 -128 0 0 0 0 1 158 58 484 
-3357 -2682 -3936 -825 2578 1195 0 0 0 0 1 166 57 471 
-3730 -3316 -4068 -536 2559 1105 0 0 0 0 1 179 58 477 
-4136 -3398 -4004 -298 2101 811 0 0 0 0 1 187 69 462 
-4681 -4598 -4072 -226 1840 582 0 0 0 0 1 195 53 456 
-4508 -5201 -4153 -248 2110 836 0 0 0 0 1 193 66 447 
-4252 -7697 -4871 -359 3308 1608 0 0 0 0 1 195 68 456 
-5264 -10361 -4157 -1622 5272 1934 0 0 0 0 1 208 69 427 
-7217 -13191 -2698 -3791 5785 1558 0 0 0 0 1 220 74 401 
-8394 -14714 -2742 -9378 5057 391 0 0 0 0 1 227 60 389 
-9394 -16346 -2563 -16927 7394 -1034 0 0 0 0 1 235 41 374 
-9713 -16955 -2587 -23157 9216 -2396 0 0 0 0 1 258 23 359 
-10818 -21534 -3800 -26215 8930 -2549 0 0 0 0 1 257 -9 286 
-10867 -23954 -5414 -26879 7942 -1204 0 0 0 0 1 259 -2 244 
-12037 -23292 -5503 -27337 5968 -195 0 0 0 0 1 239 1 217 
-11416 -21716 -4830 -28287 1586 3013 0 0 0 0 1 240 34 197 
-11244 -18956 -3735 -28584 -641 5546 0 0 0 0 1 237 69 222 
-13331 -17714 -5056 -26359 -416 7028 0 0 0 0 1 222 109 243 
-9900 -16758 -5201 -20750 903 6912 0 0 0 0 1 214 134 272 
-7656 -15538 -4173 -16033 995 6556 0 0 0 0 1 194 158 348 
-5838 -14346 -2407 -9709 850 5879 0 0 0 0 1 182 175 369 
-3534 -13093 1047 -6697 103 5660 0 0 0 0 1 184 181 381 
-2893 -12333 2986 -3784 -942 5155 0 0 0 0 1 165 181 386 
-3398 -11469 3853 -1871 -742 3979 0 0 0 0 1 162 196 405 
-3203 -10111 3733 -921 -399 3147 0 0 0 0 1 154 187 399 
-2819 -9188 3463 143 -328 2238 0 0 0 0 1 155 198 402 
-2474 -7299 3264 742 -631 1602 0 0 0 0 1 134 201 419 
-2441 -6458 3082 985 -1176 1234 0 0 0 0 1 136 206 419 
-2467 -5815 2779 1285 -2134 717 0 0 0 0 1 132 213 412 
-2358 -4953 2595 1445 -2439 391 0 0 0 0 1 129 220 412 
-2365 -4517 2509 1654 -2605 -133 0 0 0 0 1 121 214 417 
-2398 -3992 2445 1759 -2471 -527 0 0 0 0 1 125 228 412 
-2396 -3646 2483 1837 -1830 -1177 0 0 0 0 1 126 214 424 
-2414 -2903 2327 1877 -1243 -1655 0 0 0 0 1 129 230 419 
-2384 -2728 2262 1952 -867 -2327 0 0 0 0 1 132 223 409 
-2490 -2220 1801 2119 -1539 -2905 0 0 0 0 1 134 220 409 
-2689 -1842 1361 2266 -2199 -3218 0 0 0 0 1 136 203 428 
-2778 -1679 1033 2556 -2851 -3591 0 0 0 0 1 138 212 410 
-2938 -1495 637 2801 -2927 -3799 0 0 0 0 1 152 207 413 
-2921 -1365 307 3241 -2658 -4036 0 0 0 0 1 158 198 419 
-2940 -1292 161 3747 -2161 -4246 0 0 0 0 1 171 182 401 
-2874 -1173 -55 4076 -1756 -4385 0 0 0 0 1 169 176 405 
-2832 -1026 -324 4555 -1310 -4590 0 0 0 0 1 192 180 394 
-2834 -962 -510 5009 -1256 -4749 0 0 0 0 1 200 164 393 
-2825 -1010 -687 5297 -1408 -4808 0 0 0 0 1 192 153 375 
-2992 -1083 -793 5684 -1946 -4838 0 0 0 0 1 218 148 382 
-3253 -1168 -994 5877 -2405 -4834 0 0 0 0 1 214 144 372 
-3232 -1193 -1178 6079 -2874 -4764 0 0 0 0 1 230 118 366 
-3334 -1240 -1485 6281 -2849 -4830 0 0 0 0 1 232 106 373 
-3945 -1306 -2185 6518 -2513 -5038 0 0 0 0 1 233 83 372 
-4435 -1358 -2826 7039 -1797 -5487 0 0 0 0 1 240 78 377 
-4629 -1329 -3169 7619 -1451 -5880 0 0 0 0 1 241 62 380 
-4281 -1450 -3184 7908 -1395 -5923 0 0 0 0 1 243 44 372 
-3791 -1689 -2901 8058 -1448 -5559 0 0 0 0 1 244 23 373 
-3295 -2048 -2555 7976 -2065 -4903 0 0 0 0 1 245 7 379 
-3233 -2280 -2441 7850 -2793 -4561 0 0 0 0 1 243 4 381 
-3697 -2371 -2623 7691 -3871 -4583 0 0 0 0 1 233 -12 402 
-4558 -2423 -3304 7639 -3803 -5084 0 0 0 0 1 232 -20 422 
-4635 -2501 -3616 7716 -2979 -5384 0 0 0 0 1 215 -28 424 
-4620 -2502 -3898 8069 -1413 -5608 0 0 0 0 1 214 -39 440 
-4349 -2470 -3937 8405 -344 -5585 0 0 0 0 1 217 -39 442 
-4393 -2551 -3597 8897 330 -5384 0 0 0 0 1 208 -42 448 
-4320 -2492 -3470 9117 -707 -5020 0 0 0 0 1 213 -40 459 
-4049 -2611 -3222 8912 -1954 -4609 0 0 0 0 1 200 -34 453 
-3957 -2553 -3301 8582 -2374 -4312 0 0 0 0 1 187 -25 471 
-3755 -2540 -3292 7853 -1895 -3758 0 0 0 0 1 186 -19 484 
-3757 -2401 -3272 7064 -550 -3249 0 0 0 0 1 171 -11 476 
-4010 -2262 -3259 6632 192 -3064 0 0 0 0 1 176 -12 479 
-4265 -2207 -3130 6116 312 -3016 0 0 0 0 1 180 6 478 
-4262 -2190 -3049 5578 -837 -3003 0 0 0 0 1 171 11 471 
-3987 -1998 -2802 4860 -1961 -2879 0 0 0 0 1 173 13 471 
-3487 -618 -2439 1197 -717 -993 0 0 0 0 1 154 23 490 
-3422 -584 -2610 970 -193 -436 0 0 0 0 1 158 34 479 
-3480 -574 -2716 917 417 -22 0 0 0 0 1 165 34 484 
-3551 -539 -2734 885 631 171 0 0 0 0 1 160 41 481 
-3539 -502 -2662 678 664 370 0 0 0 0 1 172 36 477 
-3528 -387 -2442 408 601 455 0 0 0 0 1 154 33 483 
-3484 -321 -2375 -123 475 571 0 0 0 0 1 159 35 480 
-3363 -307 -2380 -493 418 669 0 0 0 0 1 158 39 484 
-3305 -444 -2547 -958 392 839 0 0 0 0 1 159 38 478 
-3295 -558 -2660 -1297 390 1038 0 0 0 0 1 160 51 474 
-3291 -712 -2779 -1482 363 1169 0 0 0 0 1 181 29 488 
-3289 -2714 -3694 -2522 946 1917 0 0 0 0 1 168 33 492 
-3321 -3010 -3618 -2689 1350 1926 0 0 0 0 1 172 34 484 
-3302 -3456 -3535 -2845 1686 1965 0 0 0 0 1 179 24 477 
-3274 -3884 -3499 -3047 2036 2084 0 0 0 0 1 185 25 480 
-3245 -4473 -3514 -3090 2206 2167 0 0 0 0 1 182 20 480 
-3636 -5002 -3714 -2943 2230 2099 0 0 0 0 1 193 34 465 
-4039 -5133 -3974 -2516 2171 1784 0 0 0 0 1 207 24 458 
-4425 -5536 -4414 -1682 1646 1382 0 0 0 0 1 197 13 459 
-5033 -7374 -5747 -28250 -446 6231 0 0 0 0 1 238 83 214 
-17403 -17000 -5110 -27455 1024 7843 0 0 0 0 1 224 107 246 
-15735 -17605 -4743 -24139 1757 9957 0 0 0 0 1 211 143 271 
-12432 -17792 -3362 -19339 909 10847 0 0 0 0 1 168 199 373 
-10544 -17058 -1374 -14588 971 9728 0 0 0 0 1 147 197 399 
-6784 -16173 1841 -11737 1386 8743 0 0 0 0 1 132 188 423 
-4219 -14678 2651 -7394 540 7428 0 0 0 0 1 121 197 450 
-1981 -12688 3212 -4615 281 6437 0 0 0 0 1 110 201 451 
-1350 -11911 3293 -1113 374 4744 0 0 0 0 1 93 199 462 
-1512 -10882 3095 1248 437 3197 0 0 0 0 1 86 209 455 
-1630 -10360 3432 2027 923 2383 0 0 0 0 1 80 225 465 
-1747 -9544 3857 2148 1281 1387 0 0 0 0 1 81 224 462 
-1657 -8215 4235 1803 860 819 0 0 0 0 1 81 224 455 
-1555 -7443 4255 1114 -238 -35 0 0 0 0 1 84 240 449 
-1555 -6298 3883 768 -891 -662 0 0 0 0 1 80 230 456 
-1615 -5592 3392 642 -1624 -1615 0 0 0 0 1 80 225 456 
-1623 -4620 2752 917 -2026 -2439 0 0 0 0 1 79 236 448 
-1869 -3806 2293 1224 -2199 -2914 0 0 0 0 1 92 228 444 
-2050 -3311 1979 1807 -2285 -3500 0 0 0 0 1 100 229 455 
-2278 -2769 1712 2205 -2098 -3805 0 0 0 0 1 109 219 448 
-2610 -2457 1611 2726 -1646 -4269 0 0 0 0 1 104 222 431 
-3271 -1867 1322 3129 -1294 -4747 0 0 0 0 1 117 215 440 
-3477 -1621 1137 3345 -1277 -5013 0 0 0 0 1 132 208 435 
-3640 -1387 1023 3587 -1483 -5264 0 0 0 0 1 142 202 431 
-3713 -1282 901 3780 -1816 -5342 0 0 0 0 1 165 208 426 
-3767 -1188 568 3963 -1966 -5340 0 0 0 0 1 173 187 424 
-3890 -1192 295 4381 -2043 -5339 0 0 0 0 1 182 177 403 
-4014 -1352 -62 4745 -2001 -5336 0 0 0 0 1 192 172 406 
-4130 -1508 -290 5297 -1984 -5348 0 0 0 0 1 195 164 405 
-4256 -1713 -565 5667 -2011 -5411 0 0 0 0 1 204 150 396 
-4187 -1838 -701 5782 -2061 -5427 0 0 0 0 1 212 152 393 
-4147 -1934 -915 5861 -2104 -5451 0 0 0 0 1 215 141 399 
-4554 -1933 -1496 5988 -2048 -5573 0 0 0 0 1 228 107 384 
-5158 -1971 -2121 6412 -1873 -5894 0 0 0 0 1 244 96 378 
-5476 -2083 -2505 7092 -2088 -6194 0 0 0 0 1 238 80 391 
-5530 -2095 -2979 7629 -2312 -6248 0 0 0 0 1 244 55 382 
-5138 -2309 -2965 8343 -2503 -5936 0 0 0 0 1 244 45 389 
-4710 -2521 -2915 8730 -2845 -5490 0 0 0 0 1 244 28 401 
-4693 -2765 -2578 8685 -3061 -5311 0 0 0 0 1 233 9 412 
-4804 -3025 -2526 8359 -3503 -5282 0 0 0 0 1 234 1 417 
-5353 -3220 -2862 8060 -3686 -5578 0 0 0 0 1 221 2 426 
-5362 -3305 -3185 7980 -3344 -5766 0 0 0 0 1 214 -12 433 
-5273 -3368 -3396 8147 -2438 -5910 0 0 0 0 1 215 -15 448 
-5023 -3314 -3691 8455 -1720 -5893 0 0 0 0 1 209 -19 451 
-4703 -3365 -3588 8971 -1231 -5635 0 0 0 0 1 192 -28 469 
-4652 -3525 -3409 9248 -2114 -5363 0 0 0 0 1 199 -20 473 
-4484 -3706 -3198 9161 -2900 -5252 0 0 0 0 1 179 -9 477 
-4601 -3866 -3271 8666 -3384 -5245 0 0 0 0 1 168 1 499 
-4819 -3783 -3475 7856 -2019 -5226 0 0 0 0 1 171 11 492 
-4450 -3620 -3680 7315 -358 -5017 0 0 0 0 1 155 0 495 
-4411 -3495 -3924 6822 1826 -4630 0 0 0 0 1 168 8 487 
-4362 -3420 -3809 6654 2417 -4384 0 0 0 0 1 161 15 492 
-4149 -3484 -3492 6288 953 -3887 0 0 0 0 1 174 14 474 
-3922 -3240 -3081 5776 -1096 -3522 0 0 0 0 1 176 19 484 
-3763 -3203 -2776 4636 -3536 -2939 0 0 0 0 1 163 20 480 
-4179 -2689 -3063 3517 -4067 -2511 0 0 0 0 1 158 31 505 
-4402 -2391 -3132 2879 -3391 -2326 0 0 0 0 1 151 26 498 
-4432 -2214 -3160 2215 -1727 -2093 0 0 0 0 1 146 34 505 
-4792 -1830 -3451 2043 -905 -2049 0 0 0 0 1 141 19 498 
-4797 -1611 -3477 2057 -290 -2101 0 0 0 0 1 153 29 491 
-4600 -1374 -3407 2117 -122 -1996 0 0 0 0 1 143 22 498 
-4073 -1076 -3140 2041 -170 -1729 0 0 0 0 1 140 20 501 
-3749 -909 -2919 1671 -366 -1134 0 0 0 0 1 147 30 494 
-3723 -615 -2613 1079 -464 -630 0 0 0 0 1 149 25 501 
-3805 -486 -2616 681 -439 -431 0 0 0 0 1 155 34 500 
-3791 -375 -2662 153 -311 -265 0 0 0 0 1 149 45 497 
-3674 -231 -2638 -162 -177 -190 0 0 0 0 1 149 38 497 
-3618 -175 -2603 -609 -90 -84 0 0 0 0 1 149 28 501 
-3471 -180 -2521 -1026 -126 69 0 0 0 0 1 153 24 512 
-3465 -204 -2488 -1292 -170 188 0 0 0 0 1 145 20 508 
-3503 -309 -2394 -1659 -328 404 0 0 0 0 1 148 26 507 
-3589 -442 -2361 -1881 -479 580 0 0 0 0 1 136 26 507 
-3631 -550 -2429 -2143 -575 885 0 0 0 0 1 142 30 506 
-3695 -684 -2566 -2323 -308 1177 0 0 0 0 1 142 6 515 
-3745 -928 -2670 -2442 97 1401 0 0 0 0 1 146 -4 507 
-3841 -976 -2664 -2523 321 1481 0 0 0 0 1 140 1 518 
-3910 -1035 -2686 -2636 496 1532 0 0 0 0 1 147 8 504 
-3858 -1111 -2738 -2688 553 1575 0 0 0 0 1 140 -1 511 
-3671 -1209 -2805 -2727 605 1689 0 0 0 0 1 147 -11 504 
-3466 -1304 -2950 -2632 592 1912 0 0 0 0 1 147 -15 513 
-3346 -1447 -3311 -2375 507 2134 0 0 0 0 1 148 -14 514 
-3449 -1643 -3701 -30840 -907 8279 0 0 0 0 1 226 117 279 
-13556 -17633 -6400 -29148 -2863 11222 0 0 0 0 1 206 136 336 
-12018 -17605 -7275 -22974 -3129 11804 0 0 0 0 1 161 138 436 
-10542 -16721 -8065 -16720 -1764 9701 0 0 0 0 1 146 134 474 
-4469 -14859 -4589 -8031 287 6493 0 0 0 0 1 129 125 481 
-1545 -14603 -1901 -2630 361 6147 0 0 0 0 1 122 134 502 
-808 -13567 1171 1868 -1154 -2091 0 0 0 0 1 101 181 484 
-2281 -2722 1765 1781 -1195 -3077 0 0 0 0 1 106 193 484 
-2294 -2227 1545 1773 -1290 -3921 0 0 0 0 1 96 188 484 
-2355 -1590 1269 1800 -1204 -4337 0 0 0 0 1 128 182 487 
-2509 -1172 970 1964 -1012 -4729 0 0 0 0 1 126 180 478 
-2722 -577 432 2290 -741 -4833 0 0 0 0 1 132 174 486 
-2810 -419 337 2557 -459 -4802 0 0 0 0 1 143 166 484 
-2932 -239 322 2930 -221 -4684 0 0 0 0 1 154 165 480 
-3081 -130 431 3091 -255 -4574 0 0 0 0 1 165 157 472 
-3062 -52 493 3165 -289 -4378 0 0 0 0 1 173 143 445 
-2837 38 446 3122 -321 -4173 0 0 0 0 1 178 143 452 
-2696 153 261 3113 -407 -4100 0 0 0 0 1 184 137 449 
-2708 293 53 3238 -633 -4140 0 0 0 0 1 193 120 451 
-2834 364 -330 3449 -840 -4245 0 0 0 0 1 192 121 438 
-3002 375 -601 3899 -1192 -4474 0 0 0 0 1 218 111 441 
-3079 423 -885 4206 -1342 -4620 0 0 0 0 1 209 100 433 
-3094 403 -974 4578 -1212 -4711 0 0 0 0 1 213 79 434 
-3012 424 -1114 4799 -614 -4649 0 0 0 0 1 215 84 434 
-2943 586 -1299 4890 -189 -4534 0 0 0 0 1 224 78 430 
-2903 662 -1402 4990 171 -4298 0 0 0 0 1 225 72 420 
-2783 634 -1454 5050 157 -4115 0 0 0 0 1 226 56 414 
-2684 550 -1486 5148 -278 -3883 0 0 0 0 1 232 45 420 
-2707 481 -1495 5205 -955 -3786 0 0 0 0 1 231 41 412 
-2801 349 -1549 5215 -1291 -3801 0 0 0 0 1 227 28 399 
-2870 281 -1592 5140 -1265 -3848 0 0 0 0 1 230 28 406 
-2785 240 -1663 5036 -1001 -3831 0 0 0 0 1 238 4 416 
-2866 356 -1808 4939 -728 -3835 0 0 0 0 1 230 1 420 
-3085 711 -2060 4966 -704 -3896 0 0 0 0 1 233 -2 426 
-3207 805 -2329 5146 -932 -3989 0 0 0 0 1 225 -13 415 
-3117 828 -2429 5424 -1150 -3945 0 0 0 0 1 222 -18 424 
-3066 806 -2449 5639 -1144 -3844 0 0 0 0 1 226 -17 430 
-3021 757 -2435 5944 -846 -3637 0 0 0 0 1 215 -23 431 
-3024 633 -2325 6110 -564 -3512 0 0 0 0 1 213 -30 436 
-3141 624 -2206 6237 -361 -3415 0 0 0 0 1 212 -34 442 
-3197 602 -2156 6164 -472 -3405 0 0 0 0 1 211 -35 438 
-3367 725 -2069 5864 -729 -3404 0 0 0 0 1 202 -31 444 
-3240 770 -2085 5606 -905 -3323 0 0 0 0 1 214 -26 451 
-3073 793 -2047 5212 -1030 -3040 0 0 0 0 1 194 -33 466 
-2802 781 -2070 5004 -1058 -2762 0 0 0 0 1 187 -23 464 
-2694 894 -2117 4864 -972 -2338 0 0 0 0 1 184 -36 458 
-2647 949 -2132 4967 -977 -2219 0 0 0 0 1 181 -14 463 
-2774 1019 -2005 4987 -1042 -2247 0 0 0 0 1 180 -11 485 
-2908 1012 -1902 4784 -1204 -2404 0 0 0 0 1 169 -12 484 
-2913 983 -1802 4370 -1177 -2524 0 0 0 0 1 175 -3 490 
-2739 936 -1830 3915 -862 -2542 0 0 0 0 1 172 -2 484 
-2675 922 -1836 3676 -615 -2491 0 0 0 0 1 169 2 491 
-2566 945 -1916 3523 -523 -2350 0 0 0 0 1 173 3 499 
-2595 1043 -2001 3532 -767 -2244 0 0 0 0 1 169 9 486 
-2570 1101 -2025 3532 -1279 -2073 0 0 0 0 1 161 3 499 
-2723 1095 -1913 3278 -1425 -1920 0 0 0 0 1 163 3 492 
-2697 1040 -1745 2964 -1283 -1799 0 0 0 0 1 165 7 502 
-2629 998 -1697 2450 -729 -1612 0 0 0 0 1 162 7 505 
-2696 927 -1794 2218 -237 -1559 0 0 0 0 1 161 15 494 
-3019 911 -2119 2135 398 -1674 0 0 0 0 1 161 25 494 
-3532 918 -2386 2226 491 -1869 0 0 0 0 1 165 24 505 
-3622 951 -2509 2444 -29 -2137 0 0 0 0 1 152 18 499 
-3817 933 -2634 2566 -738 -2225 0 0 0 0 1 168 18 494 
-3826 872 -2696 2463 -1565 -2060 0 0 0 0 1 152 18 497 
-3643 713 -2478 2092 -1429 -1696 0 0 0 0 1 153 17 500 
-3482 599 -2498 1382 -291 -861 0 0 0 0 1 146 12 507 
-3835 415 -2904 1007 623 -356 0 0 0 0 1 153 24 502 
-4201 387 -3306 748 1538 71 0 0 0 0 1 163 18 494 
-4502 160 -3608 705 1786 193 0 0 0 0 1 156 30 490 
-4448 106 -3735 716 1563 231 0 0 0 0 1 166 20 490 
-3870 67 -3936 729 1252 300 0 0 0 0 1 168 30 497 
-3718 -4 -3950 717 727 500 0 0 0 0 1 165 24 484 
-3397 -148 -4115 684 3 760 0 0 0 0 1 165 29 488 
-3435 -398 -4415 725 -349 894 0 0 0 0 1 155 44 486 
-3607 -995 -4828 967 -381 1059 0 0 0 0 1 166 42 478 
-3667 -1512 -5123 1459 286 1236 0 0 0 0 1 160 46 486 
-3960 -2615 -5652 1957 975 1344 0 0 0 0 1 169 68 484 
-4304 -3506 -5851 2708 1872 1469 0 0 0 0 1 166 74 476 
-4967 -4386 -5851 3000 2518 1444 0 0 0 0 1 179 88 467 
-5427 -5010 -5554 2765 3697 1232 0 0 0 0 1 191 93 453 
-5817 -6462 -4668 1970 4128 1094 0 0 0 0 1 191 105 442 
-6504 -8841 -3895 -72 4256 806 0 0 0 0 1 204 111 438 
-7801 -10834 -3064 -3633 4529 -109 0 0 0 0 1 201 101 429 
-9761 -13100 -2622 -8801 5441 -1433 0 0 0 0 1 221 66 409 
-10605 -15191 -1763 -12990 6741 -2211 0 0 0 0 1 230 50 394 
-10978 -15814 -1199 -19112 7857 -2913 0 0 0 0 1 240 26 372 
-10393 -17790 -1145 -22126 8139 -2109 0 0 0 0 1 241 8 345 
-10162 -19031 -1496 -25097 7084 1044 0 0 0 0 1 251 3 315 
-11994 -19945 -2408 -27092 3398 4987 0 0 0 0 1 257 12 286 
-15437 -19961 -4387 -27989 1484 7039 0 0 0 0 1 244 23 282 
-17310 -19653 -6720 -28339 2266 8461 0 0 0 0 1 243 56 267 
-17843 -20104 -9512 -27795 4459 8619 0 0 0 0 1 227 101 299 
-16164 -20195 -9929 -25951 5691 8701 0 0 0 0 1 208 128 315 
-13230 -19263 -8288 -23595 4254 8994 0 0 0 0 1 194 141 336 
-10014 -18090 -5167 -21608 2412 9101 0 0 0 0 1 195 157 372 
-8493 -16552 -4547 -16675 -722 8211 0 0 0 0 1 185 158 408 
-5114 -14771 -2926 -10422 -1650 6858 0 0 0 0 1 165 139 433 
-2016 -13057 -1627 -6353 -1983 6318 0 0 0 0 1 128 145 471 
-1479 -3581 1755 -392 -1394 -478 0 0 0 0 1 103 213 467 
-1448 -3065 1718 76 -1213 -1033 0 0 0 0 1 106 210 463 
-1538 -2337 1737 677 -1006 -1736 0 0 0 0 1 117 203 460 
-1684 -1823 1823 1177 -528 -2438 0 0 0 0 1 114 195 471 
-1963 -1269 1756 1443 -237 -2845 0 0 0 0 1 114 207 462 
-1953 -874 1607 1760 82 -3192 0 0 0 0 1 126 202 459 
-1820 -282 1409 1905 291 -3215 0 0 0 0 1 129 188 453 
-1751 206 1224 2070 385 -3001 0 0 0 0 1 143 196 437 
-1820 425 1064 2176 204 -2749 0 0 0 0 1 145 187 438 
