Data Quantity : 14  Accelerometer : 3  Gyroscope : 3  FSR : 5







-1474 1274 51 -37 -47 -148 0 0 0 0 1 231 58 400 
-1501 1207 109 -76 -144 -217 0 0 0 0 1 232 62 392 
-1515 991 225 -107 -227 -244 0 0 0 0 1 228 63 407 
-1455 758 333 -160 -400 -226 0 0 0 0 1 232 67 394 
-1368 417 424 -169 -556 -195 0 0 0 0 1 230 55 401 
-1317 182 480 -157 -715 -176 0 0 0 0 1 230 67 396 
-1233 -87 756 -180 -691 -231 0 0 0 0 1 230 60 399 
-1154 -360 1120 -267 -580 -404 0 0 0 0 1 225 60 413 
-1071 -569 1319 -353 -724 -664 0 0 0 0 1 228 56 405 
-950 -868 1420 -334 -1037 -877 0 0 0 0 1 231 51 412 
-884 -1062 1325 -95 -1616 -1262 0 0 0 0 1 221 49 421 
-739 -1331 1102 237 -1889 -1556 0 0 0 0 1 232 33 429 
-671 -1485 1013 902 -1942 -2055 0 0 0 0 1 220 45 431 
-694 -1656 921 1672 -1653 -2645 0 0 0 0 1 225 20 431 
-788 -1792 866 2195 -1338 -3073 0 0 0 0 1 226 19 447 
-904 -1898 852 2954 -798 -3730 0 0 0 0 1 213 15 438 
-1153 -1955 743 3455 -444 -4149 0 0 0 0 1 227 -1 441 
-1407 -2041 615 4210 15 -4705 0 0 0 0 1 213 -13 445 
-1554 -2082 549 4930 374 -5138 0 0 0 0 1 215 -15 443 
-1880 -2130 378 5376 501 -5379 0 0 0 0 1 221 -17 442 
-2172 -2173 249 5966 459 -5649 0 0 0 0 1 217 -29 451 
-2531 -2273 -54 6473 112 -5650 0 0 0 0 1 207 -34 440 
-2706 -2408 -353 6789 -175 -5475 0 0 0 0 1 213 -47 452 
-3157 -2412 -695 7296 -324 -5155 0 0 0 0 1 195 -49 451 
-3777 -2389 -1226 7880 32 -4714 0 0 0 0 1 206 28 424 
-2805 -1984 -2208 4277 412 -83 0 0 0 0 1 208 20 422 
-2719 -1920 -2468 3239 374 20 0 0 0 0 1 204 35 417 
-2686 -1869 -2517 2681 180 15 0 0 0 0 1 207 29 412 
-2833 -777 -2470 123 -274 487 0 0 0 0 1 214 34 402 
-2885 -730 -2499 68 -100 651 0 0 0 0 1 192 40 413 
-2959 -757 -2517 -23 -53 722 0 0 0 0 1 205 51 414 
-3041 -802 -2593 -97 -99 725 0 0 0 0 1 200 44 409 
-3078 -850 -2649 -248 -161 712 0 0 0 0 1 208 50 417 
-3141 -887 -2790 -439 -85 680 0 0 0 0 1 199 52 417 
-3214 -855 -2841 -610 40 644 0 0 0 0 1 186 58 419 
-3256 -871 -2854 -959 264 617 0 0 0 0 1 187 65 424 
-3325 -987 -2899 -1368 296 644 0 0 0 0 1 186 61 414 
-3407 -1227 -3064 -1756 155 743 0 0 0 0 1 195 51 428 
-3448 -1252 -3162 -2082 34 874 0 0 0 0 1 189 55 429 
-3586 -1305 -3368 -2246 34 945 0 0 0 0 1 191 66 437 
-3628 -1305 -3474 -2446 223 1016 0 0 0 0 1 191 63 460 
-5177 -5600 -5195 -2459 180 3071 0 0 0 0 1 199 57 476 
-5853 -6494 -5415 -2686 2043 3082 0 0 0 0 1 194 69 473 
-6750 -8376 -5484 -3252 3460 3136 0 0 0 0 1 195 68 458 
-7617 -10488 -4988 -5205 5345 3317 0 0 0 0 1 205 71 449 
-15768 -16668 -10934 -23906 1805 10230 0 0 0 0 1 213 111 389 
-13652 -17626 -8694 -20825 1990 11054 0 0 0 0 1 204 114 401 
-11778 -17545 -6376 -16630 1772 10633 0 0 0 0 1 182 118 429 
-9170 -15867 -3642 -13000 963 9506 0 0 0 0 1 179 103 458 
-5843 -14693 -632 -7735 657 8047 0 0 0 0 1 151 125 481 
-4183 -13956 575 -3527 854 7513 0 0 0 0 1 141 130 484 
-3186 -12765 1828 -1434 1266 7160 0 0 0 0 1 140 138 476 
-3339 -12299 2377 707 1872 6047 0 0 0 0 1 127 159 486 
-3692 -11217 3582 1676 1770 4492 0 0 0 0 1 121 163 483 
-3633 -10520 4050 1794 1288 3434 0 0 0 0 1 138 172 466 
-3375 -9846 4281 1525 237 2104 0 0 0 0 1 119 187 469 
-2817 -8699 4069 1315 -465 1416 0 0 0 0 1 117 191 458 
-2450 -7917 3678 1253 -1210 583 0 0 0 0 1 108 193 463 
-1827 -6785 2887 1473 -1522 105 0 0 0 0 1 103 201 463 
-1641 -6020 2379 2134 -1717 -698 0 0 0 0 1 101 206 458 
-1662 -4905 1815 2691 -1696 -1316 0 0 0 0 1 108 213 470 
-1760 -3986 1510 3474 -1656 -2256 0 0 0 0 1 112 207 459 
-1903 -3488 1403 4034 -1684 -3134 0 0 0 0 1 112 219 462 
-2137 -2784 1254 4263 -1703 -3669 0 0 0 0 1 117 215 447 
-2389 -2435 1120 4433 -1826 -4413 0 0 0 0 1 125 213 437 
-2919 -1880 578 4549 -2118 -5063 0 0 0 0 1 142 207 422 
-3171 -1709 295 4640 -2330 -5410 0 0 0 0 1 153 198 419 
-3400 -1612 -11 4825 -2503 -5786 0 0 0 0 1 160 201 407 
-3680 -1641 -334 4972 -2405 -5944 0 0 0 0 1 173 182 415 
-3768 -1676 -534 5211 -2247 -6027 0 0 0 0 1 179 176 405 
-3935 -1685 -999 5486 -2339 -6013 0 0 0 0 1 194 150 396 
-4062 -1719 -1311 5709 -2471 -6018 0 0 0 0 1 208 133 394 
-4247 -1753 -1661 6127 -2675 -6104 0 0 0 0 1 219 130 391 
-4484 -1813 -2253 6492 -2673 -6207 0 0 0 0 1 227 123 387 
-4529 -2088 -2988 7277 -2248 -6319 0 0 0 0 1 237 101 394 
-4357 -2489 -3768 8426 -1151 -6294 0 0 0 0 1 239 84 387 
-4164 -2795 -4293 9435 -153 -6196 0 0 0 0 1 238 73 381 
-3925 -2976 -4752 11259 1372 -5895 0 0 0 0 1 247 68 363 
-3629 -3285 -4995 13032 1760 -5424 0 0 0 0 1 263 42 345 
-3822 -3683 -4647 13811 909 -5166 0 0 0 0 1 261 17 335 
-3678 -3972 -4126 14037 -1244 -4900 0 0 0 0 1 257 -2 332 
-3425 -4576 -3454 13689 -2717 -4843 0 0 0 0 1 247 -7 339 
-3113 -5184 -3105 12683 -4199 -4807 0 0 0 0 1 248 -20 352 
-2884 -5265 -3029 11375 -3610 -4690 0 0 0 0 1 245 -29 374 
-3012 -5286 -3373 10587 -2321 -4588 0 0 0 0 1 245 -44 395 
-3153 -5203 -3615 9751 17 -4438 0 0 0 0 1 237 -50 401 
-3374 -5481 -3630 9236 952 -4229 0 0 0 0 1 228 -53 407 
-3423 -5459 -3613 8913 276 -4069 0 0 0 0 1 224 -49 409 
-3312 -5386 -3384 8351 -1102 -3809 0 0 0 0 1 227 -50 408 
-3597 -5320 -3572 3985 -479 -1317 0 0 0 0 1 186 -26 458 
-3599 -793 -3842 229 -399 1233 0 0 0 0 1 206 8 431 
-3627 -837 -3956 -159 -592 1404 0 0 0 0 1 199 23 441 
-3654 -908 -4007 -713 -535 1637 0 0 0 0 1 197 23 445 
-3659 -1045 -3992 -1226 -154 1865 0 0 0 0 1 181 29 428 
-3638 -1277 -3871 -1709 214 2056 0 0 0 0 1 193 29 447 
-3663 -1502 -3733 -2020 302 2155 0 0 0 0 1 176 26 442 
-3680 -1647 -3614 -2496 244 2272 0 0 0 0 1 185 38 436 
-3683 -1816 -3441 -2811 165 2344 0 0 0 0 1 182 47 450 
-3681 -1889 -3348 -3254 137 2450 0 0 0 0 1 185 40 452 
-3661 -1981 -3220 -3639 261 2579 0 0 0 0 1 180 57 452 
-3681 -2040 -3156 -3910 409 2714 0 0 0 0 1 182 42 464 
-3705 -2102 -3165 -3997 461 2803 0 0 0 0 1 180 47 469 
-3726 -2125 -3258 -3971 485 2936 0 0 0 0 1 175 45 464 
-3741 -2254 -3556 -3759 456 3119 0 0 0 0 1 174 49 474 
-3702 -2282 -3747 -3503 408 3302 0 0 0 0 1 186 39 479 
-3701 -2266 -3895 -3019 498 3610 0 0 0 0 1 179 53 474 
-11006 -12301 -3440 -10486 10516 -1511 0 0 0 0 1 215 114 396 
-10835 -13970 -2041 -16085 10326 -2890 0 0 0 0 1 241 91 380 
-10171 -15367 -1457 -19653 9679 -2212 0 0 0 0 1 248 67 350 
-10278 -16080 -975 -24501 5817 950 0 0 0 0 1 263 60 336 
-10551 -16321 -2297 -26723 1539 4411 0 0 0 0 1 251 52 338 
-11865 -14734 -4118 -27629 -3446 9787 0 0 0 0 1 237 62 362 
-14940 -13245 -5623 -26261 -3032 12498 0 0 0 0 1 230 89 399 
-14835 -13530 -4214 -24561 -2224 12996 0 0 0 0 1 197 96 431 
-12170 -14579 -3136 -20209 -2100 13562 0 0 0 0 1 176 95 465 
-9107 -14974 -3171 -13021 -1284 11790 0 0 0 0 1 158 90 474 
-6144 -14405 -2058 -7624 -33 9373 0 0 0 0 1 136 95 512 
-3105 -13877 629 -1161 2193 6471 0 0 0 0 1 129 107 502 
-1844 -13170 2463 2173 3297 5300 0 0 0 0 1 129 110 509 
-1627 -11833 4340 3101 3074 4704 0 0 0 0 1 133 126 490 
-2235 -10752 4510 3626 2125 3224 0 0 0 0 1 135 148 480 
-2838 -9201 4344 3527 1425 1561 0 0 0 0 1 132 164 467 
-2551 -7931 4301 3169 1060 784 0 0 0 0 1 146 179 449 
-2090 -6798 4102 2485 582 130 0 0 0 0 1 141 191 463 
-1967 -6053 3880 1892 80 -309 0 0 0 0 1 148 191 456 
-1916 -4982 3571 1636 -306 -634 0 0 0 0 1 149 187 448 
-1822 -4388 3302 1510 -788 -1190 0 0 0 0 1 140 177 441 
-1722 -3619 2942 1559 -957 -1616 0 0 0 0 1 159 180 438 
-1835 -3052 2638 1773 -1221 -2333 0 0 0 0 1 149 182 441 
-1939 -2308 2052 2124 -1485 -2954 0 0 0 0 1 160 183 440 
-2099 -1741 1492 2405 -1496 -3267 0 0 0 0 1 159 172 438 
-2155 -1435 1085 2920 -1127 -3520 0 0 0 0 1 172 176 440 
-2327 -1120 609 3300 -611 -3593 0 0 0 0 1 176 169 433 
-2454 -898 399 3871 157 -3634 0 0 0 0 1 169 166 430 
-2670 -513 119 4366 316 -3668 0 0 0 0 1 186 159 421 
-2767 -318 -38 4628 77 -3736 0 0 0 0 1 198 154 419 
-2739 -214 -215 4947 -416 -3841 0 0 0 0 1 217 134 405 
-2657 -210 -472 5121 -701 -3905 0 0 0 0 1 219 144 381 
-2745 -220 -733 5298 -1143 -4033 0 0 0 0 1 233 125 386 
-2740 -308 -907 5333 -1499 -4127 0 0 0 0 1 227 114 385 
-2547 -373 -1211 5252 -1463 -4160 0 0 0 0 1 228 117 384 
-2474 -427 -1410 5189 -1311 -4146 0 0 0 0 1 241 99 378 
-2543 -467 -1629 5222 -1059 -4153 0 0 0 0 1 248 72 362 
-2642 -526 -1994 5473 -810 -4191 0 0 0 0 1 248 65 369 
-2722 -604 -2215 5735 -699 -4218 0 0 0 0 1 255 50 369 
-2744 -612 -2266 6083 -983 -4219 0 0 0 0 1 251 33 375 
-2700 -669 -2290 6253 -1455 -4166 0 0 0 0 1 244 45 382 
-2532 -817 -2322 6277 -1546 -4099 0 0 0 0 1 254 17 374 
-2373 -966 -2503 6309 -1340 -3986 0 0 0 0 1 252 0 367 
-2312 -1042 -2605 6410 -919 -3898 0 0 0 0 1 253 -11 385 
-2313 -1197 -2738 6537 -643 -3872 0 0 0 0 1 254 -9 400 
-2470 -1274 -2842 6824 -413 -3924 0 0 0 0 1 244 -28 389 
-2815 -1356 -3015 7121 -757 -4048 0 0 0 0 1 248 -33 396 
-3078 -1403 -3068 7220 -1190 -4144 0 0 0 0 1 240 -58 407 
-3299 -1402 -3134 7226 -1735 -4256 0 0 0 0 1 226 -41 416 
-3229 -1475 -3184 7149 -1802 -4163 0 0 0 0 1 230 -50 427 
-3053 -1617 -3333 7154 -1258 -3891 0 0 0 0 1 217 -53 442 
-3005 -1628 -3365 7223 -637 -3682 0 0 0 0 1 208 -57 436 
-3258 -1673 -3438 7417 245 -3470 0 0 0 0 1 209 -53 437 
-3486 -1638 -3481 7627 291 -3438 0 0 0 0 1 206 -52 448 
-3501 -1670 -3288 7632 -41 -3440 0 0 0 0 1 198 -53 451 
-3640 -1680 -3240 7487 -733 -3454 0 0 0 0 1 204 -38 450 
-3564 -1743 -3236 7224 -1098 -3331 0 0 0 0 1 193 -41 458 
-3438 -1790 -3086 6977 -801 -3172 0 0 0 0 1 197 -23 462 
-3470 -1807 -3000 6561 -20 -2866 0 0 0 0 1 186 -19 467 
-3478 -1779 -2805 5967 261 -2504 0 0 0 0 1 197 -25 464 
-3627 -1777 -2448 5401 -155 -2288 0 0 0 0 1 192 -25 466 
-3668 -1740 -2198 4351 -1243 -2030 0 0 0 0 1 187 -15 462 
-3749 -1663 -2284 3372 -2076 -1829 0 0 0 0 1 191 -12 470 
-3726 -1525 -2564 2698 -2056 -1613 0 0 0 0 1 178 3 469 
-3806 -1285 -2771 2444 -1651 -1510 0 0 0 0 1 178 -15 476 
-3895 -1132 -2888 2316 -825 -1406 0 0 0 0 1 184 -4 477 
-3855 -890 -2832 2318 -58 -1263 0 0 0 0 1 171 -8 476 
-3730 -653 -2593 2292 196 -1102 0 0 0 0 1 168 -13 469 
-3590 -505 -2407 2098 134 -753 0 0 0 0 1 172 2 484 
-3395 -313 -2118 1713 -35 -339 0 0 0 0 1 171 -1 480 
-3359 -148 -2040 1411 -125 -94 0 0 0 0 1 178 6 478 
-3386 -25 -2062 981 -159 168 0 0 0 0 1 159 8 473 
-3449 142 -2153 734 -119 274 0 0 0 0 1 168 11 480 
-3471 159 -2219 452 -42 382 0 0 0 0 1 176 14 477 
-3544 113 -2287 276 -186 478 0 0 0 0 1 176 7 486 
-3727 39 -2402 186 -404 536 0 0 0 0 1 166 15 464 
-3805 -33 -2509 81 -631 647 0 0 0 0 1 172 14 479 
-3923 -153 -2725 45 -626 732 0 0 0 0 1 172 9 481 
-4020 -256 -2834 3 -332 874 0 0 0 0 1 166 18 480 
-4321 -457 -3047 -20 -68 964 0 0 0 0 1 167 22 481 
-4710 -741 -3304 -14 2 1093 0 0 0 0 1 156 20 487 
-4931 -1244 -3727 -38 -223 1433 0 0 0 0 1 168 28 494 
-4836 -1489 -4100 -126 -160 1782 0 0 0 0 1 167 39 493 
-4726 -1644 -4288 -376 498 2395 0 0 0 0 1 165 36 498 
-5134 -1970 -4577 -807 1361 2839 0 0 0 0 1 171 42 501 
-5463 -2278 -4745 -1184 1615 3006 0 0 0 0 1 161 55 492 
-5399 -2816 -4897 -1939 1253 3426 0 0 0 0 1 171 60 494 
-5538 -3693 -5233 -2879 774 4007 0 0 0 0 1 166 72 499 
-5897 -4837 -5923 -3509 826 4468 0 0 0 0 1 171 60 501 
-6363 -5523 -6372 -4379 1871 5003 0 0 0 0 1 162 68 493 
-7698 -7631 -6994 -5226 3660 5195 0 0 0 0 1 168 67 494 
-8288 -8683 -6937 -6555 5428 4973 0 0 0 0 1 175 65 497 
-9194 -10700 -5972 -8823 6306 4586 0 0 0 0 1 182 72 473 
-9557 -11464 -5324 -10783 6682 4405 0 0 0 0 1 198 66 460 
-10119 -12553 -4815 -13863 6565 4559 0 0 0 0 1 219 49 465 
-10532 -13073 -4773 -16698 6268 5484 0 0 0 0 1 238 39 430 
-11786 -13882 -4984 -18390 6046 6513 0 0 0 0 1 232 28 417 
-14065 -15325 -5469 -20531 5176 8308 0 0 0 0 1 234 35 403 
-15484 -15766 -6558 -21914 3502 10057 0 0 0 0 1 252 44 407 
-16808 -16076 -8394 -22437 3004 10997 0 0 0 0 1 233 49 398 
-16772 -15993 -10101 -22211 2716 11505 0 0 0 0 1 234 67 403 
-15048 -16300 -11667 -21303 2622 11570 0 0 0 0 1 217 93 421 
-13339 -16952 -10864 -19420 3052 11290 0 0 0 0 1 206 91 434 
-10716 -16797 -6970 -16886 2130 9632 0 0 0 0 1 186 100 458 
-8230 -14984 -4384 -12338 -374 7030 0 0 0 0 1 194 99 455 
-4818 -14340 -2023 -8873 -463 5731 0 0 0 0 1 179 93 472 
-3029 -13632 -591 -4034 241 4854 0 0 0 0 1 169 90 479 
-1291 -12314 529 -1150 386 4865 0 0 0 0 1 159 177 448 
-1765 -4015 2388 1295 -2141 -1885 0 0 0 0 1 158 179 435 
-2019 -3227 1887 1917 -2040 -2728 0 0 0 0 1 162 186 447 
-2419 -2460 1472 2324 -1892 -3321 0 0 0 0 1 166 170 445 
-2656 -1860 1076 2867 -1740 -4054 0 0 0 0 1 169 174 437 
-2823 -1606 831 3358 -1704 -4490 0 0 0 0 1 175 163 448 
-2983 -1265 377 3689 -1631 -4595 0 0 0 0 1 189 141 438 
-2960 -1023 -30 4226 -1315 -4498 0 0 0 0 1 188 139 435 
-2902 -889 -235 4785 -960 -4210 0 0 0 0 1 197 143 429 
-2894 -714 -513 5156 -869 -4018 0 0 0 0 1 199 145 429 
-2994 -686 -733 5698 -920 -3890 0 0 0 0 1 220 136 415 
-3144 -661 -987 6187 -1066 -3972 0 0 0 0 1 213 116 408 
-3250 -778 -1375 6484 -1265 -4101 0 0 0 0 1 231 110 405 
-3236 -852 -1520 6730 -1411 -4320 0 0 0 0 1 234 121 401 
-2969 -964 -1683 6738 -1398 -4429 0 0 0 0 1 234 94 392 
-2901 -1173 -1897 6691 -1513 -4477 0 0 0 0 1 246 74 387 
-2897 -1437 -2114 6640 -1863 -4527 0 0 0 0 1 243 83 391 
-2855 -1618 -2260 6681 -2315 -4529 0 0 0 0 1 233 71 379 
-2907 -1804 -2590 6812 -2689 -4546 0 0 0 0 1 240 46 395 
-3093 -1941 -2853 7114 -3247 -4658 0 0 0 0 1 240 51 400 
-3169 -2098 -2974 7437 -3540 -4847 0 0 0 0 1 244 23 413 
-3372 -2257 -3231 7659 -3381 -5035 0 0 0 0 1 240 26 414 
-3544 -2313 -3339 8007 -2535 -5403 0 0 0 0 1 225 18 438 
-3756 -2457 -3490 8400 -1404 -5754 0 0 0 0 1 238 9 419 
-3838 -2577 -3446 8651 -755 -5928 0 0 0 0 1 228 -2 435 
-3678 -2795 -3092 8840 -377 -5990 0 0 0 0 1 222 -15 438 
-3560 -3063 -2919 8702 -1168 -5829 0 0 0 0 1 215 -8 443 
-3453 -3407 -2693 8250 -2467 -5648 0 0 0 0 1 220 -20 438 
-3513 -3732 -2609 7865 -3226 -5591 0 0 0 0 1 209 -39 458 
-4137 -4006 -2948 7377 -3705 -5747 0 0 0 0 1 188 -14 486 
-4396 -3970 -3258 7192 -2758 -6027 0 0 0 0 1 180 -28 492 
-4898 -2683 -3280 4483 729 -3288 0 0 0 0 1 162 -14 493 
-4904 -2283 -3035 4093 117 -3055 0 0 0 0 1 159 -1 492 
-4814 -2038 -3016 3317 -729 -2643 0 0 0 0 1 162 -4 493 
-4629 -1565 -3086 2510 -642 -2151 0 0 0 0 1 159 8 501 
-4507 -1210 -3391 2084 -10 -1790 0 0 0 0 1 158 0 495 
-4378 -979 -3491 1621 1331 -1276 0 0 0 0 1 166 6 494 
-4194 -809 -3395 1240 1709 -780 0 0 0 0 1 163 -6 483 
-4003 -731 -3291 925 1150 -415 0 0 0 0 1 162 -7 472 
-3873 -629 -3176 286 -142 145 0 0 0 0 1 168 3 478 
-3889 -549 -3278 -170 -904 484 0 0 0 0 1 168 6 485 
-4108 -492 -3598 -808 -1312 893 0 0 0 0 1 172 2 486 
-4258 -493 -3725 -1432 -766 1161 0 0 0 0 1 165 -12 486 
-4410 -775 -3726 -2080 -11 1369 0 0 0 0 1 163 3 494 
-4516 -1183 -3635 -2523 285 1499 0 0 0 0 1 161 6 483 
-4539 -1402 -3566 -3181 352 1720 0 0 0 0 1 165 2 498 
-4451 -1701 -3468 -3605 275 1919 0 0 0 0 1 161 -1 490 
-4396 -1889 -3400 -4186 164 2294 0 0 0 0 1 163 -8 501 
-4437 -2025 -3362 -4624 -22 2654 0 0 0 0 1 169 -9 500 
-4554 -2285 -3411 -4781 -220 2866 0 0 0 0 1 154 -15 506 
-4717 -2464 -3551 -4776 -566 3123 0 0 0 0 1 161 -18 511 
-4880 -2579 -3725 -4493 -631 3303 0 0 0 0 1 166 -25 511 
-5012 -2783 -4016 -3980 -94 3425 0 0 0 0 1 166 -25 515 
-5219 -2896 -4235 -3554 596 3454 0 0 0 0 1 173 -33 511 
-5193 -3307 -4662 -2702 1812 3580 0 0 0 0 1 168 -20 504 
-5410 -4555 -5497 -1626 2915 3823 0 0 0 0 1 163 -25 504 
-5270 -5467 -6022 -769 3409 4166 0 0 0 0 1 179 -9 505 
-5302 -6544 -6148 319 3682 4952 0 0 0 0 1 197 -8 480 
-5970 -8850 -5331 490 3858 5539 0 0 0 0 1 201 23 469 
-6288 -9413 -5066 -693 4960 6130 0 0 0 0 1 214 39 449 
-7940 -11373 -4248 -2668 6373 5970 0 0 0 0 1 213 45 427 
-8408 -12042 -4179 -7090 8657 4534 0 0 0 0 1 230 55 403 
-9681 -13806 -3563 -12422 10017 1895 0 0 0 0 1 244 65 380 
-10694 -15900 -3055 -15796 10151 195 0 0 0 0 1 250 46 351 
-10495 -17709 -1913 -20583 9708 -977 0 0 0 0 1 258 40 334 
-10071 -18226 -1891 -24534 6417 131 0 0 0 0 1 261 29 293 
-8640 -18225 -3464 -26790 1097 3942 0 0 0 0 1 251 50 280 
-8979 -16780 -6041 -27046 -697 6473 0 0 0 0 1 252 71 300 
-11134 -15811 -7049 -25739 1017 7128 0 0 0 0 1 235 76 318 
-10049 -14849 -3485 -23537 849 6381 0 0 0 0 1 247 95 344 
-7579 -13987 -2124 -20962 -1509 6354 0 0 0 0 1 234 99 373 
-5633 -12940 -1670 -14682 -3880 5920 0 0 0 0 1 208 101 431 
-3688 -12133 -1075 -9799 -3256 5127 0 0 0 0 1 180 94 457 
-1462 -11700 427 -3528 -812 4637 0 0 0 0 1 176 95 481 
-1490 -10918 1109 638 773 4717 0 0 0 0 1 184 112 470 
-2334 -10007 1919 2249 1655 4673 0 0 0 0 1 167 130 458 
-2887 -9345 2295 3221 2744 4172 0 0 0 0 1 171 136 443 
-3357 -8380 2858 3129 2924 3644 0 0 0 0 1 163 153 443 
-3244 -7809 3377 2209 2361 2808 0 0 0 0 1 167 169 435 
-2659 -6673 3920 931 994 2046 0 0 0 0 1 171 180 427 
-2286 -6180 3837 199 27 1576 0 0 0 0 1 168 185 422 
-2004 -5659 3666 -528 -1027 828 0 0 0 0 1 163 192 417 
-1617 -4942 3211 -713 -1530 302 0 0 0 0 1 147 177 438 
-1337 -4249 2755 -599 -1997 -542 0 0 0 0 1 149 190 431 
-1314 -3793 2438 -117 -2125 -1471 0 0 0 0 1 153 174 442 
-1495 -2911 1735 603 -1797 -2414 0 0 0 0 1 155 181 447 
-1584 -2535 1460 1133 -1406 -2978 0 0 0 0 1 156 177 445 
-1787 -2191 1213 1911 -892 -3705 0 0 0 0 1 169 171 451 
-1954 -1669 930 2376 -673 -4058 0 0 0 0 1 171 163 445 
-2109 -1257 688 2994 -526 -4365 0 0 0 0 1 185 158 438 
-2156 -1054 522 3510 -471 -4416 0 0 0 0 1 194 155 431 
-2270 -818 385 3797 -422 -4370 0 0 0 0 1 194 136 424 
-2436 -673 190 4158 -419 -4256 0 0 0 0 1 202 122 426 
-2491 -603 39 4504 -617 -4125 0 0 0 0 1 213 109 417 
-2571 -554 -207 4730 -806 -4063 0 0 0 0 1 213 106 408 
-2654 -530 -420 5094 -993 -4068 0 0 0 0 1 230 101 413 
-2832 -475 -792 5524 -914 -4224 0 0 0 0 1 233 100 402 
-3024 -377 -1241 5859 -754 -4364 0 0 0 0 1 233 88 412 
-2987 -310 -1539 6416 -415 -4493 0 0 0 0 1 241 57 396 
-2954 -301 -1991 7014 -140 -4501 0 0 0 0 1 234 67 385 
-2990 -343 -2125 7382 -156 -4439 0 0 0 0 1 254 41 377 
-3060 -609 -2228 7796 -487 -4263 0 0 0 0 1 254 46 388 
-2980 -730 -2267 7998 -940 -4019 0 0 0 0 1 254 31 384 
-2823 -963 -2342 7984 -1183 -3831 0 0 0 0 1 250 14 374 
-2684 -1094 -2327 7748 -1261 -3574 0 0 0 0 1 254 4 384 
-2638 -1246 -2602 7567 -1017 -3416 0 0 0 0 1 251 3 371 
-2617 -1360 -3199 7696 -455 -3354 0 0 0 0 1 252 -7 388 
-2558 -1466 -3310 7940 -76 -3310 0 0 0 0 1 238 -9 381 
-2523 -1549 -3284 8332 -167 -3204 0 0 0 0 1 247 -14 381 
-2593 -1774 -3042 8506 -1362 -3154 0 0 0 0 1 233 -14 393 
-2871 -1923 -2836 8402 -2362 -3246 0 0 0 0 1 246 -30 401 
-3068 -2123 -2640 7881 -3273 -3467 0 0 0 0 1 224 -26 412 
-3186 -2267 -2699 7179 -3047 -3654 0 0 0 0 1 222 -25 427 
-3259 -2272 -2990 6800 -2430 -3715 0 0 0 0 1 215 -18 448 
-3398 -2244 -3262 6605 -1418 -3789 0 0 0 0 1 214 -22 447 
-3653 -2085 -3734 6902 -674 -3877 0 0 0 0 1 201 -23 455 
-3817 -2057 -3779 7354 -771 -3907 0 0 0 0 1 205 -22 456 
-3910 -1976 -3536 7491 -1571 -3889 0 0 0 0 1 202 -24 463 
-3797 -1973 -3046 7295 -2977 -3844 0 0 0 0 1 188 -22 470 
-3852 -2009 -2918 6564 -4208 -3811 0 0 0 0 1 178 -13 478 
-4451 -814 -2814 2131 -323 -1197 0 0 0 0 1 149 23 497 
-4508 -705 -2784 1890 1004 -939 0 0 0 0 1 154 3 487 
-4445 -511 -2712 1687 1387 -769 0 0 0 0 1 176 9 484 
-4243 -398 -2672 1298 1143 -450 0 0 0 0 1 160 19 486 
-4016 -341 -2687 811 430 3 0 0 0 0 1 168 11 473 
-3841 -279 -2756 267 -104 471 0 0 0 0 1 166 28 478 
-3885 -255 -2825 -80 -202 724 0 0 0 0 1 172 17 491 
-3965 -245 -2880 -565 -53 967 0 0 0 0 1 165 19 477 
-4144 -287 -2962 -866 89 1056 0 0 0 0 1 178 23 469 
-4333 -352 -2956 -1328 260 1114 0 0 0 0 1 169 19 488 
-4371 -445 -2906 -1838 398 1196 0 0 0 0 1 176 22 491 
-4228 -600 -2905 -2165 463 1339 0 0 0 0 1 163 15 492 
-4080 -683 -2916 -2598 515 1680 0 0 0 0 1 169 24 488 
-3835 -813 -2972 -2949 466 2082 0 0 0 0 1 174 24 498 
-3807 -912 -3050 -3120 293 2342 0 0 0 0 1 163 13 490 
-3820 -1022 -3156 -3258 -174 2676 0 0 0 0 1 167 17 495 
-3947 -1190 -3332 -3281 -466 2847 0 0 0 0 1 160 17 502 
-4053 -1276 -3486 -3205 -641 3029 0 0 0 0 1 158 19 502 
-4118 -1447 -3803 -2972 -412 3186 0 0 0 0 1 160 24 519 
-4065 -1802 -4139 -2585 222 3355 0 0 0 0 1 156 20 515 
-4135 -2229 -4414 -2285 599 3453 0 0 0 0 1 161 13 511 
-4376 -2628 -4589 -1826 641 3526 0 0 0 0 1 162 24 507 
-5092 -3358 -4818 -1518 478 3506 0 0 0 0 1 160 19 505 
-5563 -3923 -4989 -1065 392 3474 0 0 0 0 1 167 26 512 
-6112 -4904 -4999 -797 1146 3588 0 0 0 0 1 180 35 508 
-6597 -6138 -4727 -818 2123 3782 0 0 0 0 1 172 49 519 
-6954 -7320 -4374 -1335 3533 4266 0 0 0 0 1 179 53 491 
-7660 -9150 -3396 -2174 4216 4637 0 0 0 0 1 181 66 495 
-8115 -10585 -2106 -4471 5342 5089 0 0 0 0 1 197 77 485 
-8700 -11247 -1617 -7885 5989 4957 0 0 0 0 1 201 77 464 
-10194 -11923 -1106 -10528 6451 4385 0 0 0 0 1 218 65 450 
-10578 -12995 -1372 -14330 7819 3511 0 0 0 0 1 226 63 437 
-10401 -14455 -1307 -17587 8793 3644 0 0 0 0 1 239 45 424 
-10361 -17034 -1518 -19395 8111 4592 0 0 0 0 1 243 39 402 
-10555 -17750 -1839 -21634 5276 6838 0 0 0 0 1 250 31 374 
-11512 -17113 -2752 -23159 2595 8816 0 0 0 0 1 254 61 367 
-12395 -16779 -3649 -23626 2003 9798 0 0 0 0 1 241 72 380 
-11325 -16794 -3358 -23480 2427 11168 0 0 0 0 1 232 82 394 
-9728 -16153 -2386 -21771 2193 11620 0 0 0 0 1 214 88 419 
-8315 -15091 -1655 -19260 1546 11062 0 0 0 0 1 206 99 434 
-7012 -13447 -1482 -12739 -695 8133 0 0 0 0 1 193 105 449 
-4553 -11912 -43 -5733 -591 5315 0 0 0 0 1 173 91 476 
-628 -12023 2322 -2313 580 4909 0 0 0 0 1 163 104 480 
64 -10804 3356 1038 980 5281 0 0 0 0 1 163 123 469 
-520 -10200 3717 2812 983 5119 0 0 0 0 1 162 132 472 
-1949 -9396 3663 3452 1174 4380 0 0 0 0 1 151 149 467 
-2662 -8555 3739 3613 1286 2702 0 0 0 0 1 153 171 447 
-3178 -7285 3889 3007 715 1051 0 0 0 0 1 145 187 445 
-2990 -6396 3864 2382 131 247 0 0 0 0 1 149 182 438 
-2539 -5822 3675 1464 -562 -415 0 0 0 0 1 136 186 442 
-1961 -5025 3110 1044 -804 -642 0 0 0 0 1 147 180 431 
-1794 -4474 2598 835 -1145 -938 0 0 0 0 1 154 175 431 
-1639 -3505 1698 1062 -1513 -1327 0 0 0 0 1 147 182 434 
-1633 -3085 1376 1371 -1594 -1676 0 0 0 0 1 148 176 428 
-1849 -2675 1035 1980 -1475 -2390 0 0 0 0 1 158 186 437 
-2115 -2150 595 2424 -1196 -2927 0 0 0 0 1 160 174 435 
-2281 -1817 378 3063 -454 -3666 0 0 0 0 1 175 192 422 
-2323 -1654 227 3672 210 -4171 0 0 0 0 1 167 171 412 
-2372 -1438 76 4044 460 -4359 0 0 0 0 1 192 160 408 
-2421 -1340 34 4527 481 -4445 0 0 0 0 1 202 152 402 
-2416 -1276 -56 4802 247 -4382 0 0 0 0 1 206 143 389 
-2414 -1309 -154 5161 -352 -4189 0 0 0 0 1 212 139 365 
-2486 -1404 -363 5508 -929 -4004 0 0 0 0 1 226 122 365 
-2570 -1529 -737 5774 -1138 -3940 0 0 0 0 1 243 117 363 
-2592 -1640 -1004 6227 -992 -3928 0 0 0 0 1 237 111 359 
-2566 -1752 -1386 6797 -472 -4012 0 0 0 0 1 233 88 356 
-2799 -1977 -1900 7503 -77 -4199 0 0 0 0 1 238 93 353 
-3102 -2119 -2144 8032 -116 -4411 0 0 0 0 1 270 50 341 
-3388 -2224 -2372 8820 -699 -4774 0 0 0 0 1 267 47 329 
-3413 -2599 -2769 9516 -1569 -4999 0 0 0 0 1 261 31 335 
-3348 -2915 -2958 9892 -2077 -5040 0 0 0 0 1 263 3 338 
-3269 -3169 -3067 10235 -2476 -5024 0 0 0 0 1 258 -8 345 
-3282 -3567 -3123 10345 -2513 -5011 0 0 0 0 1 248 -18 345 
-3299 -4017 -3203 10396 -2283 -5011 0 0 0 0 1 258 -47 366 
-3421 -4310 -3319 10483 -2023 -5142 0 0 0 0 1 247 -66 372 
-4051 -4761 -3728 10743 -2394 -5538 0 0 0 0 1 234 -65 394 
-4422 -5050 -3941 10911 -2904 -5860 0 0 0 0 1 240 -61 414 
-4761 -5246 -4198 11240 -3634 -6393 0 0 0 0 1 230 -74 420 
-5403 -5361 -5082 11887 -3580 -6816 0 0 0 0 1 220 -79 452 
-5207 -5270 -5569 12450 -2262 -6791 0 0 0 0 1 176 -71 495 
-4870 -5058 -5493 13238 1412 -6038 0 0 0 0 1 187 -52 487 
-4022 -4623 -4876 13560 5500 -4396 0 0 0 0 1 192 -40 478 
-3758 -4329 -4066 13312 6991 -3130 0 0 0 0 1 200 -17 463 
-3462 -4274 -3082 12001 6028 -1526 0 0 0 0 1 206 -11 441 
-3132 -4509 -2242 9665 2418 -641 0 0 0 0 1 211 11 420 
-3140 -4949 -1877 7980 -395 -527 0 0 0 0 1 219 17 412 
-3166 -4850 -2413 5929 -3449 -740 0 0 0 0 1 212 31 414 
-3419 -4654 -3401 4628 -4377 -1029 0 0 0 0 1 205 36 433 
-3637 -3943 -3918 3788 -3728 -1177 0 0 0 0 1 204 30 422 
-3836 -3527 -3924 3364 -2804 -1237 0 0 0 0 1 201 28 450 
-4153 -2932 -4025 2947 -1510 -1272 0 0 0 0 1 194 40 443 
-4156 -2628 -3965 2666 -673 -1140 0 0 0 0 1 192 40 448 
-4077 -2313 -3886 2497 -448 -948 0 0 0 0 1 198 36 449 
-3910 -2154 -3874 2244 -536 -480 0 0 0 0 1 192 45 448 
-3540 -1810 -3838 1899 -740 103 0 0 0 0 1 194 50 443 
-3473 -1632 -3875 1633 -792 466 0 0 0 0 1 185 47 450 
-3502 -1512 -3919 1195 -646 840 0 0 0 0 1 181 53 444 
-3702 -1382 -4034 692 -337 985 0 0 0 0 1 184 53 435 
-3730 -1377 -4053 301 -104 1009 0 0 0 0 1 186 76 435 
-3710 -1444 -4063 -336 212 1025 0 0 0 0 1 179 61 447 
-3670 -1645 -4120 -743 329 1038 0 0 0 0 1 189 74 455 
-3671 -1796 -4189 -1273 409 1079 0 0 0 0 1 184 58 449 
-3812 -2086 -4120 -1943 541 1136 0 0 0 0 1 181 71 449 
-3804 -2232 -4030 -2309 585 1207 0 0 0 0 1 186 66 458 
-3773 -2312 -3900 -2925 596 1374 0 0 0 0 1 186 76 458 
-3783 -2310 -3681 -3581 578 1560 0 0 0 0 1 182 69 457 
-3688 -2371 -3528 -3975 547 1718 0 0 0 0 1 185 69 473 
-3715 -2428 -3531 -4416 385 1956 0 0 0 0 1 174 61 470 
-3889 -2691 -3667 -4560 232 2109 0 0 0 0 1 180 69 480 
-4126 -2973 -3891 -4575 88 2359 0 0 0 0 1 180 60 480 
-4211 -3157 -4031 -4442 196 2688 0 0 0 0 1 175 50 469 
-4489 -3399 -4116 -4321 522 2910 0 0 0 0 1 178 55 490 
-4930 -3706 -4277 -4005 1399 3062 0 0 0 0 1 185 52 478 
-6417 -4608 -4805 -18539 7663 -650 0 0 0 0 1 254 80 346 
-10687 -17513 -1955 -21375 7600 189 0 0 0 0 1 258 57 334 
-10399 -17685 -2045 -23180 5252 1813 0 0 0 0 1 251 57 327 
-10595 -16529 -2388 -25365 139 5375 0 0 0 0 1 254 73 325 
-12095 -15311 -3878 -26282 -2497 8963 0 0 0 0 1 246 74 343 
-13818 -15102 -3865 -26227 -1870 10421 0 0 0 0 1 225 89 394 
-13437 -15407 -4012 -24493 -364 11041 0 0 0 0 1 214 95 421 
-11007 -15524 -4825 -19797 283 10273 0 0 0 0 1 192 96 476 
-7720 -15075 -4307 -15197 901 8878 0 0 0 0 1 175 69 485 
-5315 -14394 -2397 -8120 1879 6507 0 0 0 0 1 167 73 495 
-1973 -13546 1054 -4428 2296 5681 0 0 0 0 1 171 74 497 
-1056 -12544 2660 -774 1744 5219 0 0 0 0 1 175 79 490 
-1360 -11235 3728 1308 544 4642 0 0 0 0 1 172 88 470 
-2054 -9888 3915 2361 201 3662 0 0 0 0 1 154 121 473 
-2158 -9043 3733 2689 230 2921 0 0 0 0 1 171 131 473 
-2117 -8055 3420 2945 360 1872 0 0 0 0 1 155 139 470 
-2008 -6845 2993 3037 552 1253 0 0 0 0 1 156 158 459 
-1955 -6149 2786 3121 659 438 0 0 0 0 1 149 168 455 
-1909 -5131 2564 3111 373 -275 0 0 0 0 1 158 161 451 
-1742 -4359 2354 3074 48 -671 0 0 0 0 1 173 170 438 
-1648 -3880 2179 3049 -561 -1144 0 0 0 0 1 167 171 437 
-1426 -3261 1764 3088 -955 -1382 0 0 0 0 1 166 182 431 
-1407 -2889 1453 3243 -1337 -1740 0 0 0 0 1 167 176 435 
-1553 -2341 993 3480 -1220 -2195 0 0 0 0 1 171 180 429 
-1818 -1788 590 3721 -760 -2727 0 0 0 0 1 176 166 423 
-2043 -1559 320 3916 -529 -3120 0 0 0 0 1 181 181 409 
-2186 -1330 89 4259 -328 -3686 0 0 0 0 1 187 175 410 
-2222 -1093 -195 4509 -256 -3978 0 0 0 0 1 198 161 388 
-2234 -1023 -308 4863 -278 -4262 0 0 0 0 1 209 147 388 
-2268 -977 -478 5197 -567 -4392 0 0 0 0 1 222 148 362 
-2276 -1008 -589 5513 -1030 -4436 0 0 0 0 1 230 131 375 
-2341 -1063 -786 5730 -1289 -4460 0 0 0 0 1 233 107 360 
-2524 -1234 -949 6023 -1337 -4514 0 0 0 0 1 248 94 355 
-2528 -1331 -1015 6170 -967 -4543 0 0 0 0 1 246 87 350 
-2784 -1393 -1218 6216 -871 -4582 0 0 0 0 1 257 78 349 
-3268 -1457 -1633 6339 -1218 -4743 0 0 0 0 1 255 50 350 
-3500 -1491 -1843 6555 -1623 -4940 0 0 0 0 1 272 28 348 
-3421 -1595 -2073 6880 -1754 -4971 0 0 0 0 1 257 14 356 
-3314 -1767 -2312 7182 -1750 -4910 0 0 0 0 1 259 -4 356 
-3134 -1849 -2510 7773 -1547 -4767 0 0 0 0 1 254 -22 365 
-3107 -1907 -2603 8492 -1150 -4687 0 0 0 0 1 248 -18 378 
-3118 -2091 -2585 8954 -888 -4680 0 0 0 0 1 244 -38 382 
-3207 -2236 -2499 9451 -746 -4739 0 0 0 0 1 245 -53 381 
-3354 -2493 -2444 9695 -1141 -4909 0 0 0 0 1 237 -62 401 
-3950 -2809 -2637 9842 -1930 -5300 0 0 0 0 1 237 -62 417 
-3931 -2937 -2635 9873 -2260 -5566 0 0 0 0 1 222 -72 429 
-3902 -3042 -2816 10004 -2111 -5774 0 0 0 0 1 212 -78 437 
-3825 -3249 -3288 10425 -901 -5672 0 0 0 0 1 215 -82 452 
-3595 -3354 -3062 10758 304 -5370 0 0 0 0 1 193 -66 477 
-3428 -3636 -2894 11057 1403 -4496 0 0 0 0 1 198 -56 479 
-3154 -3727 -2657 10822 1307 -3427 0 0 0 0 1 197 -55 473 
-3440 -4065 -2455 10369 809 -2845 0 0 0 0 1 189 -35 487 
-3439 -4034 -2212 9233 -36 -2186 0 0 0 0 1 198 -17 470 
-3549 -4072 -2176 7913 -459 -1870 0 0 0 0 1 194 -1 471 
-3574 -3914 -2565 7129 -190 -1810 0 0 0 0 1 193 7 477 
-3554 -3802 -2797 6181 704 -1833 0 0 0 0 1 186 14 479 
-3612 -3867 -2874 5427 615 -1830 0 0 0 0 1 189 28 464 
-3416 -3749 -2729 4596 -482 -1708 0 0 0 0 1 195 24 470 
-3342 -3502 -2704 4005 -1171 -1571 0 0 0 0 1 194 28 448 
-3249 -3289 -2768 3126 -1645 -1265 0 0 0 0 1 193 34 465 
-3321 -2840 -2825 2047 -1092 -967 0 0 0 0 1 185 33 459 
-3559 -2319 -2896 1381 -477 -879 0 0 0 0 1 176 46 474 
-3452 -2012 -2915 857 -173 -797 0 0 0 0 1 171 38 471 
-3347 -1693 -2941 493 -202 -703 0 0 0 0 1 179 26 470 
-3153 -1195 -2947 274 -347 -537 0 0 0 0 1 178 38 466 
-3084 -1013 -2963 178 -514 -364 0 0 0 0 1 187 38 462 
-3146 -811 -2990 93 -730 -112 0 0 0 0 1 181 41 470 
-3275 -584 -3065 45 -677 104 0 0 0 0 1 182 28 471 
-3390 -400 -3115 13 -195 258 0 0 0 0 1 178 28 448 
-3457 -275 -3050 -40 288 331 0 0 0 0 1 174 26 470 
-3492 -276 -3014 -174 887 420 0 0 0 0 1 197 25 469 
-3606 -318 -3077 -352 1036 464 0 0 0 0 1 186 36 463 
-3655 -374 -3038 -513 974 504 0 0 0 0 1 191 31 463 
-3637 -640 -3064 -788 593 715 0 0 0 0 1 180 33 464 
-3664 -777 -3061 -1122 129 1078 0 0 0 0 1 200 36 470 
-3709 -911 -3038 -1383 -61 1354 0 0 0 0 1 179 36 460 
-3716 -1026 -3064 -1787 -220 1775 0 0 0 0 1 185 42 478 
-3713 -1170 -3200 -2120 -263 2151 0 0 0 0 1 181 46 467 
-3752 -1427 -3411 -2284 -277 2439 0 0 0 0 1 188 41 474 
-3780 -1668 -3700 -2301 -333 2592 0 0 0 0 1 181 44 467 
-3804 -1805 -3866 -2251 -390 2793 0 0 0 0 1 179 51 477 
-4007 -2161 -4145 -2164 -341 2929 0 0 0 0 1 181 56 493 
-4330 -2491 -4517 -2100 -75 2970 0 0 0 0 1 184 56 493 
-4447 -2634 -4750 -2019 698 3069 0 0 0 0 1 179 66 481 
-4541 -3521 -5133 -1957 1284 3363 0 0 0 0 1 171 74 485 
-4834 -4599 -5328 -2110 1574 3857 0 0 0 0 1 171 69 492 
-5091 -5922 -5219 -2857 2102 4468 0 0 0 0 1 175 77 494 
-5837 -7299 -5070 -3760 2720 4754 0 0 0 0 1 176 78 477 
-6553 -8599 -5247 -5626 3879 4918 0 0 0 0 1 184 83 486 
-7972 -10192 -5247 -7326 5094 4737 0 0 0 0 1 193 80 477 
-8746 -11744 -5025 -10710 7861 4335 0 0 0 0 1 200 88 458 
-9090 -12466 -4878 -14936 10488 3864 0 0 0 0 1 207 73 449 
-10445 -13633 -4383 -17781 10493 3580 0 0 0 0 1 246 50 403 
-11633 -14956 -4263 -21551 8682 3744 0 0 0 0 1 251 42 389 
-13288 -15030 -5167 -24415 6278 4498 0 0 0 0 1 252 44 374 
-13756 -14699 -5277 -26639 3013 6241 0 0 0 0 1 265 47 366 
-13487 -13317 -6188 -27185 161 7881 0 0 0 0 1 251 50 359 
-13471 -13288 -8359 -25271 -1832 9815 0 0 0 0 1 244 55 399 
-12450 -13932 -9348 -19905 144 9565 0 0 0 0 1 233 66 414 
-7799 -15028 -5955 -13110 1765 7905 0 0 0 0 1 233 68 421 
-5540 -14280 -2314 -9437 2023 6921 0 0 0 0 1 218 77 427 
-4141 -13216 135 -5784 535 6089 0 0 0 0 1 214 85 435 
-2898 -12111 2095 -4127 -459 5741 0 0 0 0 1 199 94 450 
-2441 -11004 2580 -2042 -976 4912 0 0 0 0 1 185 109 452 
-2466 -10174 2233 -61 -733 3593 0 0 0 0 1 178 128 457 
-2147 -8973 1738 1051 -242 2776 0 0 0 0 1 187 126 450 
-1919 -8138 1649 2186 425 1866 0 0 0 0 1 187 143 455 
-1863 -6907 1555 2753 343 1211 0 0 0 0 1 174 152 451 
-2026 -5875 1430 2854 -60 828 0 0 0 0 1 180 148 452 
-2173 -5230 1520 2601 -558 259 0 0 0 0 1 166 145 438 
-2209 -4518 1572 2294 -728 -56 0 0 0 0 1 175 170 431 
-2034 -4188 1584 1791 -759 -368 0 0 0 0 1 168 170 436 
-1757 -3620 1568 1379 -596 -613 0 0 0 0 1 169 161 428 
-1700 -3035 1365 1221 -483 -858 0 0 0 0 1 179 169 426 
-1778 -2590 1152 1176 -419 -1438 0 0 0 0 1 174 169 437 
-1827 -1970 815 1344 -383 -2184 0 0 0 0 1 179 166 428 
-1956 -1449 623 1524 -425 -2684 0 0 0 0 1 188 154 428 
-1944 -1249 431 1894 -680 -3258 0 0 0 0 1 191 149 423 
-1960 -926 188 2315 -952 -3568 0 0 0 0 1 207 142 423 
-1948 -700 22 2600 -1020 -3652 0 0 0 0 1 193 130 419 
-1992 -571 -71 3020 -905 -3679 0 0 0 0 1 201 133 422 
-2079 -387 -194 3300 -647 -3672 0 0 0 0 1 211 121 417 
-2123 -257 -148 3663 -19 -3642 0 0 0 0 1 219 107 421 
-2173 -191 -55 3931 562 -3657 0 0 0 0 1 232 96 403 
-2382 -75 -32 4078 680 -3708 0 0 0 0 1 237 89 389 
-2458 100 -91 4277 368 -3774 0 0 0 0 1 253 77 389 
-2353 173 -176 4499 -237 -3733 0 0 0 0 1 241 67 385 
-2442 354 -689 4706 -541 -3684 0 0 0 0 1 255 45 375 
-2456 460 -927 5102 -495 -3605 0 0 0 0 1 251 55 382 
-2391 555 -1092 5575 7 -3481 0 0 0 0 1 258 45 366 
-2359 424 -1248 6078 398 -3336 0 0 0 0 1 250 14 363 
-2300 294 -1334 6382 479 -3255 0 0 0 0 1 251 25 364 
-2283 248 -1374 6744 276 -3179 0 0 0 0 1 251 15 359 
-2219 94 -1427 6976 -238 -3146 0 0 0 0 1 257 0 367 
-2173 -68 -1428 7005 -592 -3156 0 0 0 0 1 251 -13 364 
-2205 -136 -1608 6962 -895 -3215 0 0 0 0 1 243 -14 377 
-2436 -92 -2040 6898 -539 -3341 0 0 0 0 1 251 -28 366 
-2705 -26 -2440 6901 23 -3432 0 0 0 0 1 248 -45 364 
-2786 51 -2729 7086 792 -3470 0 0 0 0 1 252 -29 381 
-2669 124 -2916 7380 939 -3213 0 0 0 0 1 245 -58 381 
-2315 27 -2755 7509 565 -2872 0 0 0 0 1 241 -72 382 
-2289 -75 -2631 7442 -821 -2297 0 0 0 0 1 243 -61 384 
-2495 -184 -2532 7003 -2415 -1957 0 0 0 0 1 243 -63 393 
-2783 -299 -2467 6379 -2829 -1947 0 0 0 0 1 227 -60 403 
-3195 -275 -2782 6053 -2294 -2070 0 0 0 0 1 222 -55 422 
-3265 -134 -2981 5826 -814 -2245 0 0 0 0 1 221 -58 433 
-3408 28 -3240 5958 343 -2358 0 0 0 0 1 214 -51 435 
-3305 205 -3173 6127 595 -2349 0 0 0 0 1 206 -55 424 
-3189 213 -2905 6181 -43 -2172 0 0 0 0 1 222 -45 441 
-3030 155 -2531 5868 -1584 -1790 0 0 0 0 1 211 -47 448 
-2920 124 -2284 5496 -2454 -1501 0 0 0 0 1 206 -42 455 
-3007 61 -2227 4961 -3088 -1207 0 0 0 0 1 201 -35 455 
-3645 4 -2464 4707 -2996 -1207 0 0 0 0 1 186 -22 477 
-3728 41 -2470 4412 -1965 -1422 0 0 0 0 1 184 -9 484 
-3748 80 -2514 4262 -602 -1686 0 0 0 0 1 167 34 500 
-4091 191 -2719 2836 1404 -396 0 0 0 0 1 161 30 499 
-4011 122 -2661 2042 1233 -101 0 0 0 0 1 179 56 493 
-3876 -18 -2786 1213 784 198 0 0 0 0 1 176 56 491 
-3826 -161 -3067 747 549 373 0 0 0 0 1 176 56 486 
-3799 -255 -3227 202 323 598 0 0 0 0 1 173 55 476 
-3759 -489 -3414 -74 94 763 0 0 0 0 1 174 63 484 
-3765 -549 -3544 -383 -292 999 0 0 0 0 1 172 61 477 
-3914 -517 -3754 -611 -325 1148 0 0 0 0 1 168 62 483 
-4033 -521 -3924 -687 -54 1184 0 0 0 0 1 173 62 487 
-4109 -562 -4052 -744 836 1196 0 0 0 0 1 169 58 477 
-3872 -762 -4178 -800 1624 1265 0 0 0 0 1 176 71 491 
-3568 -1231 -4454 -915 2203 1552 0 0 0 0 1 181 71 477 
-3416 -1591 -4680 -1100 1699 1993 0 0 0 0 1 188 66 474 
-3549 -2082 -5021 -1256 1119 2287 0 0 0 0 1 182 77 471 
-3803 -2459 -5256 -1538 674 2630 0 0 0 0 1 184 71 460 
-4310 -2792 -5424 -1938 1463 2846 0 0 0 0 1 188 80 477 
-4744 -4158 -5776 -2318 2319 2960 0 0 0 0 1 192 87 476 
-5394 -5134 -6172 -3080 2934 3029 0 0 0 0 1 193 98 465 
-6046 -6848 -6691 -3705 2916 3096 0 0 0 0 1 198 95 456 
-16411 -15344 -7207 -23977 2778 8977 0 0 0 0 1 245 73 365 
-16376 -15587 -8095 -23292 3531 10233 0 0 0 0 1 226 100 370 
-14700 -16114 -7902 -21170 4149 11468 0 0 0 0 1 224 112 388 
-13614 -16527 -6190 -18234 3728 10809 0 0 0 0 1 201 126 396 
-12181 -14804 -3624 -15097 1729 8842 0 0 0 0 1 206 118 417 
-8344 -13341 -1356 -9624 -483 6207 0 0 0 0 1 175 138 448 
-5167 -13033 -52 -5426 -7 6206 0 0 0 0 1 178 121 457 
-3450 -11811 1154 -3323 511 6513 0 0 0 0 1 168 141 459 
-3279 -11291 2003 -794 1142 6153 0 0 0 0 1 152 155 452 
-3310 -10793 2582 916 1412 4792 0 0 0 0 1 151 164 453 
-3240 -9697 3200 1715 1039 3092 0 0 0 0 1 127 181 460 
-2787 -8540 3321 1829 723 2071 0 0 0 0 1 141 181 456 
-2534 -7761 3362 1557 376 818 0 0 0 0 1 135 197 438 
-2454 -6662 3156 1276 -17 163 0 0 0 0 1 135 195 443 
-2242 -6030 2964 982 -592 -455 0 0 0 0 1 138 204 455 
-1736 -5250 2624 1050 -770 -732 0 0 0 0 1 151 188 453 
-1447 -4452 2240 1303 -759 -902 0 0 0 0 1 145 204 448 
-1396 -3909 2054 1875 -630 -1322 0 0 0 0 1 140 197 450 
-1555 -3191 1903 2280 -523 -1749 0 0 0 0 1 151 188 433 
-1759 -2543 1845 2776 -546 -2503 0 0 0 0 1 153 198 423 
-1899 -2223 1702 3132 -914 -3226 0 0 0 0 1 163 182 427 
-2294 -1737 1225 3381 -1305 -3839 0 0 0 0 1 154 197 415 
-2407 -1558 942 3525 -1446 -4140 0 0 0 0 1 159 187 413 
-2518 -1408 667 3749 -1503 -4437 0 0 0 0 1 189 185 399 
-2726 -1240 261 4018 -1449 -4609 0 0 0 0 1 189 170 408 
-2804 -1172 140 4215 -1418 -4683 0 0 0 0 1 194 153 396 
-2904 -1148 18 4526 -1473 -4754 0 0 0 0 1 214 152 407 
-2927 -1173 -153 4736 -1557 -4766 0 0 0 0 1 221 134 379 
-2940 -1270 -402 5053 -1644 -4732 0 0 0 0 1 222 136 399 
-3042 -1345 -682 5352 -1701 -4693 0 0 0 0 1 228 120 391 
-3263 -1441 -915 5667 -1853 -4794 0 0 0 0 1 239 101 378 
-3817 -1484 -1328 5884 -1861 -4982 0 0 0 0 1 247 90 384 
-4185 -1488 -1569 6188 -1537 -5341 0 0 0 0 1 247 73 381 
-4370 -1479 -1990 6491 -1170 -5480 0 0 0 0 1 245 56 379 
-4156 -1539 -2128 6703 -1053 -5348 0 0 0 0 1 250 39 374 
-3981 -1615 -2191 6966 -1035 -4918 0 0 0 0 1 257 14 381 
-3755 -1767 -2229 7146 -1202 -4394 0 0 0 0 1 255 11 382 
-3604 -2003 -2320 7248 -1365 -4101 0 0 0 0 1 241 -1 385 
-3562 -2205 -2417 7450 -1575 -3871 0 0 0 0 1 251 -11 389 
-3631 -2520 -2537 7719 -1592 -3937 0 0 0 0 1 241 -25 392 
-4031 -2848 -2840 7948 -1494 -4169 0 0 0 0 1 246 -28 394 
-4329 -3030 -3018 8160 -1126 -4657 0 0 0 0 1 227 -40 420 
-4207 -3185 -2987 8098 -728 -4971 0 0 0 0 1 244 -25 424 
-4006 -3281 -3032 7966 -715 -5023 0 0 0 0 1 231 -39 423 
-3842 -3338 -3164 7777 -1061 -4871 0 0 0 0 1 232 -55 436 
-3825 -3451 -3463 7834 -1562 -4566 0 0 0 0 1 217 -71 428 
-4020 -3516 -3954 8080 -1944 -4364 0 0 0 0 1 199 -57 469 
-4617 -3603 -4423 8742 -2497 -4274 0 0 0 0 1 197 -60 466 
-5095 -3619 -4675 9501 -2837 -4536 0 0 0 0 1 174 -46 479 
-5664 -3605 -4664 9771 -2596 -4842 0 0 0 0 1 176 -36 493 
-5707 -3417 -4325 9523 -1400 -5182 0 0 0 0 1 168 -35 501 
-5090 -3177 -4081 8704 291 -4983 0 0 0 0 1 174 -17 500 
-4658 -3019 -4281 7941 1891 -4248 0 0 0 0 1 163 -6 494 
-4029 -2724 -4851 7657 2687 -3571 0 0 0 0 1 180 6 487 
-3914 -2712 -4918 7413 2430 -2385 0 0 0 0 1 175 11 471 
-3659 -2541 -4889 7062 602 -1340 0 0 0 0 1 189 20 473 
-3802 -2386 -4818 6775 -691 -892 0 0 0 0 1 186 31 463 
-3980 -2149 -5054 6321 -1849 -584 0 0 0 0 1 182 42 457 
-4042 -1842 -4929 5438 -1327 -493 0 0 0 0 1 173 55 457 
-3264 -355 -3884 -364 403 -135 0 0 0 0 1 193 68 449 
-3493 -408 -3696 -490 842 -215 0 0 0 0 1 185 72 441 
-3612 -495 -3580 -706 1256 -327 0 0 0 0 1 185 69 431 
-3742 -620 -3445 -874 1380 -376 0 0 0 0 1 198 68 430 
-3844 -669 -3363 -1151 1411 -360 0 0 0 0 1 201 72 438 
-3771 -770 -3296 -1470 1483 -109 0 0 0 0 1 195 63 435 
-3668 -802 -3112 -1864 1692 274 0 0 0 0 1 208 57 429 
-3595 -875 -2993 -2157 1827 555 0 0 0 0 1 206 57 424 
-3520 -895 -2985 -2617 1865 937 0 0 0 0 1 218 62 434 
-3576 -937 -3097 -2947 1643 1252 0 0 0 0 1 204 50 434 
-3587 -1012 -3261 -3089 1423 1457 0 0 0 0 1 215 60 415 
-3749 -938 -3373 -3199 1302 1666 0 0 0 0 1 208 50 434 
-3897 -751 -3630 -3184 1474 1751 0 0 0 0 1 214 56 421 
-3764 -843 -3835 -2988 1961 1947 0 0 0 0 1 218 55 415 
-3675 -996 -4127 -2604 2519 2213 0 0 0 0 1 225 67 408 
-3392 -1656 -4452 -18430 11438 -5691 0 0 0 0 1 244 111 334 
-10461 -17893 -3252 -23467 9458 -6111 0 0 0 0 1 246 89 327 
-7934 -18403 -2683 -26776 4932 -4165 0 0 0 0 1 261 44 311 
-7322 -17101 -4290 -30629 -3105 1520 0 0 0 0 1 248 38 317 
-8781 -16582 -6669 -31465 -4807 6300 0 0 0 0 1 246 45 357 
-11108 -18424 -9632 -28779 -214 7189 0 0 0 0 1 239 50 382 
-9558 -19248 -7563 -25907 1597 6614 0 0 0 0 1 237 35 392 
-6876 -16659 -4149 -19941 -458 5339 0 0 0 0 1 233 7 407 
-5089 -14942 -1948 -12989 -2368 4127 0 0 0 0 1 218 11 427 
-2087 -13046 296 -6975 -2180 3997 0 0 0 0 1 217 -2 430 
-586 -11274 1497 -3714 -2330 4353 0 0 0 0 1 207 12 437 
-412 -10629 1591 311 -2187 4804 0 0 0 0 1 208 18 452 
-525 -10019 1651 3159 -534 4670 0 0 0 0 1 198 53 447 
-742 -8912 1929 4360 865 4201 0 0 0 0 1 200 73 460 
-1004 -7986 2310 5180 2560 3038 0 0 0 0 1 193 95 442 
-1333 -6526 2819 5194 2985 2131 0 0 0 0 1 199 114 429 
-1644 -5168 3230 4630 2091 721 0 0 0 0 1 208 121 422 
-1796 -4509 3242 3640 348 -594 0 0 0 0 1 206 133 406 
-1693 -3556 3104 2859 -550 -1274 0 0 0 0 1 211 118 408 
-1536 -3016 2741 1835 -1428 -1881 0 0 0 0 1 206 123 410 
-1354 -1954 1803 1207 -1828 -2144 0 0 0 0 1 218 118 408 
-1455 -1449 1386 1036 -1782 -2267 0 0 0 0 1 219 110 416 
-1768 -955 996 1138 -1312 -2547 0 0 0 0 1 219 105 414 
-2212 -241 656 1492 -444 -2873 0 0 0 0 1 221 103 419 
-2237 4 708 1761 160 -3007 0 0 0 0 1 217 83 412 
-2300 311 685 2134 542 -3043 0 0 0 0 1 234 89 417 
-2314 609 503 2337 403 -2946 0 0 0 0 1 231 73 402 
-2176 690 472 2534 84 -2576 0 0 0 0 1 245 58 412 
-1754 640 392 2663 -71 -1997 0 0 0 0 1 245 56 402 
-1636 599 321 2748 -54 -1585 0 0 0 0 1 241 52 401 
-1630 500 312 2880 97 -1075 0 0 0 0 1 243 56 398 
-1605 302 321 2971 274 -828 0 0 0 0 1 248 55 389 
-1577 158 309 3152 641 -610 0 0 0 0 1 243 66 393 
-1522 28 297 3286 880 -554 0 0 0 0 1 247 56 377 
-1471 -154 332 3519 1096 -598 0 0 0 0 1 240 56 370 
-1459 -221 328 3740 1088 -781 0 0 0 0 1 243 56 370 
-1544 -360 476 3874 845 -1052 0 0 0 0 1 253 47 357 
-1559 -555 586 3931 572 -1216 0 0 0 0 1 254 58 349 
-1511 -688 625 4035 -10 -1319 0 0 0 0 1 250 49 351 
-1350 -911 493 4165 -390 -1267 0 0 0 0 1 265 55 364 
-1371 -1078 435 4461 -616 -1131 0 0 0 0 1 251 40 359 
-1472 -1263 271 4855 -361 -1085 0 0 0 0 1 270 35 355 
-1736 -1397 83 5155 -46 -1191 0 0 0 0 1 253 25 343 
-1911 -1436 48 5587 492 -1531 0 0 0 0 1 270 38 341 
-2138 -1527 1 5988 738 -1969 0 0 0 0 1 263 35 331 
-2075 -1667 -94 6261 635 -2203 0 0 0 0 1 257 24 346 
-2018 -1811 -233 6678 121 -2433 0 0 0 0 1 266 7 332 
-1981 -1864 -300 7070 -589 -2505 0 0 0 0 1 263 -6 341 
-2071 -2229 -489 7409 -1255 -2480 0 0 0 0 1 254 -14 330 
-2361 -2444 -595 7592 -1499 -2523 0 0 0 0 1 252 -22 342 
-2760 -2645 -728 7799 -1395 -2806 0 0 0 0 1 255 -20 348 
-3299 -2926 -1183 7975 -859 -3280 0 0 0 0 1 254 -39 356 
-3711 -2921 -1719 8090 -560 -3629 0 0 0 0 1 252 -51 367 
-3787 -2925 -2092 8351 -576 -4016 0 0 0 0 1 253 -57 366 
-3590 -2900 -2554 8717 -967 -4048 0 0 0 0 1 238 -61 379 
-3378 -3010 -2736 9071 -1689 -3666 0 0 0 0 1 241 -65 387 
-3335 -3187 -3104 9290 -2448 -3288 0 0 0 0 1 226 -63 416 
-3556 -3203 -3438 9652 -3238 -2940 0 0 0 0 1 220 -69 422 
-4638 -3256 -4266 10066 -3036 -3089 0 0 0 0 1 206 -62 443 
-5479 -2901 -5025 10285 -2037 -3304 0 0 0 0 1 200 -63 447 
-5837 -2444 -5785 10546 82 -3449 0 0 0 0 1 204 -42 459 
-5580 -2165 -5964 10640 1960 -3057 0 0 0 0 1 198 -41 467 
-4866 -1817 -5748 10539 2568 -2497 0 0 0 0 1 204 -6 450 
-2955 -1948 -4817 989 89 852 0 0 0 0 1 193 100 398 
-3024 -2038 -5074 434 191 778 0 0 0 0 1 201 111 399 
-3042 -1989 -4977 -195 374 683 0 0 0 0 1 198 110 398 
-3000 -1835 -4810 -745 442 670 0 0 0 0 1 202 93 393 
-2959 -1713 -4494 -1101 505 711 0 0 0 0 1 206 104 399 
-2892 -1618 -4278 -1655 719 829 0 0 0 0 1 194 114 403 
-2825 -1616 -4091 -2190 939 979 0 0 0 0 1 199 109 396 
-2829 -1667 -3939 -2537 1075 1059 0 0 0 0 1 202 105 398 
-2834 -1745 -3866 -3005 1095 1144 0 0 0 0 1 198 103 400 
-2892 -1863 -3768 -3408 779 1214 0 0 0 0 1 199 101 401 
-2837 -1947 -3838 -3721 447 1325 0 0 0 0 1 200 112 407 
-2850 -2053 -3936 -3885 344 1487 0 0 0 0 1 200 103 414 
-2749 -2271 -4109 -3914 446 1632 0 0 0 0 1 206 104 427 
-7986 -10883 -4979 -13679 7770 869 0 0 0 0 1 240 83 407 
-8431 -12162 -4241 -16121 7447 735 0 0 0 0 1 244 69 394 
-8595 -12652 -4092 -19284 5910 1518 0 0 0 0 1 248 62 380 
-9176 -13340 -4241 -21660 4077 3233 0 0 0 0 1 245 49 370 
-10173 -13331 -5424 -22619 2747 4564 0 0 0 0 1 263 52 373 
-11205 -12959 -7117 -22862 1338 6354 0 0 0 0 1 248 50 378 
-11908 -13097 -8242 -21558 1995 6972 0 0 0 0 1 248 50 373 
-12043 -14064 -8217 -20244 3064 6855 0 0 0 0 1 243 61 393 
-11225 -14743 -6386 -18648 3474 6785 0 0 0 0 1 245 66 386 
-9498 -14442 -2768 -17795 2356 6921 0 0 0 0 1 245 58 391 
-7974 -12612 -433 -15894 -814 6990 0 0 0 0 1 219 63 421 
-6835 -11376 213 -12312 -3774 6568 0 0 0 0 1 209 68 437 
-4008 -9368 502 -7484 -4233 5745 0 0 0 0 1 194 74 459 
-2873 -8802 415 -4203 -3045 5256 0 0 0 0 1 181 66 488 
-2234 -8385 516 -47 -391 4853 0 0 0 0 1 167 73 488 
-2210 -7787 755 1975 1215 4750 0 0 0 0 1 175 91 490 
-2561 -6976 1491 3676 3430 4572 0 0 0 0 1 166 123 464 
-2759 -6404 2114 3864 4837 4166 0 0 0 0 1 176 147 444 
-3079 -5574 2650 3407 4685 3731 0 0 0 0 1 173 158 429 
-3229 -4985 2834 2228 2802 2891 0 0 0 0 1 172 169 423 
-2939 -4284 3071 1291 1266 2338 0 0 0 0 1 167 169 416 
-2463 -3991 2991 19 -268 1746 0 0 0 0 1 160 179 419 
-1753 -3495 2518 -577 -785 1496 0 0 0 0 1 169 179 419 
-1498 -3105 2180 -1026 -1212 1166 0 0 0 0 1 153 196 423 
-1266 -2515 1784 -1024 -1395 803 0 0 0 0 1 147 180 431 
-1113 -2009 1500 -849 -1331 538 0 0 0 0 1 154 185 436 
-1084 -1700 1334 -414 -995 88 0 0 0 0 1 147 187 434 
-1168 -1344 1196 -76 -704 -236 0 0 0 0 1 149 180 431 
-1270 -1097 1070 435 -288 -709 0 0 0 0 1 154 182 450 
-1367 -895 950 921 80 -1126 0 0 0 0 1 152 180 431 
-1356 -609 862 1213 326 -1334 0 0 0 0 1 161 190 436 
-1288 -457 860 1549 678 -1496 0 0 0 0 1 162 186 437 
-1195 -318 957 1737 891 -1519 0 0 0 0 1 167 186 414 
-1183 -171 1064 1780 881 -1492 0 0 0 0 1 162 186 412 
-1217 -111 1076 1753 642 -1438 0 0 0 0 1 162 174 412 
-1340 14 1091 1696 424 -1428 0 0 0 0 1 176 174 405 
-1425 129 986 1620 55 -1431 0 0 0 0 1 186 176 407 
-1450 177 832 1636 -359 -1434 0 0 0 0 1 191 174 398 
-1420 212 635 1701 -564 -1424 0 0 0 0 1 186 164 391 
-1390 226 439 1887 -638 -1426 0 0 0 0 1 188 166 384 
-1517 346 359 2019 -530 -1474 0 0 0 0 1 194 170 392 
-1582 407 513 2093 -118 -1589 0 0 0 0 1 209 152 393 
-1576 387 748 2067 210 -1653 0 0 0 0 1 195 164 384 
-1599 349 843 1974 519 -1716 0 0 0 0 1 214 154 367 
-1700 352 891 1865 401 -1761 0 0 0 0 1 211 150 369 
-1696 351 846 1817 138 -1760 0 0 0 0 1 208 145 364 
-1560 357 755 1809 -279 -1675 0 0 0 0 1 206 145 364 
-1283 513 515 1935 -397 -1523 0 0 0 0 1 218 141 362 
-1117 731 181 2115 -243 -1445 0 0 0 0 1 220 148 352 
-1161 804 -21 2516 209 -1442 0 0 0 0 1 226 127 344 
-1339 869 -229 2839 535 -1529 0 0 0 0 1 228 139 344 
-1465 919 -325 3339 931 -1764 0 0 0 0 1 239 126 338 
-1562 1014 -406 3649 1111 -1955 0 0 0 0 1 233 115 314 
-1512 1155 -456 4059 1357 -2218 0 0 0 0 1 238 98 311 
-1381 1566 -473 4390 1730 -2407 0 0 0 0 1 244 94 296 
-1394 1869 -464 4580 2038 -2513 0 0 0 0 1 244 104 282 
-1500 1947 -434 4846 2322 -2636 0 0 0 0 1 245 85 288 
-1727 1967 -548 5112 1989 -2699 0 0 0 0 1 243 44 260 
-2037 1841 -809 5357 1101 -2725 0 0 0 0 1 244 45 257 
-2024 1791 -867 5508 240 -2655 0 0 0 0 1 253 13 245 
-1754 1843 -900 5530 -3 -2453 0 0 0 0 1 251 -1 231 
-1770 1908 -895 5484 331 -2309 0 0 0 0 1 257 4 237 
-1852 1876 -925 5363 1331 -2138 0 0 0 0 1 255 -6 238 
-2187 1863 -1043 5267 1914 -2090 0 0 0 0 1 252 -36 230 
-2597 1792 -1189 5132 2122 -2122 0 0 0 0 1 248 -47 220 
-2639 1735 -1215 4923 1635 -2132 0 0 0 0 1 246 -62 222 
-2540 1581 -1070 4705 1099 -2073 0 0 0 0 1 233 -85 209 
-2423 1457 -1000 4275 190 -1872 0 0 0 0 1 232 -82 226 
-2223 1310 -868 3760 -579 -1562 0 0 0 0 1 234 -104 224 
-2017 1148 -776 3402 -899 -1317 0 0 0 0 1 230 -111 236 
-1858 1035 -794 2924 -1067 -947 0 0 0 0 1 228 -117 242 
-1892 1050 -913 2603 -855 -722 0 0 0 0 1 232 -128 243 
-2141 1102 -1105 2435 -477 -744 0 0 0 0 1 232 -131 254 
-2323 1107 -1207 2371 -284 -906 0 0 0 0 1 228 -130 260 
-2401 1107 -1203 2344 -376 -1055 0 0 0 0 1 221 -159 272 
-2349 1113 -1150 2251 -759 -1211 0 0 0 0 1 230 -141 271 
-2144 1019 -995 2131 -1080 -1215 0 0 0 0 1 215 -148 287 
-1977 936 -883 1876 -1512 -1094 0 0 0 0 1 215 -153 299 
-1788 831 -748 1588 -1832 -885 0 0 0 0 1 222 -153 294 
-1671 718 -687 1420 -1989 -742 0 0 0 0 1 209 -152 302 
-1598 652 -672 1235 -2121 -586 0 0 0 0 1 218 -177 313 
-1483 554 -629 1158 -2129 -523 0 0 0 0 1 207 -171 318 
-1449 409 -596 1100 -2067 -508 0 0 0 0 1 207 -164 339 
-1579 323 -589 1123 -2014 -663 0 0 0 0 1 197 -170 350 
