Data Quantity : 14  Accelerometer : 3  Gyroscope : 3  FSR : 5







-658 1960 118 -117 61 92 0 0 0 0 1 182 172 392 
-633 1940 137 -174 39 153 0 0 0 0 1 175 180 389 
-601 1905 151 -222 5 167 0 0 0 0 1 179 183 381 
-588 1893 155 -277 -44 128 0 0 0 0 1 174 176 391 
-528 1852 159 -296 -68 91 0 0 0 0 1 175 170 385 
-489 1817 148 -309 -105 46 0 0 0 0 1 175 172 392 
-481 1820 122 -294 -130 13 0 0 0 0 1 175 172 387 
-440 1833 98 -265 -138 6 0 0 0 0 1 174 176 388 
-456 1882 27 -184 -122 11 0 0 0 0 1 167 181 388 
-474 1890 14 -112 -82 -2 0 0 0 0 1 174 169 395 
-585 1974 -16 7 -1 -67 0 0 0 0 1 180 180 394 
-656 2005 -33 89 55 -140 0 0 0 0 1 180 177 396 
-759 2055 -31 185 118 -281 0 0 0 0 1 169 169 393 
-856 2119 -23 232 153 -351 0 0 0 0 1 175 182 387 
-866 2130 -19 273 204 -393 0 0 0 0 1 181 181 388 
-878 2149 4 281 226 -373 0 0 0 0 1 171 175 385 
-863 2156 22 262 232 -293 0 0 0 0 1 189 177 385 
-827 2133 57 225 217 -226 0 0 0 0 1 185 182 394 
-786 2103 113 145 180 -129 0 0 0 0 1 179 164 391 
-776 2107 130 82 131 -79 0 0 0 0 1 181 166 386 
-755 2066 168 -9 25 -27 0 0 0 0 1 182 160 387 
-711 2023 194 -62 -47 2 0 0 0 0 1 182 175 392 
-648 1956 209 -130 -125 43 0 0 0 0 1 181 161 384 
-604 1904 205 -156 -161 66 0 0 0 0 1 174 166 379 
-564 1843 209 -169 -201 91 0 0 0 0 1 184 164 377 
-526 1759 214 -168 -215 90 0 0 0 0 1 188 174 393 
-515 1700 218 -162 -221 54 0 0 0 0 1 181 171 395 
-472 1624 224 -157 -217 13 0 0 0 0 1 180 168 389 
-438 1571 219 -137 -222 -72 0 0 0 0 1 189 177 389 
-417 1487 205 -106 -231 -185 0 0 0 0 1 176 169 391 
-396 1409 205 -84 -231 -282 0 0 0 0 1 188 169 384 
-404 1352 203 -49 -250 -479 0 0 0 0 1 185 165 389 
-450 1289 178 -18 -285 -644 0 0 0 0 1 172 166 391 
-466 1234 163 26 -335 -922 0 0 0 0 1 199 165 387 
-475 1133 116 57 -342 -1116 0 0 0 0 1 179 154 393 
-506 1056 128 76 -259 -1405 0 0 0 0 1 189 165 401 
-487 978 175 66 -201 -1650 0 0 0 0 1 193 152 395 
-647 713 165 79 -345 -1799 0 0 0 0 1 193 139 409 
-443 435 -1 138 -464 -1895 0 0 0 0 1 188 137 402 
-324 1129 464 -7 -240 -2045 0 0 0 0 1 195 127 400 
-553 745 540 -120 -87 -2203 0 0 0 0 1 209 122 400 
-354 862 51 -132 96 -2328 0 0 0 0 1 201 114 406 
-230 867 18 -101 185 -2352 0 0 0 0 1 205 107 402 
-154 787 -2 -3 311 -2345 0 0 0 0 1 220 106 396 
-568 849 -30 146 355 -2453 0 0 0 0 1 228 90 398 
-1064 1063 -73 241 297 -2602 0 0 0 0 1 226 78 398 
-1451 1315 -128 354 46 -2881 0 0 0 0 1 224 93 400 
-1885 1682 -224 409 -186 -3033 0 0 0 0 1 227 65 394 
-1977 1795 -374 460 -484 -3065 0 0 0 0 1 232 47 413 
-2080 1879 -388 450 -540 -2932 0 0 0 0 1 233 36 407 
-2243 1954 -306 330 -379 -2544 0 0 0 0 1 238 39 402 
-2811 2137 -568 311 -353 -1978 0 0 0 0 1 231 26 409 
-3165 2200 -628 322 -374 -1514 0 0 0 0 1 234 15 403 
-3283 2239 -609 320 -355 -751 0 0 0 0 1 237 8 413 
-3156 2237 -536 290 -255 -234 0 0 0 0 1 232 11 408 
-2931 2279 -346 165 49 405 0 0 0 0 1 240 19 409 
-2837 2232 -206 -26 316 786 0 0 0 0 1 230 15 401 
-2714 2241 -86 -154 341 899 0 0 0 0 1 234 25 410 
-2538 2180 124 -340 90 942 0 0 0 0 1 232 18 399 
-2346 1949 410 -452 -174 934 0 0 0 0 1 237 25 406 
-2193 1741 636 -609 -573 932 0 0 0 0 1 240 31 400 
-1940 1342 1069 -697 -812 939 0 0 0 0 1 235 29 395 
-1766 1092 1366 -813 -1088 957 0 0 0 0 1 228 39 414 
-1430 835 1701 -803 -1360 1059 0 0 0 0 1 231 44 419 
-1106 92 1722 -651 -1577 1080 0 0 0 0 1 221 46 412 
-1073 3 1752 -257 -1876 930 0 0 0 0 1 215 40 431 
-1061 -566 1810 72 -2013 699 0 0 0 0 1 207 46 428 
-1164 -926 1745 698 -2036 83 0 0 0 0 1 206 40 434 
-1138 -1107 1641 1149 -1866 -442 0 0 0 0 1 207 44 447 
-981 -1338 1588 1807 -1403 -1249 0 0 0 0 1 204 52 445 
-659 -1720 1531 2398 -827 -1937 0 0 0 0 1 205 53 458 
-524 -2046 1409 2778 -632 -2350 0 0 0 0 1 197 35 452 
-568 -2166 1392 3264 -604 -2970 0 0 0 0 1 213 38 450 
-697 -2272 1335 3519 -683 -3406 0 0 0 0 1 215 35 452 
-905 -2327 1142 3827 -894 -4052 0 0 0 0 1 188 -24 479 
-4028 -2291 -1856 5521 -1269 -5111 0 0 0 0 1 180 -35 483 
-4235 -2191 -2120 5665 -125 -4616 0 0 0 0 1 176 -29 484 
-4334 -2052 -2190 5700 689 -4012 0 0 0 0 1 171 -25 492 
-4484 -1740 -2194 5511 611 -3439 0 0 0 0 1 172 -31 488 
-4541 -1583 -2235 5118 -28 -2959 0 0 0 0 1 169 -29 481 
-4425 -1379 -2292 4752 -373 -2667 0 0 0 0 1 162 -24 484 
-4254 -1243 -2378 4150 -494 -2232 0 0 0 0 1 173 -1 485 
-4115 -1198 -2362 3546 -483 -1801 0 0 0 0 1 166 -13 490 
-3988 -1079 -2314 3149 -601 -1554 0 0 0 0 1 174 7 481 
-3970 -965 -2372 2641 -966 -1279 0 0 0 0 1 167 2 474 
-3861 -823 -2450 2374 -1125 -1131 0 0 0 0 1 169 9 486 
-3825 -715 -2503 2088 -994 -965 0 0 0 0 1 166 18 487 
-3760 -503 -2582 1957 -633 -833 0 0 0 0 1 161 3 471 
-3712 -365 -2592 1923 -408 -743 0 0 0 0 1 163 15 485 
-3724 -300 -2578 1880 -183 -622 0 0 0 0 1 178 23 487 
-3690 -223 -2515 1769 -84 -487 0 0 0 0 1 151 24 479 
-3695 -178 -2491 1638 -114 -391 0 0 0 0 1 165 29 472 
-3639 -115 -2442 1328 -244 -221 0 0 0 0 1 161 35 483 
-3555 -59 -2426 1074 -311 -75 0 0 0 0 1 163 20 483 
-3412 -27 -2494 697 -308 181 0 0 0 0 1 153 34 474 
-3222 -153 -2844 -1938 507 1410 0 0 0 0 1 154 23 492 
-3221 -256 -2996 -1993 336 1547 0 0 0 0 1 153 24 500 
-3377 -418 -3234 -1870 140 1623 0 0 0 0 1 149 28 494 
-3547 -633 -3493 -1682 86 1646 0 0 0 0 1 158 19 495 
-3698 -791 -3670 -1251 150 1642 0 0 0 0 1 158 29 498 
-3880 -1230 -3937 -650 367 1674 0 0 0 0 1 172 29 493 
-4078 -2091 -4362 -149 593 1726 0 0 0 0 1 167 24 498 
-4247 -2647 -4655 707 1214 1798 0 0 0 0 1 178 38 506 
-4472 -3492 -4853 1252 2031 1828 0 0 0 0 1 248 20 380 
-11309 -16742 -306 -19639 8526 -282 0 0 0 0 1 258 6 343 
-11553 -17837 170 -22105 7337 1270 0 0 0 0 1 253 1 306 
-11738 -18865 -328 -25117 2937 5538 0 0 0 0 1 260 13 285 
-14736 -17546 -3227 -26368 -1510 10011 0 0 0 0 1 255 33 289 
-16924 -16506 -4870 -26188 -2091 11821 0 0 0 0 1 243 61 300 
-17716 -17015 -5887 -24503 757 12833 0 0 0 0 1 226 95 318 
-16616 -17626 -5620 -22671 2367 12840 0 0 0 0 1 188 142 386 
-14244 -17844 -4090 -19186 2159 13087 0 0 0 0 1 162 159 421 
-9908 -17080 -2649 -15946 1163 12943 0 0 0 0 1 143 154 444 
-8050 -16401 -2060 -9980 905 11138 0 0 0 0 1 125 154 460 
-4788 -15722 286 -4807 1668 8640 0 0 0 0 1 113 164 470 
-2426 -14520 2477 -1512 1215 6579 0 0 0 0 1 106 166 486 
-1260 -13455 3874 -358 703 5499 0 0 0 0 1 88 187 492 
-1038 -12587 4225 254 -105 3948 0 0 0 0 1 83 192 490 
-1531 -10907 4407 157 -530 2779 0 0 0 0 1 88 197 492 
-2259 -2869 1719 2528 -878 -5296 0 0 0 0 1 101 179 505 
-2861 -2348 1412 2806 -856 -5839 0 0 0 0 1 107 165 513 
-3247 -2022 1189 3177 -794 -6423 0 0 0 0 1 113 164 498 
-3561 -1641 776 3439 -830 -6576 0 0 0 0 1 130 172 497 
-3698 -1370 268 3896 -889 -6460 0 0 0 0 1 138 163 490 
-3752 -1214 -41 4428 -866 -6087 0 0 0 0 1 162 149 477 
-3947 -966 -501 4800 -845 -5833 0 0 0 0 1 159 145 476 
-4167 -857 -743 5290 -754 -5601 0 0 0 0 1 175 138 464 
-4578 -748 -1067 5633 -656 -5585 0 0 0 0 1 194 133 457 
-4884 -746 -1184 5785 -702 -5665 0 0 0 0 1 193 127 444 
-4953 -796 -1331 5929 -892 -5690 0 0 0 0 1 198 130 435 
-4458 -961 -1676 6102 -950 -5460 0 0 0 0 1 209 115 423 
-4268 -1008 -1941 6302 -1006 -5240 0 0 0 0 1 209 88 416 
-4186 -998 -2234 6742 -1231 -4995 0 0 0 0 1 220 84 424 
-4199 -1051 -2683 7108 -1515 -4918 0 0 0 0 1 218 79 420 
-4238 -1187 -2915 7665 -2036 -4922 0 0 0 0 1 219 76 409 
-4419 -1464 -3125 8073 -2198 -5041 0 0 0 0 1 222 79 413 
-4376 -1820 -3148 8198 -1988 -5093 0 0 0 0 1 218 65 413 
-4245 -2037 -3203 8264 -1282 -5065 0 0 0 0 1 226 58 416 
-4035 -2199 -3214 8297 -489 -4985 0 0 0 0 1 233 31 414 
-3915 -2317 -3111 8314 -334 -4902 0 0 0 0 1 240 29 414 
-3826 -2466 -3065 8282 -1122 -4781 0 0 0 0 1 240 29 402 
-3696 -2708 -3017 8213 -2001 -4760 0 0 0 0 1 240 19 412 
-3765 -2949 -3068 8107 -3182 -4877 0 0 0 0 1 226 19 419 
-4127 -3214 -3455 8142 -3996 -5139 0 0 0 0 1 220 15 427 
-4260 -3333 -3727 8210 -3978 -5299 0 0 0 0 1 207 -2 442 
-4283 -3422 -3910 8419 -2895 -5437 0 0 0 0 1 200 4 460 
-4351 -3366 -4268 8830 -1029 -5434 0 0 0 0 1 200 -14 458 
-4263 -3305 -4227 9133 133 -5315 0 0 0 0 1 200 0 463 
-4835 -2437 -3330 2720 -2557 -1841 0 0 0 0 1 197 33 455 
-4930 -2044 -3624 2449 -2161 -1759 0 0 0 0 1 185 30 455 
-4906 -1822 -3612 2156 -1235 -1529 0 0 0 0 1 189 28 457 
-4781 -1306 -3330 1826 -574 -1176 0 0 0 0 1 180 35 473 
-4090 -47 -3066 -1200 247 993 0 0 0 0 1 186 36 470 
-4108 -99 -3037 -1677 266 1080 0 0 0 0 1 184 53 460 
-4094 -179 -2930 -2247 -22 1294 0 0 0 0 1 169 36 477 
-3933 -285 -2825 -2641 -279 1536 0 0 0 0 1 176 22 481 
-3863 -397 -2851 -3158 -599 1984 0 0 0 0 1 165 41 491 
-3868 -561 -2996 -3482 -752 2396 0 0 0 0 1 167 34 486 
-3982 -607 -3218 -3578 -773 2583 0 0 0 0 1 161 23 492 
-4059 -624 -3310 -3622 -660 2726 0 0 0 0 1 167 24 488 
-4086 -548 -3363 -3619 -563 2788 0 0 0 0 1 151 24 512 
-3844 -608 -3528 -3526 -457 3037 0 0 0 0 1 148 14 514 
-4027 -378 -3841 -3201 -108 3131 0 0 0 0 1 153 17 512 
-4169 -584 -4185 -2675 471 3115 0 0 0 0 1 147 13 515 
-4134 -935 -4453 -2239 766 3179 0 0 0 0 1 152 30 515 
-4195 -1449 -4604 -1541 866 3329 0 0 0 0 1 147 25 520 
-4547 -2317 -5189 -765 1013 3437 0 0 0 0 1 147 30 518 
-4807 -2784 -5231 -263 1673 3422 0 0 0 0 1 143 36 512 
-4950 -3568 -5242 477 3736 3278 0 0 0 0 1 156 52 490 
-5200 -4638 -5139 1251 5361 2899 0 0 0 0 1 169 49 498 
-6494 -7913 -4745 1724 4755 2287 0 0 0 0 1 184 71 470 
-7319 -9652 -4681 1527 3965 1762 0 0 0 0 1 192 87 452 
-7641 -10621 -3626 -305 4800 835 0 0 0 0 1 206 79 448 
-9480 -12876 -3408 -2602 6389 -21 0 0 0 0 1 219 90 423 
-12346 -16380 -3700 -17873 490 14709 0 0 0 0 1 201 99 445 
-7448 -14856 -2021 -11350 -218 12245 0 0 0 0 1 175 114 452 
-5010 -14320 -491 -6774 107 9751 0 0 0 0 1 162 122 474 
-2625 -14426 1365 -1848 1639 6918 0 0 0 0 1 143 130 491 
-643 -13827 3411 -25 1575 5905 0 0 0 0 1 155 149 479 
-446 -12326 4416 1108 655 4650 0 0 0 0 1 126 155 476 
-901 -11095 4263 1298 267 2989 0 0 0 0 1 123 172 480 
-1590 -9286 3932 1150 273 1770 0 0 0 0 1 119 168 480 
-1971 -8428 3721 740 -16 144 0 0 0 0 1 115 181 477 
-2158 -7070 3316 326 -331 -986 0 0 0 0 1 117 176 472 
-1966 -6512 3135 179 -399 -1452 0 0 0 0 1 127 181 472 
-1924 -6113 3023 265 -265 -2189 0 0 0 0 1 129 176 479 
-1531 -4703 2818 659 -199 -2455 0 0 0 0 1 133 163 473 
-1495 -4318 2627 1121 -580 -2518 0 0 0 0 1 148 169 467 
-1710 -3456 2443 1830 -1219 -2737 0 0 0 0 1 146 166 481 
-2063 -2761 2026 2315 -1430 -3000 0 0 0 0 1 152 165 471 
-2468 -2247 1697 3024 -1238 -3545 0 0 0 0 1 147 150 478 
-2739 -2038 1482 3715 -888 -4130 0 0 0 0 1 155 147 465 
-2985 -1641 1110 4166 -729 -4433 0 0 0 0 1 168 150 457 
-3127 -1501 967 4767 -617 -4755 0 0 0 0 1 179 154 460 
-3340 -1377 687 5138 -603 -4891 0 0 0 0 1 184 137 451 
-3217 -1422 348 5552 -243 -4924 0 0 0 0 1 191 132 437 
-3186 -1349 271 5840 -325 -4672 0 0 0 0 1 204 138 431 
-3074 -1511 33 5962 -540 -4438 0 0 0 0 1 207 110 414 
-3000 -1671 -188 6098 -943 -4122 0 0 0 0 1 209 122 412 
-3014 -1786 -363 6217 -1303 -3982 0 0 0 0 1 225 111 401 
-2937 -2008 -673 6309 -1624 -3978 0 0 0 0 1 224 98 402 
-2957 -2065 -895 6458 -2264 -4146 0 0 0 0 1 234 96 394 
-3051 -2384 -1265 6635 -2760 -4493 0 0 0 0 1 233 93 407 
-3288 -2712 -1743 6802 -2879 -4797 0 0 0 0 1 240 76 414 
-3479 -3090 -2112 7143 -2679 -5231 0 0 0 0 1 241 57 410 
-3563 -3311 -2337 7630 -2188 -5529 0 0 0 0 1 233 51 407 
-3533 -3521 -2652 8007 -1774 -5604 0 0 0 0 1 241 40 415 
-3366 -3643 -2716 8553 -1327 -5521 0 0 0 0 1 239 28 413 
-3315 -3806 -2697 8950 -1647 -5377 0 0 0 0 1 241 28 406 
-3462 -4095 -2576 9065 -2288 -5306 0 0 0 0 1 232 3 422 
-4279 -4470 -2840 9141 -3164 -5678 0 0 0 0 1 230 3 422 
-4727 -4529 -2973 9091 -3475 -6359 0 0 0 0 1 225 -8 431 
-5040 -4678 -3339 9060 -3095 -6732 0 0 0 0 1 222 -3 452 
-4983 -4736 -3663 9076 -1802 -6754 0 0 0 0 1 191 -24 456 
-4575 -4775 -3930 9091 -226 -5953 0 0 0 0 1 204 -15 466 
-4537 -4823 -4042 9124 517 -5228 0 0 0 0 1 191 -14 465 
-4627 -4771 -4333 9186 683 -4224 0 0 0 0 1 198 -12 463 
-4909 -4722 -4467 9234 569 -3699 0 0 0 0 1 188 24 460 
-3769 -187 -3122 55 -197 285 0 0 0 0 1 181 24 458 
-3688 -175 -3085 -442 -115 475 0 0 0 0 1 195 17 453 
-3678 -157 -3061 -962 -56 687 0 0 0 0 1 176 17 463 
-3704 -230 -2969 -1319 -24 819 0 0 0 0 1 175 28 448 
-3760 -321 -2912 -1858 31 1002 0 0 0 0 1 176 19 460 
-3747 -462 -2895 -2341 19 1251 0 0 0 0 1 188 24 465 
-3659 -626 -2943 -2606 -68 1467 0 0 0 0 1 188 17 470 
-3646 -664 -2998 -2919 -223 1773 0 0 0 0 1 178 13 471 
-3660 -713 -3041 -3174 -255 2000 0 0 0 0 1 169 29 484 
-3671 -826 -3087 -3321 -223 2099 0 0 0 0 1 174 24 484 
-3681 -901 -3096 -3500 -188 2205 0 0 0 0 1 168 15 483 
-3732 -1159 -3157 -3613 -191 2285 0 0 0 0 1 161 18 499 
-3747 -1297 -3196 -3652 -191 2327 0 0 0 0 1 161 11 499 
-3795 -1416 -3277 -3674 -174 2386 0 0 0 0 1 160 9 516 
-3985 -1504 -3447 -3637 -123 2407 0 0 0 0 1 169 0 491 
-4038 -1590 -3526 -3557 20 2484 0 0 0 0 1 158 -7 514 
-4184 -1725 -3625 -3426 164 2604 0 0 0 0 1 155 2 509 
-4656 -2073 -3728 -3284 264 2694 0 0 0 0 1 155 0 521 
-4932 -2617 -4012 -2850 419 2921 0 0 0 0 1 160 4 512 
-5418 -3247 -4496 -2162 911 3158 0 0 0 0 1 154 -8 511 
-5778 -3992 -4960 -1591 1485 3370 0 0 0 0 1 169 -7 516 
-5946 -5223 -5214 -717 2535 3861 0 0 0 0 1 171 11 506 
-6239 -6258 -5260 -90 3342 4437 0 0 0 0 1 179 19 486 
-6856 -7829 -4674 -86 3755 4717 0 0 0 0 1 192 30 480 
-7719 -9128 -4078 -1173 4637 4624 0 0 0 0 1 199 40 469 
-8947 -10695 -3444 -3930 6154 4082 0 0 0 0 1 205 46 463 
-9403 -12180 -2681 -6821 7338 3650 0 0 0 0 1 217 61 444 
-9882 -13050 -2184 -12215 8498 3060 0 0 0 0 1 230 52 413 
-10136 -14864 -1708 -15813 8480 3019 0 0 0 0 1 245 46 381 
-10136 -16415 -1768 -20449 6716 4089 0 0 0 0 1 247 49 363 
-10235 -16981 -2318 -23835 3681 6484 0 0 0 0 1 248 52 350 
-11543 -15625 -3929 -25259 1529 7997 0 0 0 0 1 240 49 344 
-12174 -15085 -5560 -25869 10 10148 0 0 0 0 1 225 60 371 
-12212 -15495 -6364 -24703 1843 11341 0 0 0 0 1 217 73 384 
-11129 -15937 -5277 -23023 2051 11523 0 0 0 0 1 204 79 427 
-9653 -15736 -4234 -18325 624 10346 0 0 0 0 1 189 91 443 
-8198 -14591 -2748 -13767 -43 8019 0 0 0 0 1 181 78 451 
-5284 -14498 -1070 -7481 904 5442 0 0 0 0 1 171 79 471 
-1169 -13858 1577 -3505 553 5537 0 0 0 0 1 178 87 480 
303 -12762 3314 -1777 171 5927 0 0 0 0 1 166 101 476 
-535 -11665 3337 460 -254 5251 0 0 0 0 1 168 94 476 
-1299 -10833 3189 2163 -318 3207 0 0 0 0 1 148 130 474 
-2198 -2800 945 2485 -948 -3335 0 0 0 0 1 151 149 474 
-2372 -2451 732 2965 -999 -3963 0 0 0 0 1 158 147 472 
-2533 -2072 383 3311 -967 -4289 0 0 0 0 1 166 141 471 
-2685 -1876 135 3871 -945 -4598 0 0 0 0 1 159 133 469 
-2617 -1622 -205 4268 -887 -4657 0 0 0 0 1 173 133 450 
-2605 -1498 -421 4858 -661 -4636 0 0 0 0 1 182 133 452 
-2679 -1403 -516 5407 -463 -4620 0 0 0 0 1 186 115 447 
-2785 -1380 -617 5733 -437 -4647 0 0 0 0 1 197 109 448 
-2983 -1529 -633 6143 -572 -4796 0 0 0 0 1 207 115 435 
-3164 -1611 -791 6449 -985 -5102 0 0 0 0 1 212 100 426 
-3259 -1752 -966 6594 -1367 -5344 0 0 0 0 1 222 84 424 
-3362 -1839 -1204 6752 -1795 -5760 0 0 0 0 1 222 87 417 
-3490 -1948 -1568 6834 -1881 -6028 0 0 0 0 1 228 73 419 
-3434 -2060 -1818 7006 -1786 -6254 0 0 0 0 1 237 42 422 
-3522 -2340 -2121 7268 -1630 -6292 0 0 0 0 1 233 29 414 
-3723 -2665 -2485 7670 -1494 -6131 0 0 0 0 1 228 22 407 
-3682 -2841 -2641 8027 -1513 -5938 0 0 0 0 1 232 8 422 
-3774 -2954 -2609 8481 -1773 -5936 0 0 0 0 1 237 -1 434 
-4095 -2783 -2808 8610 -2267 -5986 0 0 0 0 1 224 -9 433 
-4193 -3344 -2303 8342 -2928 -6108 0 0 0 0 1 213 -23 448 
-4893 -3517 -2790 8049 -2737 -6579 0 0 0 0 1 201 -28 455 
-5378 -3338 -3365 7812 -1508 -7136 0 0 0 0 1 198 -31 470 
-5495 -3070 -3503 7718 -296 -7268 0 0 0 0 1 199 -35 473 
-4901 -3311 -3470 7690 1109 -6708 0 0 0 0 1 184 -31 474 
-4725 -3468 -3417 7667 1112 -5632 0 0 0 0 1 185 -47 473 
-4817 -3541 -3306 7555 233 -4974 0 0 0 0 1 180 -40 466 
-4995 -3499 -3256 7191 -1661 -4383 0 0 0 0 1 180 -42 483 
-5410 -3522 -3429 6757 -2781 -4468 0 0 0 0 1 175 -38 492 
-5826 -3265 -3835 6485 -2229 -4936 0 0 0 0 1 162 -24 500 
-6279 -2874 -4340 6612 -298 -5398 0 0 0 0 1 155 -17 498 
-6184 -2682 -4338 6894 1171 -5489 0 0 0 0 1 153 -24 491 
-6080 -2445 -4093 7139 1857 -5153 0 0 0 0 1 173 -25 501 
-5659 -2279 -3728 6866 604 -4578 0 0 0 0 1 160 -17 484 
-4675 -2026 -2572 5412 -1944 -3330 0 0 0 0 1 175 3 487 
-4326 -1986 -2128 3337 -3638 -1962 0 0 0 0 1 166 -8 494 
-4357 -1732 -2327 2138 -4121 -1224 0 0 0 0 1 142 -1 513 
-4586 -1263 -2711 495 -3065 -330 0 0 0 0 1 138 -8 520 
-4791 -724 -2939 333 -2113 -404 0 0 0 0 1 128 -1 520 
-5119 -536 -3043 438 -884 -941 0 0 0 0 1 130 -1 529 
-5085 -243 -3099 779 -25 -1455 0 0 0 0 1 135 1 524 
-4474 -354 -2904 991 546 -1549 0 0 0 0 1 141 4 514 
-4034 -403 -2644 1134 1346 -1292 0 0 0 0 1 134 4 530 
-3614 -355 -2350 1097 1609 -952 0 0 0 0 1 145 1 520 
-3494 -223 -2218 849 1527 -344 0 0 0 0 1 140 -1 522 
-3470 -220 -2105 -2134 1214 1854 0 0 0 0 1 146 9 523 
-3905 -1563 -2487 -2335 1053 1972 0 0 0 0 1 155 0 512 
-3730 -1609 -2516 -2637 648 2262 0 0 0 0 1 147 11 513 
-3624 -1637 -2736 -2846 362 2560 0 0 0 0 1 151 -4 519 
-3623 -1675 -2886 -2920 305 2720 0 0 0 0 1 152 3 513 
-3671 -1745 -3120 -2872 449 2860 0 0 0 0 1 162 2 512 
-3937 -1875 -3386 -2765 625 2866 0 0 0 0 1 155 -14 521 
-4007 -1982 -3573 -2562 726 2860 0 0 0 0 1 163 -8 508 
-4392 -2105 -4025 -2224 813 2804 0 0 0 0 1 160 -4 514 
-4771 -2882 -4705 -1583 1199 2921 0 0 0 0 1 160 0 509 
-5257 -4142 -5321 -1038 1801 3081 0 0 0 0 1 163 6 513 
-5658 -4692 -5508 -296 3671 3288 0 0 0 0 1 174 19 500 
-5618 -6468 -5508 101 4584 3828 0 0 0 0 1 185 30 476 
-5713 -8766 -5334 -72 4004 4383 0 0 0 0 1 202 39 472 
-6144 -10389 -4835 -1541 3205 5281 0 0 0 0 1 204 50 464 
-7967 -13015 -3751 -5011 4391 5804 0 0 0 0 1 205 53 447 
-9784 -14153 -3407 -8349 6052 5277 0 0 0 0 1 205 68 442 
-11219 -15156 -3063 -13974 8405 3328 0 0 0 0 1 211 65 424 
-11650 -17117 -2167 -17389 9183 2064 0 0 0 0 1 241 50 389 
-10727 -20027 -1222 -21323 8348 2005 0 0 0 0 1 252 24 358 
-10238 -20610 -806 -23787 3813 4998 0 0 0 0 1 247 26 351 
-10969 -18973 -655 -24471 -151 8291 0 0 0 0 1 246 30 345 
-12184 -17972 -344 -24334 -3248 13358 0 0 0 0 1 239 62 359 
-13321 -16485 1258 -23336 -3095 15942 0 0 0 0 1 218 82 394 
-13021 -15858 579 -21550 -2515 16011 0 0 0 0 1 172 112 460 
-10085 -15795 -1646 -16210 -78 13837 0 0 0 0 1 152 106 478 
-8316 -14845 -2449 -8799 3396 9101 0 0 0 0 1 139 105 488 
-4362 -14200 -526 -4497 5271 6560 0 0 0 0 1 142 123 485 
-1728 -13159 3540 -932 5292 4967 0 0 0 0 1 149 126 492 
-1236 -12315 5392 -151 1435 4743 0 0 0 0 1 161 133 473 
-1686 -10549 5669 -229 -2340 4458 0 0 0 0 1 135 141 480 
-1969 -9587 5000 -279 -2861 3983 0 0 0 0 1 136 157 486 
-2045 -8810 4218 -65 -1772 3087 0 0 0 0 1 130 158 499 
-1729 -7990 3738 247 -654 2458 0 0 0 0 1 107 163 504 
-1527 -7306 3672 842 370 1341 0 0 0 0 1 121 155 499 
-1188 -6329 3611 1443 542 94 0 0 0 0 1 96 181 491 
-851 -5511 3690 1744 474 -739 0 0 0 0 1 123 168 490 
-925 -4977 3585 2079 58 -1963 0 0 0 0 1 119 177 478 
-980 -4331 3192 2286 -364 -2661 0 0 0 0 1 126 180 485 
-1002 -3896 2866 2590 -944 -3458 0 0 0 0 1 143 174 479 
-1127 -3243 2240 2817 -1271 -3834 0 0 0 0 1 132 161 484 
-1281 -2974 1741 3257 -1569 -4247 0 0 0 0 1 151 166 467 
-1635 -2587 1151 3814 -1490 -4648 0 0 0 0 1 149 170 471 
-2153 -2348 635 4249 -1360 -4958 0 0 0 0 1 148 174 465 
-2438 -2187 384 4937 -1171 -5458 0 0 0 0 1 176 144 456 
-2909 -2042 125 5378 -1111 -5799 0 0 0 0 1 181 142 440 
-3172 -1917 -102 5988 -1234 -6238 0 0 0 0 1 193 144 435 
-3216 -1873 -295 6469 -1565 -6492 0 0 0 0 1 199 121 441 
-3106 -2030 -549 6683 -1754 -6491 0 0 0 0 1 217 125 423 
-3013 -2258 -766 6892 -1978 -6225 0 0 0 0 1 217 112 433 
-3064 -2783 -1078 7066 -2000 -5827 0 0 0 0 1 226 107 428 
-3428 -3289 -1332 7182 -1738 -5610 0 0 0 0 1 230 79 415 
-3758 -3501 -1550 7461 -1027 -5525 0 0 0 0 1 234 67 413 
-4363 -3524 -1972 7897 -637 -5745 0 0 0 0 1 239 62 413 
-4451 -3526 -2077 8173 -1030 -5962 0 0 0 0 1 244 40 399 
-4437 -3594 -2182 8445 -2330 -6302 0 0 0 0 1 248 35 410 
-4336 -3884 -2308 8524 -3055 -6506 0 0 0 0 1 243 19 405 
-4279 -4156 -2396 8546 -3225 -6747 0 0 0 0 1 241 -8 436 
-4099 -4505 -2478 8396 -2144 -6815 0 0 0 0 1 226 -9 440 
-3714 -4692 -2455 8235 -1094 -6721 0 0 0 0 1 224 -17 447 
-3731 -4937 -2705 8147 189 -6601 0 0 0 0 1 225 -33 443 
-4012 -5223 -2665 8196 278 -6721 0 0 0 0 1 213 -35 450 
-4279 -5779 -2925 8259 -830 -6869 0 0 0 0 1 214 -41 447 
-4360 -6004 -3177 8269 -3031 -7101 0 0 0 0 1 201 -62 471 
-4848 -6383 -3654 8339 -3756 -7334 0 0 0 0 1 199 -65 471 
-5476 -6539 -4271 8534 -2969 -7442 0 0 0 0 1 172 -63 491 
-5921 -6468 -4513 9048 145 -7488 0 0 0 0 1 171 -50 499 
-5993 -6160 -4601 9689 4045 -7110 0 0 0 0 1 158 -51 493 
-6032 -5740 -4202 9998 5629 -6696 0 0 0 0 1 171 -50 492 
-5770 -5711 -3614 9779 4287 -5907 0 0 0 0 1 184 -44 470 
-5064 -5343 -3082 8224 -70 -5011 0 0 0 0 1 189 -45 473 
-3866 -5039 -2495 6614 -2562 -4323 0 0 0 0 1 178 -33 466 
-3512 -4811 -2746 4257 -4138 -3304 0 0 0 0 1 173 -30 483 
-4077 -4333 -3778 3170 -4045 -2877 0 0 0 0 1 166 -28 487 
-4735 -3666 -4234 2235 -2838 -2716 0 0 0 0 1 163 -33 485 
-4952 -3129 -4287 1915 -1327 -2896 0 0 0 0 1 154 -38 506 
-4910 -2465 -4255 1930 -434 -2973 0 0 0 0 1 151 -49 509 
-4616 -2112 -4055 2087 453 -2649 0 0 0 0 1 142 -42 497 
-4064 -1705 -3794 2128 346 -1707 0 0 0 0 1 151 -44 502 
-3638 -1248 -3245 1926 181 -930 0 0 0 0 1 148 -49 498 
-3522 -940 -3191 1453 -31 121 0 0 0 0 1 155 -41 500 
-3516 -796 -3227 951 154 786 0 0 0 0 1 154 -47 506 
-3539 -759 -3223 646 472 995 0 0 0 0 1 163 -30 499 
-3555 -621 -3068 177 830 1023 0 0 0 0 1 154 -25 485 
-3559 -564 -2980 -311 847 856 0 0 0 0 1 146 -36 495 
-3457 -635 -2909 -629 644 759 0 0 0 0 1 149 -28 483 
-3326 -754 -2822 -1089 245 792 0 0 0 0 1 162 -26 486 
-3246 -991 -2791 -1381 -22 931 0 0 0 0 1 155 -29 493 
-3404 -1336 -2757 -1786 -391 1231 0 0 0 0 1 156 -35 490 
-3699 -1564 -2805 -2109 -831 1513 0 0 0 0 1 149 -25 494 
-4126 -1882 -2863 -2277 -1041 1675 0 0 0 0 1 155 -31 500 
-4274 -2120 -2823 -2531 -929 1939 0 0 0 0 1 154 -30 508 
-4357 -2359 -2790 -2766 -348 2236 0 0 0 0 1 148 -9 507 
-4399 -2687 -2793 -2893 157 2430 0 0 0 0 1 149 -30 518 
-4475 -2940 -2748 -3050 666 2669 0 0 0 0 1 147 -35 513 
-4552 -2992 -2694 -3219 602 2828 0 0 0 0 1 152 -23 497 
-4750 -3050 -2520 -3378 375 2898 0 0 0 0 1 147 -33 504 
-4792 -3019 -2407 -3646 26 3049 0 0 0 0 1 175 -40 504 
-4636 -3125 -2608 -3735 -131 3238 0 0 0 0 1 155 -34 521 
-4629 -3224 -2891 -3631 -164 3591 0 0 0 0 1 155 -44 505 
-4675 -3401 -3450 -3204 33 4020 0 0 0 0 1 154 -38 511 
-4691 -3572 -3953 -2809 288 4361 0 0 0 0 1 154 -40 513 
-4662 -3741 -4056 -2215 942 4947 0 0 0 0 1 161 -25 506 
-4952 -4492 -4185 -1629 1767 5425 0 0 0 0 1 175 -8 499 
-5326 -5370 -4507 -1249 2415 5637 0 0 0 0 1 162 -4 488 
-5374 -6312 -4878 -453 3547 6017 0 0 0 0 1 172 -4 507 
-5451 -9641 -4523 -525 3510 6510 0 0 0 0 1 188 31 479 
-6107 -10900 -4072 -1313 3376 6799 0 0 0 0 1 202 49 451 
-6873 -12189 -3642 -4015 5310 6675 0 0 0 0 1 205 58 440 
-8186 -13289 -3077 -8803 8868 5144 0 0 0 0 1 204 74 436 
-9206 -14961 -2723 -12525 10786 3261 0 0 0 0 1 222 89 408 
-9928 -16594 -2665 -17536 11703 4 0 0 0 0 1 234 84 394 
-9274 -19801 -1948 -20351 11392 -1369 0 0 0 0 1 261 41 328 
-8509 -20258 -2013 -23636 7936 -1244 0 0 0 0 1 263 23 299 
-6833 -19780 -2352 -25979 1245 2315 0 0 0 0 1 250 17 302 
-8010 -16515 -3217 -26791 -2219 5419 0 0 0 0 1 261 34 304 
-9778 -15208 -3347 -25935 -2549 8466 0 0 0 0 1 247 49 328 
-10615 -14833 -2902 -22200 -915 9045 0 0 0 0 1 235 68 353 
-8388 -14385 -2398 -18156 -307 8473 0 0 0 0 1 217 98 398 
-5774 -13025 -580 -11095 856 6642 0 0 0 0 1 213 89 417 
-2954 -12239 2021 -5277 1328 5523 0 0 0 0 1 195 103 423 
-2048 -11844 3768 -2727 1225 5361 0 0 0 0 1 205 117 419 
-1930 -10171 5267 880 -161 4066 0 0 0 0 1 186 144 421 
-2301 -8826 4697 1563 -938 2570 0 0 0 0 1 179 154 414 
-2349 -7832 4204 1629 -1135 1671 0 0 0 0 1 181 152 421 
-2554 -7276 4126 1138 -1364 615 0 0 0 0 1 178 175 431 
-2785 -6383 4005 568 -1541 108 0 0 0 0 1 173 160 422 
-2338 -5665 3830 -310 -1593 -287 0 0 0 0 1 167 164 430 
-2012 -5161 3551 -872 -1500 -483 0 0 0 0 1 162 164 435 
-1605 -4484 3027 -947 -1421 -673 0 0 0 0 1 160 166 451 
-1536 -4064 2611 -575 -1297 -1229 0 0 0 0 1 166 150 457 
-1493 -3405 2126 215 -1203 -2067 0 0 0 0 1 168 143 457 
-1739 -2859 1770 861 -1184 -2705 0 0 0 0 1 174 142 447 
-1918 -2417 1408 1837 -1243 -3558 0 0 0 0 1 178 141 462 
-2056 -2191 1182 2708 -1304 -4150 0 0 0 0 1 182 128 464 
-2326 -1955 747 3208 -1296 -4401 0 0 0 0 1 194 126 466 
-2546 -1745 354 3823 -1011 -4594 0 0 0 0 1 188 115 465 
-2694 -1640 44 4372 -539 -4637 0 0 0 0 1 197 109 455 
-2971 -1494 -399 4728 -222 -4627 0 0 0 0 1 201 104 443 
-3056 -1397 -584 5220 235 -4601 0 0 0 0 1 213 96 429 
-3163 -1259 -778 5516 309 -4587 0 0 0 0 1 217 93 430 
-3241 -1080 -966 5866 -152 -4584 0 0 0 0 1 220 87 429 
-3384 -1055 -1123 6027 -994 -4612 0 0 0 0 1 234 69 413 
-3436 -1206 -1318 5989 -1366 -4606 0 0 0 0 1 235 63 414 
-3346 -1398 -1468 5784 -1389 -4486 0 0 0 0 1 248 62 413 
-3180 -1612 -1805 5615 -1045 -4275 0 0 0 0 1 244 42 406 
-3055 -1742 -2206 5628 -781 -4149 0 0 0 0 1 237 35 422 
-2984 -1743 -2512 5899 -400 -4071 0 0 0 0 1 245 24 421 
-2930 -1697 -2858 6225 -217 -4110 0 0 0 0 1 240 17 409 
-3021 -1699 -3012 6836 -387 -4334 0 0 0 0 1 233 2 419 
-3417 -1712 -3228 7416 -983 -4792 0 0 0 0 1 238 2 412 
-3612 -1839 -3227 7691 -1305 -5123 0 0 0 0 1 232 -11 420 
-3534 -2004 -3245 7937 -1524 -5409 0 0 0 0 1 228 -24 428 
-3211 -2190 -3408 8035 -956 -5285 0 0 0 0 1 230 -20 420 
-2813 -2282 -3435 8024 -21 -5003 0 0 0 0 1 224 -41 428 
-2882 -2296 -3548 8074 1213 -4512 0 0 0 0 1 230 -42 431 
-2924 -2346 -3577 8304 1372 -4128 0 0 0 0 1 222 -33 436 
-3233 -2601 -3540 8475 648 -4006 0 0 0 0 1 213 -35 431 
-3596 -2706 -3569 8612 -1157 -4077 0 0 0 0 1 219 -41 428 
-3944 -2778 -3685 8656 -2695 -4406 0 0 0 0 1 205 -26 449 
-4208 -2853 -4006 8714 -3180 -4720 0 0 0 0 1 189 -30 466 
-4451 -2841 -4143 8786 -2745 -4914 0 0 0 0 1 182 -20 483 
-4695 -2756 -4257 8844 -951 -5142 0 0 0 0 1 178 -28 485 
-4675 -2755 -3969 8715 1009 -5016 0 0 0 0 1 179 -26 472 
-4893 -2756 -3856 8493 1145 -4750 0 0 0 0 1 178 -11 476 
-4650 -2698 -3628 7716 -83 -4092 0 0 0 0 1 172 -7 472 
-4520 -2818 -3194 6558 -1489 -3436 0 0 0 0 1 187 1 466 
-4698 -2737 -3528 5886 -2046 -3053 0 0 0 0 1 178 -1 478 
-4809 -2623 -3792 5305 -1637 -2627 0 0 0 0 1 184 12 486 
-5000 -2361 -4130 5221 -138 -2406 0 0 0 0 1 181 17 474 
-5187 -2119 -3881 5203 920 -2346 0 0 0 0 1 180 18 469 
-5090 -1919 -3428 4921 1065 -2198 0 0 0 0 1 171 20 459 
-4798 -1711 -3162 4121 -207 -1854 0 0 0 0 1 188 34 456 
-4229 -1434 -2689 3341 -915 -1545 0 0 0 0 1 185 30 452 
-3938 -1309 -2732 2197 -1306 -1008 0 0 0 0 1 199 28 457 
-3849 -1128 -3063 1411 -995 -586 0 0 0 0 1 181 24 465 
-3975 -954 -3283 1086 -642 -424 0 0 0 0 1 179 26 453 
-4089 -835 -3304 788 -165 -382 0 0 0 0 1 175 30 459 
-4208 -630 -3229 665 46 -429 0 0 0 0 1 184 24 463 
-3059 -985 -2765 -3159 -450 1511 0 0 0 0 1 176 24 470 
-2928 -1038 -2895 -3385 -821 1649 0 0 0 0 1 181 34 477 
-2956 -1079 -3010 -3572 -1143 1834 0 0 0 0 1 167 19 479 
-3114 -1059 -3050 -3605 -1107 1896 0 0 0 0 1 163 18 485 
-3214 -1085 -3096 -3488 -742 1919 0 0 0 0 1 168 20 494 
-3137 -1330 -3304 -3296 -470 1969 0 0 0 0 1 162 7 498 
-3119 -1778 -3573 -2866 -231 2112 0 0 0 0 1 168 11 506 
-3199 -2227 -3742 -2346 -235 2299 0 0 0 0 1 160 -2 500 
-3362 -2770 -3864 -2042 -207 2420 0 0 0 0 1 161 8 508 
-3324 -3172 -3837 -1716 191 2676 0 0 0 0 1 153 2 509 
-3389 -3533 -3648 -1675 928 2897 0 0 0 0 1 163 20 506 
-3524 -4092 -3598 -1778 1124 3068 0 0 0 0 1 167 2 512 
-3629 -4600 -3796 -1925 1335 3288 0 0 0 0 1 163 15 506 
-4808 -5527 -4262 -1891 1984 3223 0 0 0 0 1 173 20 501 
-4820 -6477 -4708 -1556 3668 3259 0 0 0 0 1 174 34 493 
-5309 -8143 -4411 -1485 4611 3459 0 0 0 0 1 189 30 476 
-5973 -9894 -3291 -2063 4265 3621 0 0 0 0 1 197 35 473 
-6947 -10844 -2428 -4433 3153 3606 0 0 0 0 1 202 36 463 
-8115 -11513 -2125 -6917 3516 3517 0 0 0 0 1 220 42 455 
-8581 -12106 -2347 -11312 6354 3405 0 0 0 0 1 217 36 437 
-9213 -13378 -2310 -15563 8742 3241 0 0 0 0 1 233 26 391 
-9988 -15633 -1793 -17998 8440 3430 0 0 0 0 1 259 26 384 
-10408 -16646 -1123 -21354 5669 4769 0 0 0 0 1 255 11 348 
-11266 -16479 -1902 -23921 1332 7462 0 0 0 0 1 250 22 346 
-12436 -15358 -2597 -24868 -986 9481 0 0 0 0 1 253 28 352 
-13645 -14912 -3256 -24358 -1749 11750 0 0 0 0 1 221 68 384 
-13251 -15138 -3815 -21470 -651 12622 0 0 0 0 1 218 89 410 
-10905 -16225 -3988 -18270 295 12217 0 0 0 0 1 209 98 426 
-8382 -16446 -3049 -12638 1941 10278 0 0 0 0 1 192 104 441 
-4852 -15481 -138 -9227 2228 8660 0 0 0 0 1 182 104 445 
-2766 -14299 1598 -5305 1475 6810 0 0 0 0 1 173 121 459 
-604 -12748 3619 -2812 935 5586 0 0 0 0 1 168 128 455 
64 -11243 4014 -1527 655 4728 0 0 0 0 1 163 131 471 
-37 -10709 3701 164 928 3229 0 0 0 0 1 149 158 462 
-322 -9439 3688 1226 1941 1728 0 0 0 0 1 152 158 459 
-361 -9002 4032 1362 2180 845 0 0 0 0 1 158 159 465 
-620 -8017 4819 950 1044 -273 0 0 0 0 1 166 158 448 
-885 -7034 4937 523 -20 -908 0 0 0 0 1 176 157 456 
-1117 -6411 4599 92 -1118 -1659 0 0 0 0 1 166 150 452 
-1291 -5519 3773 221 -1548 -2124 0 0 0 0 1 161 148 462 
-1458 -4706 3017 601 -1438 -2354 0 0 0 0 1 169 147 458 
-1574 -4238 2601 1494 -849 -2722 0 0 0 0 1 180 145 459 
-1855 -3360 2022 2538 -315 -3181 0 0 0 0 1 169 137 463 
-2059 -3037 1789 3201 -99 -3523 0 0 0 0 1 184 127 453 
-2342 -2761 1570 4081 193 -4086 0 0 0 0 1 176 122 442 
-2716 -2379 1302 4580 373 -4437 0 0 0 0 1 201 114 436 
-2776 -2233 1189 5152 366 -4780 0 0 0 0 1 209 107 428 
-2981 -2101 1083 5480 -86 -4964 0 0 0 0 1 214 103 423 
-3111 -1987 840 5586 -497 -5021 0 0 0 0 1 219 98 407 
-3108 -1981 597 5673 -1016 -5015 0 0 0 0 1 231 93 405 
-3153 -2027 174 5770 -1249 -4979 0 0 0 0 1 239 72 406 
-3176 -2107 -318 5889 -1271 -4962 0 0 0 0 1 248 60 406 
-3169 -2226 -598 6164 -1129 -4933 0 0 0 0 1 255 52 403 
-3211 -2471 -857 6505 -845 -4927 0 0 0 0 1 247 36 393 
-3193 -2696 -1042 6726 -820 -4928 0 0 0 0 1 252 22 407 
-3136 -2812 -1218 6993 -1151 -4933 0 0 0 0 1 239 15 403 
-3222 -2938 -1548 7099 -1568 -5016 0 0 0 0 1 241 3 413 
-3450 -3110 -1836 7118 -1731 -5134 0 0 0 0 1 244 8 410 
-3672 -3328 -2103 7198 -1583 -5387 0 0 0 0 1 238 -29 421 
-3832 -3563 -2468 7298 -1242 -5533 0 0 0 0 1 232 -33 429 
-3686 -3697 -2798 7540 -480 -5582 0 0 0 0 1 228 -44 433 
-3373 -3800 -2931 7846 130 -5305 0 0 0 0 1 231 -51 442 
-3148 -3976 -3040 8037 9 -5034 0 0 0 0 1 227 -52 443 
-3223 -4135 -3200 8224 -780 -4718 0 0 0 0 1 225 -57 443 
-3424 -4352 -3349 8320 -1500 -4669 0 0 0 0 1 201 -62 471 
-3944 -4542 -3760 8514 -1528 -4919 0 0 0 0 1 193 -56 467 
-4277 -4596 -4134 8707 -996 -5154 0 0 0 0 1 199 -52 469 
-4278 -4544 -4319 9071 516 -5414 0 0 0 0 1 184 -46 479 
-4153 -4377 -4288 9405 2008 -5368 0 0 0 0 1 188 -39 481 
-3575 -4347 -4050 9504 2203 -5051 0 0 0 0 1 175 -45 480 
-3308 -4407 -3745 9181 896 -4368 0 0 0 0 1 194 -15 476 
-3248 -4507 -3463 8308 -1223 -3794 0 0 0 0 1 180 -23 466 
-3468 -4584 -3398 7583 -2212 -3581 0 0 0 0 1 172 -14 477 
-4019 -4587 -3620 6654 -2531 -3623 0 0 0 0 1 180 -3 483 
-4469 -4349 -3886 6050 -1696 -3838 0 0 0 0 1 179 9 498 
-4921 -4160 -3739 5753 -873 -4031 0 0 0 0 1 163 3 490 
-5171 -3979 -3599 5317 -205 -4275 0 0 0 0 1 166 6 487 
-5134 -3610 -3251 4651 -306 -4305 0 0 0 0 1 165 12 484 
-5016 -3269 -2899 4073 -665 -4168 0 0 0 0 1 162 9 495 
-4788 -3046 -2781 3139 -1241 -3562 0 0 0 0 1 163 6 494 
-4504 -2636 -2748 2578 -1272 -2968 0 0 0 0 1 158 9 479 
-4570 -2317 -2927 2034 -875 -2118 0 0 0 0 1 159 1 480 
-3583 -2016 -3367 -3393 -803 3065 0 0 0 0 1 165 4 502 
-3751 -2197 -3460 -3280 -632 3267 0 0 0 0 1 154 8 508 
-3865 -2708 -3548 -3163 -155 3439 0 0 0 0 1 148 7 514 
-3856 -2993 -3563 -3095 181 3575 0 0 0 0 1 156 8 511 
-3836 -3283 -3499 -3068 208 3855 0 0 0 0 1 156 3 508 
-3814 -3783 -3405 -3109 -302 4167 0 0 0 0 1 163 6 518 
-4133 -4237 -3433 -3179 -1254 4694 0 0 0 0 1 154 6 529 
-5185 -4908 -3787 -3083 -1180 5071 0 0 0 0 1 147 20 536 
-6049 -5641 -4426 -2871 -251 5248 0 0 0 0 1 154 15 531 
-6688 -6434 -4619 -2551 1922 5480 0 0 0 0 1 142 28 531 
-7371 -8725 -4899 -2606 3412 6017 0 0 0 0 1 154 33 531 
-7847 -9896 -4792 -3036 4018 6436 0 0 0 0 1 169 36 516 
-8274 -11609 -4393 -4810 5817 7039 0 0 0 0 1 165 44 507 
-8799 -13177 -4010 -6964 7890 7146 0 0 0 0 1 185 65 497 
-9279 -14270 -3323 -11678 10493 6241 0 0 0 0 1 209 41 442 
-10707 -15532 -2399 -17184 11062 4101 0 0 0 0 1 222 42 422 
-11794 -17461 -2032 -20517 10048 2873 0 0 0 0 1 239 35 394 
-11577 -18520 -2140 -24479 6210 3033 0 0 0 0 1 252 14 374 
-9998 -17140 -2790 -26273 2465 5192 0 0 0 0 1 261 7 363 
-9535 -15308 -4511 -26890 -2063 10381 0 0 0 0 1 248 15 350 
-10971 -15130 -5678 -24259 -777 12539 0 0 0 0 1 244 30 378 
-11227 -15487 -5220 -20908 -794 11601 0 0 0 0 1 227 65 415 
-10055 -14656 -3748 -14274 -1213 8134 0 0 0 0 1 208 67 431 
-6167 -14039 -1384 -8072 -330 5895 0 0 0 0 1 205 68 444 
-2402 -12531 870 -5005 196 5826 0 0 0 0 1 194 74 443 
-2085 -12036 1214 -1781 948 6153 0 0 0 0 1 197 91 445 
-1916 -10461 1842 363 1550 5560 0 0 0 0 1 184 103 458 
-2247 -9250 1971 1299 1718 4668 0 0 0 0 1 187 114 443 
-2283 -8701 2207 1738 1759 3232 0 0 0 0 1 172 142 433 
-2230 -8011 3088 1335 1450 2413 0 0 0 0 1 179 157 428 
-2194 -7542 3503 170 345 1351 0 0 0 0 1 182 153 427 
-1797 -6481 3493 -928 -630 473 0 0 0 0 1 162 159 428 
-1509 -5910 3107 -1325 -1075 49 0 0 0 0 1 185 148 427 
-1116 -5418 2665 -1282 -1359 -330 0 0 0 0 1 171 150 445 
-791 -4836 2064 -880 -1232 -547 0 0 0 0 1 173 143 455 
-860 -4381 1658 55 -850 -1027 0 0 0 0 1 174 154 449 
-1008 -3776 1689 986 -331 -1685 0 0 0 0 1 181 142 453 
-1137 -3483 1654 1533 -65 -2146 0 0 0 0 1 174 134 449 
-1322 -3114 1611 2225 205 -2846 0 0 0 0 1 188 134 453 
-1597 -2639 1404 2627 262 -3267 0 0 0 0 1 192 126 450 
-1771 -2342 1186 3208 243 -3778 0 0 0 0 1 195 117 433 
-1973 -1874 727 3600 267 -4012 0 0 0 0 1 202 120 430 
-2054 -1743 505 4216 320 -4223 0 0 0 0 1 206 106 424 
-2118 -1654 347 4828 332 -4325 0 0 0 0 1 225 94 413 
-2270 -1623 145 5218 303 -4379 0 0 0 0 1 222 96 403 
-2415 -1660 -88 5791 180 -4486 0 0 0 0 1 224 83 402 
-2466 -1666 -245 6337 71 -4659 0 0 0 0 1 235 71 393 
-2540 -1658 -487 6675 5 -4795 0 0 0 0 1 247 73 393 
-2609 -1734 -645 7131 -184 -4989 0 0 0 0 1 240 51 374 
-2705 -2087 -894 7511 -411 -5144 0 0 0 0 1 254 24 374 
-2892 -2273 -1041 7720 -628 -5262 0 0 0 0 1 260 20 369 
-3119 -2500 -1262 8026 -1168 -5488 0 0 0 0 1 254 4 381 
-3332 -2796 -1638 8376 -1566 -5762 0 0 0 0 1 253 -11 373 
-3460 -2964 -2013 8651 -1675 -5979 0 0 0 0 1 250 -24 398 
-3595 -3074 -2258 9021 -1807 -6328 0 0 0 0 1 253 -38 389 
-3718 -3344 -2388 9190 -1967 -6602 0 0 0 0 1 226 -68 419 
-3885 -3755 -2479 9205 -1976 -6757 0 0 0 0 1 222 -72 422 
-4066 -3991 -2545 9146 -1678 -6977 0 0 0 0 1 220 -84 438 
-4029 -4266 -2694 9086 -911 -7023 0 0 0 0 1 218 -91 459 
-4003 -4468 -3088 9161 -162 -6915 0 0 0 0 1 204 -101 459 
-3890 -4428 -3346 9460 1209 -6509 0 0 0 0 1 187 -104 466 
-4009 -4548 -3360 9810 2155 -5945 0 0 0 0 1 184 -105 486 
-4068 -4549 -3380 9940 2142 -5514 0 0 0 0 1 181 -98 486 
-4008 -4534 -3212 9858 1664 -4888 0 0 0 0 1 180 -84 483 
-4086 -4623 -3162 9494 1256 -4397 0 0 0 0 1 175 -69 483 
-4010 -4594 -3142 9078 1300 -4099 0 0 0 0 1 173 -60 492 
-3835 -4547 -2938 8084 1835 -3600 0 0 0 0 1 178 -50 485 
-3672 -4580 -2842 6904 1707 -3095 0 0 0 0 1 166 -47 485 
-3620 -4451 -3024 5827 671 -2755 0 0 0 0 1 188 -24 486 
-3727 -4287 -3285 5241 -133 -2656 0 0 0 0 1 173 -23 487 
-3866 -4097 -3514 4590 -957 -2650 0 0 0 0 1 174 -22 486 
-3969 -3710 -3705 4117 -931 -2656 0 0 0 0 1 171 -30 490 
-3983 -3315 -3709 3848 -664 -2605 0 0 0 0 1 167 -17 479 
-3939 -3000 -3626 3425 -187 -2405 0 0 0 0 1 166 -11 480 
-3781 -2628 -3364 2914 218 -2058 0 0 0 0 1 173 -15 487 
-3712 -2314 -3195 2547 235 -1802 0 0 0 0 1 176 -9 484 
-3701 -2094 -3129 2016 -21 -1458 0 0 0 0 1 169 -14 479 
-3704 -1849 -3182 1604 -420 -1150 0 0 0 0 1 182 -8 476 
-3765 -1562 -3365 1395 -583 -956 0 0 0 0 1 176 -7 479 
-3771 -1381 -3443 1122 -428 -658 0 0 0 0 1 174 -2 479 
-3693 -1147 -3455 787 58 -344 0 0 0 0 1 175 -3 480 
-3528 -812 -3381 485 407 -136 0 0 0 0 1 179 -14 477 
-3407 -652 -3297 -74 751 136 0 0 0 0 1 176 -9 477 
-3328 -400 -3175 -654 781 297 0 0 0 0 1 180 1 471 
-3361 -335 -3158 -1006 629 328 0 0 0 0 1 185 -8 469 
-3420 -328 -3179 -1426 144 305 0 0 0 0 1 180 -3 469 
-3496 -316 -3156 -1758 -508 292 0 0 0 0 1 172 -12 472 
-3548 -309 -3185 -1948 -910 352 0 0 0 0 1 182 -18 478 
-3539 -314 -3232 -2183 -1315 612 0 0 0 0 1 174 -29 467 
-3606 -341 -3290 -2405 -1242 1015 0 0 0 0 1 176 -22 488 
-3643 -433 -3259 -2560 -934 1317 0 0 0 0 1 166 -28 492 
-3687 -467 -3191 -2829 -378 1710 0 0 0 0 1 165 -29 500 
-3640 -576 -3135 -3094 -134 2027 0 0 0 0 1 168 -35 490 
-3604 -662 -3108 -3250 -188 2175 0 0 0 0 1 174 -41 495 
-3536 -708 -3173 -3381 -502 2352 0 0 0 0 1 163 -38 497 
-3403 -738 -3370 -3360 -813 2541 0 0 0 0 1 165 -46 502 
-3368 -744 -3665 -3254 -880 2678 0 0 0 0 1 166 -38 497 
-3572 -817 -3900 -3010 -672 2848 0 0 0 0 1 160 -44 507 
-3607 -961 -4077 -2724 2 3131 0 0 0 0 1 163 -45 504 
-3836 -1192 -4270 -2557 711 3445 0 0 0 0 1 154 -35 508 
-3861 -1698 -4426 -2311 1799 4225 0 0 0 0 1 167 -31 498 
-3901 -2396 -5219 -2037 2086 4843 0 0 0 0 1 169 -41 491 
-4138 -2802 -5708 -1398 2099 5672 0 0 0 0 1 182 -15 490 
-4252 -4188 -6325 -539 2364 6426 0 0 0 0 1 195 -2 481 
-5149 -5807 -6605 6 2606 6699 0 0 0 0 1 200 29 486 
-6495 -7769 -6510 371 3226 6617 0 0 0 0 1 209 34 465 
-7404 -8961 -6168 -605 4052 5996 0 0 0 0 1 201 52 452 
-8721 -10293 -5335 -2374 5118 5232 0 0 0 0 1 219 80 440 
-9596 -10606 -4758 -6535 7689 3228 0 0 0 0 1 209 90 428 
-10774 -11732 -4069 -9698 9081 1527 0 0 0 0 1 234 72 385 
-11071 -12617 -3881 -14019 10539 -210 0 0 0 0 1 243 68 360 
-10995 -14424 -3010 -17883 9528 2 0 0 0 0 1 251 60 338 
-11118 -14889 -1669 -20335 6052 1227 0 0 0 0 1 261 49 321 
-11564 -13410 -1762 -23176 -446 4593 0 0 0 0 1 260 57 315 
-12635 -12417 -2553 -24028 -4079 8084 0 0 0 0 1 251 60 331 
-13829 -11818 -3628 -23155 -3463 9357 0 0 0 0 1 235 88 391 
-12226 -13050 -2749 -20146 77 9470 0 0 0 0 1 208 91 417 
-9919 -14192 -1488 -15876 2763 8816 0 0 0 0 1 213 101 436 
-6408 -14916 -164 -10904 3530 7911 0 0 0 0 1 202 98 440 
-3454 -14276 2050 -7749 3504 6994 0 0 0 0 1 185 94 450 
-2318 -12908 3759 -3912 1816 5280 0 0 0 0 1 188 105 437 
-733 -11177 4834 -1903 232 4384 0 0 0 0 1 182 114 452 
-74 -10049 4622 430 -1052 3426 0 0 0 0 1 174 130 449 
-37 -9226 4068 2052 -812 2606 0 0 0 0 1 169 132 460 
-242 -7993 3559 2669 -82 2041 0 0 0 0 1 168 145 455 
-377 -7100 3759 2824 757 1198 0 0 0 0 1 167 154 453 
-455 -6479 4084 2233 346 317 0 0 0 0 1 166 165 441 
-575 -5653 4410 1646 -482 -281 0 0 0 0 1 156 170 443 
-510 -5182 4144 919 -1782 -1013 0 0 0 0 1 153 157 444 
-436 -4429 3414 704 -2199 -1377 0 0 0 0 1 167 169 453 
-485 -4013 2828 841 -2165 -1831 0 0 0 0 1 163 165 443 
-793 -3404 2163 1338 -1681 -2314 0 0 0 0 1 166 148 457 
-1227 -2873 1704 1759 -1247 -2666 0 0 0 0 1 159 150 450 
-1549 -2470 1489 2364 -539 -3160 0 0 0 0 1 175 150 448 
-1758 -2266 1463 2795 -10 -3581 0 0 0 0 1 175 145 438 
-2058 -1994 1337 3062 29 -3908 0 0 0 0 1 188 137 442 
-2197 -1798 1154 3174 -122 -4045 0 0 0 0 1 198 130 428 
-2254 -1734 1001 3294 -483 -4124 0 0 0 0 1 206 128 424 
-2367 -1661 677 3363 -786 -4125 0 0 0 0 1 213 111 427 
-2469 -1600 450 3486 -1153 -4124 0 0 0 0 1 225 106 429 
-2646 -1591 173 3626 -1322 -4166 0 0 0 0 1 218 84 422 
-2761 -1636 -115 3812 -1346 -4223 0 0 0 0 1 222 77 429 
-2914 -1682 -381 3960 -1262 -4293 0 0 0 0 1 240 71 423 
-2958 -1741 -589 4209 -970 -4417 0 0 0 0 1 237 65 422 
-2981 -1798 -718 4496 -707 -4540 0 0 0 0 1 234 47 422 
-3049 -1861 -989 4842 -708 -4688 0 0 0 0 1 244 28 424 
-3071 -1914 -1165 5082 -743 -4804 0 0 0 0 1 243 19 423 
-3090 -1990 -1260 5459 -784 -4983 0 0 0 0 1 240 4 426 
-3254 -2177 -1437 5722 -855 -5123 0 0 0 0 1 230 3 436 
-3397 -2364 -1600 6133 -919 -5349 0 0 0 0 1 238 -9 430 
-3553 -2477 -1744 6546 -931 -5623 0 0 0 0 1 237 -13 427 
-3734 -2586 -2003 6916 -904 -5893 0 0 0 0 1 227 -50 441 
-3688 -2660 -2216 7102 -809 -6008 0 0 0 0 1 225 -47 443 
-3680 -2766 -2400 7315 -579 -6079 0 0 0 0 1 211 -57 459 
-3664 -2974 -2599 7577 -88 -6018 0 0 0 0 1 207 -66 456 
-3868 -3098 -2743 7847 358 -5991 0 0 0 0 1 208 -60 464 
-4051 -3196 -2915 8084 628 -5957 0 0 0 0 1 199 -77 473 
-4010 -3211 -3102 8453 557 -5747 0 0 0 0 1 187 -77 478 
-3909 -3198 -3188 8742 68 -5360 0 0 0 0 1 176 -68 479 
-3893 -3275 -3306 8902 -101 -5065 0 0 0 0 1 189 -69 478 
-3911 -3288 -3473 9130 320 -4644 0 0 0 0 1 169 -53 493 
-3852 -3217 -3469 9280 1628 -4201 0 0 0 0 1 176 -39 493 
-3797 -3172 -3241 9281 2691 -3887 0 0 0 0 1 174 -36 488 
-3721 -3197 -2724 8982 3430 -3406 0 0 0 0 1 181 -22 472 
-3834 -3347 -2498 8299 1948 -3032 0 0 0 0 1 191 -17 474 
-3706 -3466 -2118 7203 -711 -2789 0 0 0 0 1 187 -1 469 
-3576 -3632 -2107 6397 -2145 -2670 0 0 0 0 1 193 0 474 
-3847 -1857 -3279 1110 -522 -627 0 0 0 0 1 181 24 460 
-3716 -1753 -3422 813 -131 -281 0 0 0 0 1 192 25 469 
-3735 -1793 -3393 639 157 -85 0 0 0 0 1 185 35 448 
-3759 -1750 -3376 350 346 137 0 0 0 0 1 187 33 459 
-3900 -1561 -3242 -49 478 215 0 0 0 0 1 188 26 453 
-3928 -1471 -3138 -381 602 222 0 0 0 0 1 178 30 452 
-3885 -1419 -3029 -981 637 277 0 0 0 0 1 185 25 452 
-3283 -1278 -3085 -3904 -896 2350 0 0 0 0 1 179 2 502 
-3217 -1577 -3377 -3616 -788 2586 0 0 0 0 1 162 0 495 
-3252 -1710 -3559 -3288 -567 2854 0 0 0 0 1 156 1 515 
-3480 -1897 -3842 -3040 -280 3004 0 0 0 0 1 156 -6 511 
-3680 -2196 -4124 -2666 131 3242 0 0 0 0 1 162 4 505 
-4003 -2413 -4388 -2263 195 3451 0 0 0 0 1 169 0 509 
-4492 -3110 -4897 -1967 137 3662 0 0 0 0 1 158 9 509 
-5296 -4420 -5462 -1526 509 4149 0 0 0 0 1 176 14 516 
-5500 -5747 -5876 -1203 2112 5104 0 0 0 0 1 171 23 499 
-6757 -9424 -6564 -1441 4161 6232 0 0 0 0 1 179 29 512 
-7379 -10957 -6378 -2446 5177 6814 0 0 0 0 1 185 45 487 
-8214 -12269 -5360 -6238 6749 6868 0 0 0 0 1 193 58 472 
-9557 -13239 -4476 -9992 8356 6094 0 0 0 0 1 209 63 444 
-10299 -14285 -4483 -15766 10718 3996 0 0 0 0 1 219 66 444 
-11662 -16371 -5540 -19857 11011 2209 0 0 0 0 1 245 49 384 
-12292 -18706 -6141 -21713 9751 1993 0 0 0 0 1 258 23 352 
-13117 -18784 -5795 -24530 5631 3127 0 0 0 0 1 254 22 342 
-13171 -17653 -4453 -27307 854 6449 0 0 0 0 1 255 23 338 
-13321 -16325 -5316 -27830 -1838 9203 0 0 0 0 1 244 40 334 
-13796 -16009 -6573 -24851 -2922 11277 0 0 0 0 1 235 63 360 
-12374 -16791 -7225 -18886 -366 10503 0 0 0 0 1 213 84 410 
-8780 -16593 -4013 -14973 1976 9124 0 0 0 0 1 207 93 423 
-6286 -15708 -983 -10120 2151 7411 0 0 0 0 1 194 99 427 
-2838 -13885 1515 -7273 836 6795 0 0 0 0 1 184 95 442 
-896 -12189 2737 -3599 86 5827 0 0 0 0 1 185 111 445 
-636 -11426 3182 -785 -366 4424 0 0 0 0 1 176 127 442 
-822 -10504 3249 572 -628 3368 0 0 0 0 1 172 122 458 
-1000 -9433 3105 1717 -184 1945 0 0 0 0 1 173 123 452 
-912 -8617 2952 2107 341 931 0 0 0 0 1 160 152 451 
-1171 -7123 2759 2157 353 307 0 0 0 0 1 167 157 447 
-1434 -6313 2591 2143 -61 -586 0 0 0 0 1 171 148 455 
-1842 -5156 1846 2179 -547 -1322 0 0 0 0 1 162 161 442 
-1838 -4657 1617 2202 -663 -1644 0 0 0 0 1 184 157 449 
-1763 -4233 1465 2240 -665 -1886 0 0 0 0 1 176 154 442 
-1673 -3701 1375 2267 -626 -1965 0 0 0 0 1 174 152 442 
-1666 -3390 1360 2310 -513 -2128 0 0 0 0 1 187 148 438 
-1728 -2945 1328 2398 -495 -2458 0 0 0 0 1 192 150 424 
-2016 -2623 1184 2493 -609 -2785 0 0 0 0 1 181 147 421 
-2241 -2485 1009 2695 -862 -3348 0 0 0 0 1 198 149 428 
-2420 -2336 684 2952 -955 -3856 0 0 0 0 1 205 139 428 
-2444 -2145 389 3153 -921 -4105 0 0 0 0 1 204 118 422 
-2391 -2047 251 3463 -871 -4318 0 0 0 0 1 232 116 420 
-2284 -2012 115 3676 -882 -4353 0 0 0 0 1 230 111 408 
-2313 -2002 21 4025 -1011 -4330 0 0 0 0 1 226 83 419 
-2454 -2102 -130 4390 -1169 -4342 0 0 0 0 1 232 82 403 
-2684 -2299 -176 4615 -1165 -4408 0 0 0 0 1 231 68 405 
-2864 -2401 -270 4939 -969 -4608 0 0 0 0 1 234 72 413 
-3365 -2418 -656 5294 -582 -4962 0 0 0 0 1 244 40 406 
-3496 -2377 -892 5564 -279 -5238 0 0 0 0 1 239 25 408 
-3611 -2390 -1104 6056 82 -5598 0 0 0 0 1 253 20 401 
-3663 -2390 -1438 6434 164 -5753 0 0 0 0 1 245 4 400 
-3580 -2463 -1756 7057 33 -5805 0 0 0 0 1 253 -15 396 
-3604 -2554 -1978 7738 -273 -5769 0 0 0 0 1 251 -30 399 
-3942 -2716 -2316 8350 -615 -5854 0 0 0 0 1 238 -51 405 
-4197 -3025 -2465 8584 -676 -5939 0 0 0 0 1 235 -56 414 
-4201 -3204 -2536 8626 -513 -6029 0 0 0 0 1 243 -73 414 
-4253 -3404 -2920 8527 -175 -6099 0 0 0 0 1 224 -76 428 
-4417 -3286 -3609 8561 324 -6118 0 0 0 0 1 213 -84 441 
-4201 -3269 -4229 8912 1527 -5899 0 0 0 0 1 209 -95 456 
-4291 -3174 -4820 9716 2930 -5466 0 0 0 0 1 214 -95 453 
-4222 -3027 -4910 10735 4176 -4805 0 0 0 0 1 208 -96 443 
-3917 -3080 -4391 11243 4344 -4194 0 0 0 0 1 202 -98 440 
-3681 -3272 -4054 11465 3037 -3179 0 0 0 0 1 207 -80 444 
-3293 -3333 -3526 10868 825 -2382 0 0 0 0 1 198 -68 435 
-2924 -3488 -3231 10132 -350 -2034 0 0 0 0 1 198 -56 444 
-2706 -3428 -3246 8761 -918 -1737 0 0 0 0 1 202 -44 456 
-2784 -3412 -3612 7651 -348 -1691 0 0 0 0 1 199 -35 466 
-3316 -3170 -4117 7191 448 -1836 0 0 0 0 1 199 -8 462 
-3427 -3116 -4035 6778 1711 -2205 0 0 0 0 1 197 -15 455 
-3702 -3269 -3756 6413 1295 -2470 0 0 0 0 1 206 1 443 
-3589 -3049 -3333 5982 145 -2538 0 0 0 0 1 212 -2 444 
-3436 -2880 -3130 5071 -1632 -2482 0 0 0 0 1 202 31 437 
-3094 -1502 -4236 1244 119 577 0 0 0 0 1 194 38 438 
-3056 -1505 -4283 593 137 834 0 0 0 0 1 200 41 433 
-3273 -1483 -4403 182 132 863 0 0 0 0 1 200 41 437 
-3429 -1543 -4433 -3957 -601 2099 0 0 0 0 1 193 24 467 
-3857 -2495 -4547 -4197 6 2557 0 0 0 0 1 186 22 477 
-3853 -2772 -4735 -4263 172 3053 0 0 0 0 1 191 26 470 
-4246 -4311 -5042 -4103 -166 3661 0 0 0 0 1 193 24 470 
-4703 -5179 -5178 -3927 -451 4444 0 0 0 0 1 184 26 474 
-5735 -6834 -5328 -4178 420 5390 0 0 0 0 1 187 33 480 
-6505 -8135 -5568 -4833 1933 6024 0 0 0 0 1 194 52 478 
-7115 -8838 -5631 -6720 4835 6551 0 0 0 0 1 212 51 470 
-7589 -10718 -5565 -9682 6628 6771 0 0 0 0 1 198 49 447 
-7871 -12689 -5759 -11965 6511 7194 0 0 0 0 1 208 47 431 
-9197 -13303 -5339 -15652 6130 7491 0 0 0 0 1 212 73 423 
-11424 -13611 -5759 -18833 6690 7109 0 0 0 0 1 227 55 417 
-13445 -14220 -7056 -20174 7024 6867 0 0 0 0 1 230 62 415 
-13919 -15248 -7566 -21307 6001 7782 0 0 0 0 1 239 62 380 
-14303 -14982 -7883 -21840 3702 9426 0 0 0 0 1 246 79 394 
-15545 -13926 -8296 -21777 2683 9936 0 0 0 0 1 225 72 401 
-14535 -14059 -7947 -20941 1681 10640 0 0 0 0 1 225 89 420 
-13348 -14357 -6965 -19226 1128 11483 0 0 0 0 1 202 93 428 
-11184 -15221 -5306 -17158 1021 11534 0 0 0 0 1 199 99 452 
-9420 -14983 -3599 -12535 -95 10042 0 0 0 0 1 168 96 473 
-6666 -13089 -1297 -8970 -721 8403 0 0 0 0 1 149 106 485 
-4331 -12433 -215 -4359 18 6558 0 0 0 0 1 143 98 500 
-2176 -11250 903 -1345 626 5651 0 0 0 0 1 147 104 504 
-1723 -9885 1550 -185 778 5202 0 0 0 0 1 139 125 502 
-1948 -9204 1815 533 1022 4312 0 0 0 0 1 133 136 501 
-2769 -8488 2022 485 1072 3470 0 0 0 0 1 128 133 492 
-3133 -7731 2433 -250 886 2043 0 0 0 0 1 130 148 497 
-3162 -6585 2744 -1287 -54 936 0 0 0 0 1 122 149 502 
-2586 -5716 2394 -1809 -778 553 0 0 0 0 1 126 141 506 
-2065 -5208 2037 -2101 -1346 369 0 0 0 0 1 125 142 519 
-1497 -4519 1538 -1793 -1273 234 0 0 0 0 1 117 127 512 
-1236 -3814 1350 -1386 -1028 10 0 0 0 0 1 121 133 527 
-1094 -3315 1204 -660 -635 -496 0 0 0 0 1 107 126 515 
-964 -2704 1099 -24 -168 -1078 0 0 0 0 1 108 122 528 
-1046 -2205 1144 416 400 -1645 0 0 0 0 1 119 123 529 
-1151 -1782 1133 728 1103 -2119 0 0 0 0 1 122 122 530 
-1238 -1497 1192 921 1548 -2356 0 0 0 0 1 120 122 514 
-1293 -1266 1273 1209 1926 -2577 0 0 0 0 1 141 117 507 
-1259 -856 1393 1503 1743 -2611 0 0 0 0 1 152 106 504 
-1287 -672 1378 1684 1429 -2588 0 0 0 0 1 154 109 511 
-1377 -439 1332 1937 930 -2597 0 0 0 0 1 169 110 495 
-1592 -148 1160 2113 675 -2654 0 0 0 0 1 167 115 488 
-1682 -6 990 2421 542 -2793 0 0 0 0 1 176 98 484 
-1787 143 844 2745 733 -2954 0 0 0 0 1 176 105 484 
-1803 189 822 2942 972 -3033 0 0 0 0 1 192 109 469 
-1861 330 750 3193 1253 -3141 0 0 0 0 1 194 94 466 
-1898 439 710 3386 1332 -3230 0 0 0 0 1 194 84 464 
-1930 587 688 3468 1293 -3274 0 0 0 0 1 209 95 442 
-1924 614 653 3556 1119 -3301 0 0 0 0 1 212 85 447 
-1970 632 528 3609 949 -3297 0 0 0 0 1 212 78 435 
-1934 634 410 3720 696 -3228 0 0 0 0 1 218 65 422 
-1973 612 253 3821 592 -3152 0 0 0 0 1 239 65 413 
-1835 715 192 3962 645 -2982 0 0 0 0 1 233 58 405 
-1595 953 181 4082 1020 -2746 0 0 0 0 1 235 51 402 
-1588 1193 201 4139 1391 -2617 0 0 0 0 1 250 49 393 
-1769 1387 195 4196 1801 -2561 0 0 0 0 1 246 55 385 
-2092 1560 158 4222 1893 -2595 0 0 0 0 1 251 35 380 
-2256 1586 138 4243 1816 -2653 0 0 0 0 1 255 40 366 
-2325 1483 77 4265 1520 -2598 0 0 0 0 1 252 12 353 
-2296 1436 0 4283 1256 -2475 0 0 0 0 1 250 0 353 
-2195 1450 -63 4333 929 -2151 0 0 0 0 1 265 20 343 
-2066 1362 -225 4377 854 -1882 0 0 0 0 1 261 -7 349 
-2172 1489 -385 4480 1046 -1560 0 0 0 0 1 258 -20 327 
-2383 1584 -438 4557 1542 -1471 0 0 0 0 1 251 -20 331 
-2584 1598 -447 4531 2077 -1543 0 0 0 0 1 257 -17 330 
-2755 1634 -495 4454 2246 -1637 0 0 0 0 1 263 -28 313 
-2759 1668 -534 4277 2114 -1739 0 0 0 0 1 254 -34 304 
-2573 1608 -534 4000 1763 -1710 0 0 0 0 1 263 -40 308 
-2273 1530 -454 3758 1551 -1616 0 0 0 0 1 257 -49 291 
-2094 1585 -421 3361 1342 -1419 0 0 0 0 1 250 -46 302 
-1987 1778 -435 2963 1134 -1291 0 0 0 0 1 250 -61 291 
-2061 1868 -429 2702 900 -1288 0 0 0 0 1 246 -55 296 
-2167 1912 -455 2342 294 -1398 0 0 0 0 1 246 -79 280 
-2420 1850 -593 2049 -428 -1601 0 0 0 0 1 246 -69 287 
-2501 1843 -636 1896 -819 -1759 0 0 0 0 1 244 -89 301 
-2701 1863 -812 1759 -1177 -1925 0 0 0 0 1 238 -93 300 
