Data Quantity : 14  Accelerometer : 3  Gyroscope : 3  FSR : 5







-1179 1402 -27 -41 -155 110 0 0 0 0 1 213 72 436 
-1167 1385 -29 23 -124 106 0 0 0 0 1 207 78 437 
-1163 1366 -27 118 -90 121 0 0 0 0 1 211 62 443 
-1165 1346 -4 168 -67 132 0 0 0 0 1 202 78 437 
-1180 1330 20 202 -34 140 0 0 0 0 1 200 71 451 
-1205 1320 18 218 -11 128 0 0 0 0 1 217 76 430 
-1241 1313 23 214 -16 102 0 0 0 0 1 215 89 436 
-1269 1313 28 194 -44 45 0 0 0 0 1 207 68 435 
-1326 1313 19 170 -67 5 0 0 0 0 1 207 83 440 
-1348 1317 17 140 -86 -59 0 0 0 0 1 209 85 440 
-1403 1343 -3 118 -81 -114 0 0 0 0 1 214 83 444 
-1462 1383 -20 116 -107 -143 0 0 0 0 1 214 90 449 
-1515 1397 -32 132 -109 -196 0 0 0 0 1 205 83 435 
-1564 1365 -64 162 -40 -246 0 0 0 0 1 202 83 433 
-1661 1488 -16 174 37 -262 0 0 0 0 1 207 71 440 
-1611 1421 -23 183 91 -248 0 0 0 0 1 206 84 445 
-1601 1437 -47 196 195 -220 0 0 0 0 1 215 87 434 
-1590 1468 -32 181 244 -191 0 0 0 0 1 213 87 438 
-1528 1458 53 148 244 -153 0 0 0 0 1 215 87 434 
-1499 1457 71 71 180 -86 0 0 0 0 1 215 74 436 
-1417 1425 109 -20 49 -32 0 0 0 0 1 209 83 428 
-1387 1454 124 -84 -21 6 0 0 0 0 1 214 76 435 
-1359 1471 122 -177 -119 66 0 0 0 0 1 212 83 430 
-1342 1453 93 -219 -172 87 0 0 0 0 1 218 77 429 
-1345 1463 75 -252 -180 76 0 0 0 0 1 212 78 442 
-1327 1478 67 -263 -118 70 0 0 0 0 1 217 73 437 
-1317 1435 65 -251 -34 27 0 0 0 0 1 214 71 444 
-1321 1439 33 -226 11 2 0 0 0 0 1 215 67 438 
-1338 1433 32 -181 49 -56 0 0 0 0 1 205 76 435 
-1361 1434 31 -137 67 -124 0 0 0 0 1 212 73 435 
-1391 1425 24 -111 60 -162 0 0 0 0 1 215 79 431 
-1397 1423 26 -73 41 -189 0 0 0 0 1 200 76 435 
-1406 1424 21 -40 8 -177 0 0 0 0 1 224 73 435 
-1406 1416 12 -1 -27 -122 0 0 0 0 1 201 65 438 
-1422 1414 24 18 -15 -80 0 0 0 0 1 211 74 434 
-1442 1420 24 27 23 -37 0 0 0 0 1 213 65 448 
-1482 1432 21 20 34 -24 0 0 0 0 1 215 77 429 
-1507 1439 19 8 24 -38 0 0 0 0 1 213 74 441 
-1507 1442 24 -6 15 -47 0 0 0 0 1 212 73 440 
-1516 1443 26 -29 -3 -62 0 0 0 0 1 211 72 436 
-1499 1432 5 -49 -19 -66 0 0 0 0 1 212 68 433 
-1484 1429 -2 -55 -32 -61 0 0 0 0 1 211 62 438 
-1471 1413 -1 -70 -32 -54 0 0 0 0 1 214 66 426 
-1461 1395 1 -80 -27 -55 0 0 0 0 1 228 66 442 
-1467 1397 19 -97 -29 -69 0 0 0 0 1 209 61 430 
-1490 1341 80 -119 -32 -99 0 0 0 0 1 213 65 431 
-1542 1252 120 -117 -6 -128 0 0 0 0 1 217 63 444 
-1550 1167 208 -82 86 -176 0 0 0 0 1 209 71 433 
-1537 953 349 -44 98 -213 0 0 0 0 1 208 72 436 
-1523 852 435 40 -8 -276 0 0 0 0 1 214 61 433 
-1444 599 648 90 -130 -343 0 0 0 0 1 209 66 423 
-1137 238 1034 72 -147 -360 0 0 0 0 1 212 61 442 
-975 6 1373 -36 -168 -417 0 0 0 0 1 201 55 441 
-815 -409 1961 -147 -250 -504 0 0 0 0 1 208 60 434 
-721 -772 2059 -174 -589 -738 0 0 0 0 1 220 62 445 
-702 -1073 1891 178 -1096 -1088 0 0 0 0 1 207 56 440 
-498 -1413 1633 628 -1529 -1334 0 0 0 0 1 209 53 449 
-571 -1576 1413 1564 -2049 -1853 0 0 0 0 1 209 44 453 
-820 -1567 1129 2265 -2144 -2340 0 0 0 0 1 205 39 458 
-3004 -1532 -225 5969 -1518 -4721 0 0 0 0 1 197 -3 473 
-3359 -1630 -551 5889 -895 -4199 0 0 0 0 1 186 -4 477 
-3558 -1591 -805 5641 -425 -3686 0 0 0 0 1 186 -4 479 
-3618 -1635 -870 5152 -458 -3201 0 0 0 0 1 185 11 483 
-3582 -1632 -941 4723 -756 -2905 0 0 0 0 1 186 4 477 
-3511 -1625 -1030 4061 -1395 -2471 0 0 0 0 1 181 2 484 
-3459 -1671 -1208 3656 -1798 -2196 0 0 0 0 1 167 7 472 
-3581 -1606 -1398 3164 -2239 -1884 0 0 0 0 1 162 7 479 
-3681 -1421 -1635 2770 -2274 -1677 0 0 0 0 1 171 11 490 
-3683 -1346 -1715 2471 -1953 -1521 0 0 0 0 1 171 23 487 
-3624 -1253 -1767 2282 -1549 -1392 0 0 0 0 1 154 18 499 
-3661 -1127 -1872 2209 -1291 -1344 0 0 0 0 1 158 14 495 
-3607 -985 -1938 2149 -905 -1292 0 0 0 0 1 139 22 509 
-3496 -833 -1912 2082 -607 -1192 0 0 0 0 1 143 31 498 
-3421 -648 -1876 1924 -559 -1003 0 0 0 0 1 155 34 502 
-3330 -495 -1826 1618 -603 -735 0 0 0 0 1 153 31 505 
-3143 -341 -1748 1363 -571 -518 0 0 0 0 1 142 40 494 
-3080 0 -2318 -1002 428 486 0 0 0 0 1 171 25 497 
-3665 -922 -3353 -2362 1452 1594 0 0 0 0 1 153 22 505 
-3789 -1233 -3549 -2201 1451 1654 0 0 0 0 1 165 9 495 
-3813 -1468 -3801 -1966 1456 1729 0 0 0 0 1 174 9 493 
-3744 -1846 -4022 -1751 1546 1806 0 0 0 0 1 182 15 504 
-3914 -2178 -4299 -1321 1806 1874 0 0 0 0 1 179 22 484 
-4162 -2443 -4505 -750 2124 1770 0 0 0 0 1 247 2 281 
-11462 -17251 -3158 -23260 7158 1736 0 0 0 0 1 245 17 239 
-13106 -17096 -4063 -26017 4860 4762 0 0 0 0 1 245 41 230 
-16177 -16918 -6896 -26994 3879 6460 0 0 0 0 1 237 79 231 
-18127 -17164 -8882 -27291 5193 8030 0 0 0 0 1 230 109 233 
-19643 -17898 -10879 -26162 5885 8746 0 0 0 0 1 198 159 279 
-17688 -18258 -9534 -24998 4717 9512 0 0 0 0 1 175 190 327 
-15149 -18059 -6400 -22867 3353 10510 0 0 0 0 1 154 187 369 
-12517 -17940 -4468 -19526 1462 10737 0 0 0 0 1 141 181 423 
-8890 -17257 -3257 -15902 -436 10196 0 0 0 0 1 108 183 463 
-5214 -15971 -2232 -9337 -893 8646 0 0 0 0 1 94 174 481 
-3544 -15267 -1512 -3488 470 6928 0 0 0 0 1 62 165 511 
-2325 -14541 614 -844 1621 5871 0 0 0 0 1 67 165 508 
-2337 -12774 2611 1197 2716 4053 0 0 0 0 1 62 187 520 
-2625 -11478 3715 1579 2191 1937 0 0 0 0 1 68 191 500 
-2894 -9587 4320 1291 915 606 0 0 0 0 1 58 196 488 
-2820 -8550 4193 526 -887 -815 0 0 0 0 1 70 191 495 
-2341 -7205 3465 93 -1436 -1271 0 0 0 0 1 68 193 500 
-2059 -6338 2854 -102 -1457 -1505 0 0 0 0 1 75 183 498 
-1924 -5075 2204 100 -1183 -1628 0 0 0 0 1 75 188 505 
-1912 -4330 1994 744 -810 -1995 0 0 0 0 1 69 190 508 
-2046 -3425 1955 1242 -672 -2400 0 0 0 0 1 75 191 505 
-2171 -2947 1953 1930 -575 -3143 0 0 0 0 1 79 190 504 
-2466 -2311 1910 2290 -630 -3652 0 0 0 0 1 103 188 498 
-2748 -1960 1770 2694 -898 -4346 0 0 0 0 1 96 191 488 
-3110 -1560 1435 3031 -1113 -4842 0 0 0 0 1 108 188 495 
-3235 -1294 1025 3285 -1194 -5005 0 0 0 0 1 109 187 483 
-3369 -1197 763 3719 -1254 -5058 0 0 0 0 1 108 183 477 
-3544 -1129 542 4029 -1221 -5024 0 0 0 0 1 134 183 465 
-3713 -1119 439 4525 -1186 -4987 0 0 0 0 1 138 175 457 
-4010 -1154 281 5009 -1267 -5046 0 0 0 0 1 143 169 444 
-3947 -1173 168 5309 -1292 -5102 0 0 0 0 1 155 169 453 
-3838 -1197 -37 5786 -1512 -5186 0 0 0 0 1 171 165 436 
-3785 -1380 -403 6109 -1796 -5257 0 0 0 0 1 181 159 426 
-3775 -1718 -665 6559 -2279 -5390 0 0 0 0 1 184 154 419 
-3841 -2270 -1085 7017 -2758 -5568 0 0 0 0 1 198 144 412 
-3921 -2948 -1552 7324 -3042 -5734 0 0 0 0 1 198 134 409 
-4210 -3326 -2212 7766 -3278 -6125 0 0 0 0 1 212 132 416 
-4439 -3620 -2813 8344 -3255 -6624 0 0 0 0 1 218 118 410 
-4768 -4074 -3649 8842 -3145 -6936 0 0 0 0 1 219 98 395 
-4866 -4385 -4092 9705 -2839 -7269 0 0 0 0 1 225 91 408 
-4912 -4964 -4332 10548 -2580 -7446 0 0 0 0 1 224 58 402 
-5036 -5447 -4166 10940 -2727 -7536 0 0 0 0 1 234 45 403 
-5233 -5812 -3660 10951 -3176 -7659 0 0 0 0 1 228 31 407 
-5393 -6035 -3439 10293 -3501 -7690 0 0 0 0 1 232 23 410 
-6222 -6180 -3796 9809 -3404 -7728 0 0 0 0 1 228 0 421 
-6656 -5969 -4417 9445 -2576 -7705 0 0 0 0 1 212 0 423 
-6883 -5471 -5211 9509 -1689 -7535 0 0 0 0 1 201 -25 455 
-6911 -4874 -5656 10007 -713 -6933 0 0 0 0 1 211 -15 445 
-6690 -4473 -5765 10498 -799 -5923 0 0 0 0 1 201 -23 452 
-6394 -4104 -5729 10554 -1147 -5187 0 0 0 0 1 200 -22 453 
-6347 -3836 -5633 10131 -1376 -4229 0 0 0 0 1 192 -13 462 
-6325 -3610 -5359 9226 -541 -3550 0 0 0 0 1 186 -9 456 
-6276 -3334 -5241 8207 840 -3185 0 0 0 0 1 188 17 458 
-6041 -2938 -4673 7170 923 -2988 0 0 0 0 1 198 22 470 
-5638 -2666 -3946 6328 -529 -2850 0 0 0 0 1 174 44 470 
-3547 -218 -2921 1813 -326 93 0 0 0 0 1 167 49 467 
-3346 -215 -3023 893 -552 533 0 0 0 0 1 174 66 470 
-3300 -139 -3143 189 -386 788 0 0 0 0 1 168 55 462 
-3127 -92 -3181 -168 -217 875 0 0 0 0 1 166 62 462 
-3015 -111 -3143 -606 -112 936 0 0 0 0 1 173 55 464 
-2941 -140 -3019 -1019 -157 918 0 0 0 0 1 167 58 458 
-2976 -213 -2879 -1302 -174 867 0 0 0 0 1 162 73 465 
-3042 -257 -2816 -1721 -106 775 0 0 0 0 1 160 63 470 
-3157 -353 -2709 -2206 180 721 0 0 0 0 1 162 51 472 
-3208 -451 -2600 -2510 331 811 0 0 0 0 1 167 49 484 
-3153 -565 -2559 -2683 325 950 0 0 0 0 1 152 57 492 
-3233 -625 -2541 -2915 222 1205 0 0 0 0 1 171 52 483 
-3320 -720 -2513 -3143 180 1442 0 0 0 0 1 159 47 490 
-3391 -822 -2537 -3283 257 1577 0 0 0 0 1 158 41 491 
-3469 -975 -2572 -3449 453 1729 0 0 0 0 1 163 40 497 
-3468 -1057 -2601 -3611 666 1843 0 0 0 0 1 160 22 498 
-3549 -1218 -2721 -3713 765 1888 0 0 0 0 1 160 22 491 
-3707 -1266 -2918 -3832 815 1884 0 0 0 0 1 161 20 513 
-3718 -1281 -3003 -3927 900 1899 0 0 0 0 1 169 19 488 
-3534 -1352 -3088 -3990 1054 1973 0 0 0 0 1 168 1 501 
-3496 -1338 -3219 -4039 1262 2135 0 0 0 0 1 180 -3 506 
-3671 -1220 -3582 -3901 1243 2340 0 0 0 0 1 178 -3 492 
-4074 -1107 -4072 -3653 1168 2360 0 0 0 0 1 189 1 490 
-4475 -997 -4407 -3022 1216 2353 0 0 0 0 1 182 1 487 
-4967 -1262 -4917 -2415 1390 2384 0 0 0 0 1 187 -3 487 
-5645 -1588 -5237 -874 2004 2446 0 0 0 0 1 185 -3 490 
-6450 -2813 -5654 524 2478 2518 0 0 0 0 1 202 14 467 
-7465 -4266 -5870 1423 3074 2522 0 0 0 0 1 208 18 455 
-8227 -5700 -6029 2529 4889 2383 0 0 0 0 1 219 29 433 
-9854 -9086 -5793 2681 7782 1948 0 0 0 0 1 213 40 415 
-9895 -10713 -4494 1271 8876 1615 0 0 0 0 1 234 50 382 
-10005 -12616 -2617 -4734 8493 893 0 0 0 0 1 243 51 351 
-11237 -13641 -121 -11112 8853 -145 0 0 0 0 1 246 62 334 
-12134 -14560 -439 -20171 8639 -1171 0 0 0 0 1 254 49 279 
-11540 -17648 -1192 -26162 6381 1232 0 0 0 0 1 246 50 252 
-10778 -18426 -3639 -28533 3608 4546 0 0 0 0 1 238 68 258 
-12044 -17111 -5480 -29573 -77 10124 0 0 0 0 1 245 110 279 
-13403 -16408 -6853 -28349 2096 13346 0 0 0 0 1 217 147 298 
-13384 -16600 -6139 -26207 3391 13028 0 0 0 0 1 195 166 330 
-11144 -15983 -4798 -20993 602 11471 0 0 0 0 1 149 165 438 
-7845 -17416 -3001 -14327 1109 9211 0 0 0 0 1 139 161 456 
-4415 -17637 -1005 -9964 2068 7496 0 0 0 0 1 114 150 478 
-2768 -16712 1146 -4856 2218 5254 0 0 0 0 1 120 147 477 
-1723 -15168 3486 -2459 2008 3818 0 0 0 0 1 117 147 488 
-2268 -13012 4148 160 1698 1641 0 0 0 0 1 112 141 490 
-2438 -11741 4352 1744 1592 81 0 0 0 0 1 119 153 490 
-2497 -10095 4729 2191 1258 -495 0 0 0 0 1 128 150 478 
-2443 -9198 5043 2162 314 -838 0 0 0 0 1 123 160 480 
-2283 -8000 5190 1957 -323 -1003 0 0 0 0 1 133 155 471 
-2273 -7324 5192 1731 -1101 -1502 0 0 0 0 1 132 161 477 
-2204 -6452 4913 1818 -1835 -2307 0 0 0 0 1 139 161 472 
-2313 -5448 4251 2079 -2297 -2981 0 0 0 0 1 134 161 477 
-2405 -4861 3751 2692 -2788 -4024 0 0 0 0 1 141 154 486 
-2927 -4087 2962 3205 -2958 -4701 0 0 0 0 1 149 155 480 
-3374 -3564 2430 4038 -2946 -5617 0 0 0 0 1 153 142 474 
-4105 -2953 1720 4910 -2663 -6303 0 0 0 0 1 153 144 486 
-4496 -2544 921 5525 -2377 -6518 0 0 0 0 1 166 138 473 
-4592 -2314 497 6402 -1774 -6455 0 0 0 0 1 172 139 474 
-4903 -2048 -292 7120 -1267 -6117 0 0 0 0 1 174 125 479 
-4913 -2005 -744 7473 -1203 -5810 0 0 0 0 1 180 136 452 
-4916 -2127 -1113 7790 -1385 -5385 0 0 0 0 1 195 117 453 
-4947 -2317 -1488 7865 -1620 -5199 0 0 0 0 1 205 115 442 
-4791 -2451 -1783 7786 -2159 -5030 0 0 0 0 1 205 115 437 
-4511 -2507 -2042 7220 -2791 -4961 0 0 0 0 1 209 107 426 
-4418 -2734 -2400 6698 -3425 -4969 0 0 0 0 1 218 109 431 
-4552 -3042 -3322 6152 -4187 -5119 0 0 0 0 1 208 101 436 
-4866 -3214 -3974 6128 -3817 -5486 0 0 0 0 1 214 83 449 
-5039 -3310 -4731 6407 -3165 -5700 0 0 0 0 1 214 71 453 
-4879 -3293 -4796 6928 -2266 -5797 0 0 0 0 1 209 66 456 
-4414 -3171 -4396 7207 -1836 -5647 0 0 0 0 1 202 63 453 
-4096 -2916 -4383 7259 -1772 -5547 0 0 0 0 1 209 44 456 
-4095 -2742 -4455 7195 -1606 -5517 0 0 0 0 1 201 47 462 
-4115 -2642 -4610 7125 -1351 -5537 0 0 0 0 1 212 39 456 
-4116 -2564 -4771 7099 -840 -5586 0 0 0 0 1 209 24 456 
-4135 -2426 -4587 7067 -321 -5613 0 0 0 0 1 202 34 451 
-4040 -2326 -4123 6977 -431 -5538 0 0 0 0 1 206 20 459 
-3922 -2264 -3734 6616 -1128 -5250 0 0 0 0 1 207 14 453 
-3587 -2168 -3171 6007 -1867 -4716 0 0 0 0 1 201 11 450 
-3557 -2109 -2886 5550 -2008 -4355 0 0 0 0 1 191 22 458 
-3736 -2091 -2864 5014 -1567 -4071 0 0 0 0 1 189 3 462 
-4468 -1972 -3389 4974 -756 -4245 0 0 0 0 1 193 9 465 
-4809 -1903 -3655 5252 -336 -4565 0 0 0 0 1 186 17 467 
-4956 -1849 -3814 5875 -294 -5026 0 0 0 0 1 193 0 456 
-5047 -1726 -3675 6297 -942 -5259 0 0 0 0 1 187 3 473 
-5022 -1581 -3530 6309 -1340 -5238 0 0 0 0 1 192 3 471 
-4864 -1466 -3397 5961 -1212 -4815 0 0 0 0 1 189 6 473 
-4747 -1257 -3293 5565 -642 -4302 0 0 0 0 1 186 2 479 
-4687 -1252 -3235 4902 542 -3325 0 0 0 0 1 181 -7 460 
-4810 -1182 -3159 4312 1131 -2486 0 0 0 0 1 180 8 466 
-4821 -1053 -3011 3921 675 -2061 0 0 0 0 1 184 7 460 
-4733 -944 -2761 3214 -657 -1635 0 0 0 0 1 192 3 450 
-4621 -774 -2752 2466 -1850 -1403 0 0 0 0 1 180 8 457 
-4598 -669 -2971 2027 -2118 -1301 0 0 0 0 1 182 3 469 
-4430 -599 -3169 1470 -1617 -1110 0 0 0 0 1 179 4 474 
-4369 -520 -3189 1044 -571 -938 0 0 0 0 1 171 -3 466 
-4289 -322 -3067 700 93 -778 0 0 0 0 1 180 13 478 
-4126 -197 -2952 471 120 -571 0 0 0 0 1 176 -2 467 
-3913 -83 -2803 92 -84 -76 0 0 0 0 1 178 -1 476 
-3680 4 -2623 -171 -189 312 0 0 0 0 1 168 -3 471 
-3603 38 -2514 -568 -356 826 0 0 0 0 1 173 11 471 
-3585 -17 -2488 -950 -480 1187 0 0 0 0 1 176 4 470 
-3555 -91 -2543 -1175 -420 1323 0 0 0 0 1 180 1 469 
-3756 -1154 -3138 -3637 0 2123 0 0 0 0 1 167 0 488 
-3923 -1299 -3564 -3603 202 2085 0 0 0 0 1 165 0 498 
-3962 -1462 -4038 -3473 385 2084 0 0 0 0 1 165 -14 498 
-4000 -1633 -4419 -3084 585 2161 0 0 0 0 1 168 -11 504 
-3892 -1801 -4840 -2749 743 2266 0 0 0 0 1 173 -11 494 
-3869 -1999 -5143 -2177 900 2466 0 0 0 0 1 175 -6 494 
-4069 -2284 -5529 -1365 894 2596 0 0 0 0 1 189 -11 487 
-4522 -3131 -6462 -621 968 2621 0 0 0 0 1 178 -8 483 
-4918 -4065 -7429 735 1615 2633 0 0 0 0 1 180 3 480 
-5271 -5423 -8034 2762 3531 2772 0 0 0 0 1 201 23 466 
-7582 -9372 -8270 3559 4942 2644 0 0 0 0 1 213 45 452 
-9151 -11768 -6687 2923 6627 2172 0 0 0 0 1 220 52 434 
-10508 -13676 -3008 -1239 6867 1548 0 0 0 0 1 225 65 410 
-10908 -14920 192 -5771 7327 900 0 0 0 0 1 181 159 393 
-8847 -17846 -3679 -14556 2600 9987 0 0 0 0 1 159 155 434 
-5870 -17184 -1813 -9429 2989 7658 0 0 0 0 1 138 168 443 
-3007 -16209 1030 -4389 1980 5763 0 0 0 0 1 133 158 471 
-425 -14435 4024 -2583 475 5331 0 0 0 0 1 125 164 472 
-51 -12935 4343 -875 -902 4578 0 0 0 0 1 117 176 470 
-630 -11925 3802 392 -1059 3043 0 0 0 0 1 106 174 484 
-1576 -10698 3399 936 -1063 1950 0 0 0 0 1 103 188 479 
-1629 -9882 3489 1195 -847 777 0 0 0 0 1 95 185 473 
-1703 -8728 3539 1008 -602 7 0 0 0 0 1 101 193 488 
-1579 -7702 3725 754 -449 -445 0 0 0 0 1 102 192 485 
-1311 -7100 3761 431 -388 -1190 0 0 0 0 1 106 191 493 
-1300 -6140 3738 330 -481 -1848 0 0 0 0 1 102 187 485 
-1347 -5497 3530 471 -857 -2972 0 0 0 0 1 116 185 485 
-1730 -4368 2739 1053 -1639 -4028 0 0 0 0 1 120 179 479 
-2049 -3886 2117 1669 -2300 -4586 0 0 0 0 1 110 183 493 
-2366 -3571 1530 2778 -2740 -5158 0 0 0 0 1 128 168 483 
-2953 -3152 805 3539 -2349 -5438 0 0 0 0 1 125 166 486 
-3382 -2905 499 4623 -1047 -5755 0 0 0 0 1 140 165 473 
-3648 -2588 185 5585 166 -5874 0 0 0 0 1 154 170 464 
-3882 -2283 -36 6154 558 -5893 0 0 0 0 1 167 152 451 
-3990 -2184 -159 6862 268 -5865 0 0 0 0 1 188 157 449 
-4192 -2116 -446 7291 -888 -5858 0 0 0 0 1 189 155 424 
-4210 -2204 -545 7407 -1780 -5896 0 0 0 0 1 198 144 416 
-4146 -2457 -732 7430 -2746 -5953 0 0 0 0 1 221 125 409 
-4213 -2762 -1120 7356 -2859 -6011 0 0 0 0 1 207 117 409 
-4247 -2932 -1513 7241 -2316 -6026 0 0 0 0 1 225 116 413 
-4605 -3045 -2342 7360 -1367 -6090 0 0 0 0 1 230 89 415 
-5315 -3000 -3371 7672 -890 -6179 0 0 0 0 1 237 77 403 
-5485 -2965 -3884 8361 -515 -6083 0 0 0 0 1 245 53 391 
-5230 -3036 -4158 8997 -617 -5563 0 0 0 0 1 247 44 386 
-4897 -3113 -3919 9192 -1032 -5107 0 0 0 0 1 247 36 393 
-4568 -3213 -3690 9151 -1916 -4487 0 0 0 0 1 248 20 389 
-4538 -3389 -3593 8887 -2735 -4272 0 0 0 0 1 238 19 398 
-4739 -3350 -3771 8704 -2948 -4384 0 0 0 0 1 228 17 409 
-4859 -3430 -3987 8535 -2673 -4663 0 0 0 0 1 234 1 413 
-4776 -3596 -4249 8570 -2123 -4813 0 0 0 0 1 220 1 427 
-4835 -3652 -4540 8708 -1768 -4861 0 0 0 0 1 215 -6 427 
-4698 -3587 -4484 8903 -1097 -4798 0 0 0 0 1 208 -6 436 
-4328 -3664 -3991 8910 -1053 -4552 0 0 0 0 1 225 -15 448 
-4278 -3730 -3668 8507 -1988 -4311 0 0 0 0 1 204 -11 438 
-4294 -3905 -3163 7988 -2629 -4226 0 0 0 0 1 197 -6 457 
-4653 -3852 -3518 7153 -3285 -4230 0 0 0 0 1 198 -7 463 
-4773 -3795 -3642 6367 -2707 -4263 0 0 0 0 1 188 -4 479 
-5083 -3691 -3966 5845 -1388 -4233 0 0 0 0 1 191 2 481 
-4231 -455 -3267 1626 -29 -1364 0 0 0 0 1 163 6 485 
-3975 -250 -3136 1459 20 -1107 0 0 0 0 1 171 6 490 
-3733 -83 -3006 1188 -71 -581 0 0 0 0 1 166 8 492 
-3401 69 -2759 754 -588 208 0 0 0 0 1 152 15 487 
-3438 70 -2718 391 -699 578 0 0 0 0 1 159 18 490 
-3648 151 -2823 59 -390 687 0 0 0 0 1 165 19 491 
-3653 171 -2884 -122 -25 683 0 0 0 0 1 158 26 493 
-3613 112 -2919 -326 493 692 0 0 0 0 1 151 19 495 
-3565 -19 -2984 -422 678 724 0 0 0 0 1 171 20 490 
-3534 -121 -3016 -574 690 849 0 0 0 0 1 152 20 497 
-3522 -369 -2929 -810 652 1014 0 0 0 0 1 168 25 492 
-3571 -499 -2878 305 7335 2704 0 0 0 0 1 227 62 406 
-8975 -14132 -2320 -4362 8246 2109 0 0 0 0 1 231 76 358 
-10261 -15401 -1783 -19520 -285 5574 0 0 0 0 1 211 131 369 
-6381 -16666 -637 -15862 -946 6108 0 0 0 0 1 191 139 393 
-4734 -15642 -413 -9595 1281 6062 0 0 0 0 1 193 137 419 
-2478 -13992 1823 -5891 2194 5757 0 0 0 0 1 176 149 419 
-1777 -13115 3473 -1690 2230 5008 0 0 0 0 1 169 159 416 
-1747 -12159 4887 972 1802 3714 0 0 0 0 1 161 168 422 
-2606 -10962 5538 1968 1151 2562 0 0 0 0 1 162 171 402 
-2757 -9818 5552 2491 -65 1044 0 0 0 0 1 156 190 399 
-2598 -9056 5631 1972 -760 102 0 0 0 0 1 159 187 408 
-2224 -7925 5609 1358 -1151 -208 0 0 0 0 1 169 196 400 
-1911 -6695 4894 686 -1626 -482 0 0 0 0 1 152 187 403 
-1867 -5920 4334 650 -1752 -910 0 0 0 0 1 158 183 400 
-2093 -4848 3494 972 -1833 -1401 0 0 0 0 1 162 186 412 
-2229 -4237 3032 1785 -2017 -2287 0 0 0 0 1 166 170 410 
-2269 -3547 2453 2426 -2205 -2823 0 0 0 0 1 172 191 412 
-2416 -2998 1821 3385 -2558 -3441 0 0 0 0 1 169 174 414 
-2660 -2677 1372 4230 -2662 -3916 0 0 0 0 1 175 175 410 
-3124 -2330 640 4728 -2475 -4187 0 0 0 0 1 178 170 406 
-3395 -2206 206 5342 -1926 -4486 0 0 0 0 1 188 166 402 
-3760 -2028 -138 5650 -1620 -4618 0 0 0 0 1 194 155 406 
-4000 -1920 -304 5960 -1654 -4742 0 0 0 0 1 213 148 382 
-4099 -1801 -488 6114 -2246 -4742 0 0 0 0 1 227 128 389 
-3913 -1756 -662 6143 -2817 -4667 0 0 0 0 1 218 121 396 
-3839 -1764 -802 6128 -3670 -4585 0 0 0 0 1 227 116 378 
-3911 -1838 -1241 6149 -4224 -4661 0 0 0 0 1 231 98 388 
-4078 -2132 -1674 6204 -4312 -4795 0 0 0 0 1 235 103 395 
-4458 -2502 -2122 6388 -3975 -5162 0 0 0 0 1 228 68 414 
-4660 -2631 -2357 6654 -3145 -5627 0 0 0 0 1 238 66 414 
-4773 -2777 -2624 6886 -2528 -5893 0 0 0 0 1 240 58 407 
-4638 -2773 -2708 7261 -1752 -6100 0 0 0 0 1 233 41 416 
-4318 -2919 -2626 7549 -1816 -6047 0 0 0 0 1 228 26 419 
-4043 -3198 -2593 7638 -2470 -5934 0 0 0 0 1 230 13 424 
-3972 -3377 -2537 7546 -3618 -5828 0 0 0 0 1 222 1 436 
-4144 -3896 -2621 7386 -4011 -5862 0 0 0 0 1 208 -8 443 
-4248 -4116 -2681 7063 -3628 -6019 0 0 0 0 1 199 -11 459 
-4618 -4436 -2731 6667 -2701 -6242 0 0 0 0 1 198 -17 472 
-5108 -4402 -2968 6420 -2142 -6383 0 0 0 0 1 189 -18 473 
-5043 -4420 -3022 6184 -1533 -6405 0 0 0 0 1 186 -31 488 
-5251 -4422 -3542 6372 -1075 -6427 0 0 0 0 1 176 -36 495 
-5586 -4154 -4267 6789 -464 -6492 0 0 0 0 1 167 -39 495 
-5576 -3910 -4635 7718 779 -6481 0 0 0 0 1 166 -30 513 
-5411 -3703 -4643 8656 1559 -6206 0 0 0 0 1 161 -38 501 
-5067 -3622 -4046 9020 1346 -5714 0 0 0 0 1 165 -26 498 
-4811 -3601 -3244 8454 201 -5176 0 0 0 0 1 156 -20 492 
-4772 -3669 -2647 7654 -602 -4904 0 0 0 0 1 168 -8 490 
-4879 -3541 -2500 6099 -1223 -4604 0 0 0 0 1 162 -2 491 
-4790 -3263 -2502 4613 -1119 -4213 0 0 0 0 1 165 -19 495 
-4733 -3029 -2927 3944 -941 -3849 0 0 0 0 1 155 2 498 
-4622 -2830 -3162 3482 -521 -3265 0 0 0 0 1 156 -13 501 
-4764 -2608 -3185 3430 -809 -2823 0 0 0 0 1 151 2 493 
-4875 -2135 -3052 3380 -1547 -2615 0 0 0 0 1 158 2 505 
-3771 322 -2454 795 -659 295 0 0 0 0 1 158 9 493 
-3852 313 -2518 402 -288 327 0 0 0 0 1 145 15 497 
-3914 278 -2616 147 122 318 0 0 0 0 1 142 3 515 
-3913 -1545 -2987 -2221 1354 2696 0 0 0 0 1 146 -34 533 
-5214 -4235 -5998 -998 1731 2726 0 0 0 0 1 156 -11 527 
-6636 -4968 -6549 367 2940 2450 0 0 0 0 1 165 -19 512 
-7687 -6796 -7006 1608 5736 2328 0 0 0 0 1 175 -13 504 
-8541 -9445 -6377 1881 7907 2492 0 0 0 0 1 232 128 238 
-16752 -19652 -4308 -27585 1739 8762 0 0 0 0 1 195 142 286 
-14042 -18459 -2002 -25986 -87 9593 0 0 0 0 1 186 181 325 
-11852 -17478 -3065 -19525 -942 9110 0 0 0 0 1 152 175 420 
-8383 -15775 -3657 -11034 626 7043 0 0 0 0 1 134 166 453 
-4132 -15630 -1285 -6363 1838 6380 0 0 0 0 1 122 171 467 
-2250 -15092 1294 -1987 2512 6124 0 0 0 0 1 122 164 465 
-1862 -13611 4002 -354 1943 5473 0 0 0 0 1 113 188 470 
-2153 -12458 4306 1122 835 3611 0 0 0 0 1 104 172 469 
-2421 -10417 4237 1740 478 1615 0 0 0 0 1 110 191 465 
-2491 -8768 3766 1845 282 665 0 0 0 0 1 102 199 464 
-2530 -8019 3647 1632 103 -184 0 0 0 0 1 110 206 465 
-2429 -7142 3731 1315 -26 -518 0 0 0 0 1 113 215 453 
-2161 -6067 3744 817 -464 -883 0 0 0 0 1 107 209 457 
-1893 -5161 3762 556 -766 -1151 0 0 0 0 1 114 207 445 
-1936 -4558 3574 421 -1241 -1754 0 0 0 0 1 117 201 451 
-1949 -3725 3029 550 -1533 -2240 0 0 0 0 1 114 204 457 
-1992 -3289 2567 1069 -1821 -2980 0 0 0 0 1 123 209 455 
-2407 -2416 1660 1859 -1858 -3675 0 0 0 0 1 133 209 455 
-2602 -2142 1338 2420 -1643 -4048 0 0 0 0 1 140 192 452 
-2723 -1860 1068 3220 -1161 -4406 0 0 0 0 1 146 191 456 
-2916 -1516 734 3926 -896 -4589 0 0 0 0 1 155 191 451 
-2988 -1215 455 4345 -819 -4627 0 0 0 0 1 153 171 440 
-3011 -1147 225 4952 -813 -4607 0 0 0 0 1 174 171 435 
-3191 -1095 -118 5348 -894 -4614 0 0 0 0 1 176 176 430 
-3311 -1140 -261 5894 -1157 -4688 0 0 0 0 1 182 165 408 
-3435 -1373 -439 6314 -1628 -4828 0 0 0 0 1 198 149 407 
-3489 -1656 -732 6461 -1874 -4920 0 0 0 0 1 205 139 388 
-3379 -1795 -972 6514 -1994 -5013 0 0 0 0 1 219 137 391 
-3301 -1848 -1503 6537 -2050 -5074 0 0 0 0 1 226 117 384 
-3356 -1975 -1950 6743 -2101 -5253 0 0 0 0 1 232 123 380 
-3661 -2441 -2590 7043 -2172 -5442 0 0 0 0 1 225 109 382 
-3986 -2714 -2991 7684 -2533 -5809 0 0 0 0 1 247 73 372 
-4244 -3118 -3221 8311 -2987 -6144 0 0 0 0 1 241 55 382 
-4586 -3538 -3321 8572 -3191 -6352 0 0 0 0 1 246 40 385 
-4537 -3757 -3097 8501 -2993 -6521 0 0 0 0 1 241 28 385 
-4368 -3869 -3007 8107 -2544 -6412 0 0 0 0 1 238 12 405 
-4234 -4094 -3218 7872 -2360 -6280 0 0 0 0 1 235 7 405 
-4424 -4177 -3499 7813 -2168 -6275 0 0 0 0 1 235 -12 412 
-4981 -4227 -4096 8034 -1922 -6469 0 0 0 0 1 218 -40 420 
-5252 -4181 -4626 8728 -1233 -6786 0 0 0 0 1 217 -39 440 
-5354 -4052 -4977 9805 -529 -6914 0 0 0 0 1 220 -30 441 
-5171 -3849 -5118 10572 -207 -6808 0 0 0 0 1 204 -45 441 
-5246 -3930 -4907 11248 -333 -6393 0 0 0 0 1 201 -50 450 
-5159 -4135 -4719 10910 -360 -5647 0 0 0 0 1 207 -56 456 
-4809 -4430 -4396 10228 28 -4992 0 0 0 0 1 188 -49 463 
-4675 -4384 -4508 9046 940 -4031 0 0 0 0 1 193 -24 463 
-4688 -4179 -4812 8222 1812 -3442 0 0 0 0 1 193 -31 463 
-4915 -3901 -5318 8005 2013 -3147 0 0 0 0 1 187 -18 438 
-4700 -3556 -4548 7622 307 -2848 0 0 0 0 1 204 -8 462 
-4619 -3416 -4304 6903 -1630 -2659 0 0 0 0 1 189 1 452 
-4338 -3073 -3511 5133 -3635 -2307 0 0 0 0 1 192 -6 455 
-4175 -2555 -3840 3473 -3697 -1925 0 0 0 0 1 176 -7 467 
-4170 -2337 -4147 2775 -2882 -1738 0 0 0 0 1 175 11 480 
-4190 -2079 -4227 2236 -1500 -1662 0 0 0 0 1 168 8 483 
-4366 -1580 -4068 2085 -960 -1748 0 0 0 0 1 174 12 481 
-4355 -1181 -3874 1958 -659 -1841 0 0 0 0 1 159 18 480 
-4022 -517 -3206 1692 -668 -1495 0 0 0 0 1 166 6 476 
-3851 -289 -3065 1379 -913 -874 0 0 0 0 1 162 -2 481 
-3693 -117 -3019 1048 -839 -191 0 0 0 0 1 160 7 479 
-3741 -10 -3270 913 -525 152 0 0 0 0 1 159 8 490 
-3816 31 -3448 841 429 404 0 0 0 0 1 167 12 477 
-3861 -27 -3397 766 1414 422 0 0 0 0 1 172 19 470 
-3692 36 -3059 337 1575 358 0 0 0 0 1 165 17 474 
-3534 8 -2914 -296 929 473 0 0 0 0 1 178 8 462 
-3402 -71 -2837 -795 484 623 0 0 0 0 1 180 13 457 
-3412 -144 -2869 -1532 40 881 0 0 0 0 1 166 20 471 
-3578 -301 -2968 -1951 -121 1044 0 0 0 0 1 173 11 466 
-3738 -394 -2970 -2462 -74 1206 0 0 0 0 1 169 24 477 
-3825 -547 -3009 -2719 38 1298 0 0 0 0 1 174 24 467 
-3889 -679 -3046 -2963 120 1450 0 0 0 0 1 173 8 480 
-3806 -881 -3095 -3070 107 1659 0 0 0 0 1 186 4 479 
-3732 -1108 -3193 -3095 157 1853 0 0 0 0 1 174 9 486 
-3647 -1249 -3225 -3077 261 1968 0 0 0 0 1 178 11 487 
-3540 -1379 -3272 -3008 388 2103 0 0 0 0 1 163 -1 490 
-3488 -1556 -3506 -2893 378 2149 0 0 0 0 1 173 -11 487 
-3523 -1796 -3751 -2609 316 2154 0 0 0 0 1 167 7 477 
-3543 -1928 -3960 -2203 211 2150 0 0 0 0 1 167 2 495 
-3547 -2251 -4252 -1876 196 2195 0 0 0 0 1 180 6 490 
-3532 -2611 -4461 -1265 361 2387 0 0 0 0 1 180 -1 480 
-3450 -3251 -4747 -504 856 2687 0 0 0 0 1 175 15 499 
-3697 -3633 -4874 -17416 10587 -1290 0 0 0 0 1 244 67 343 
-10875 -17605 -42 -21915 10152 -2469 0 0 0 0 1 259 44 321 
-11201 -20553 -614 -26117 8025 -1371 0 0 0 0 1 264 34 293 
-11405 -21026 -1160 -28551 2891 2688 0 0 0 0 1 259 39 272 
-13840 -18389 -1957 -30054 132 5398 0 0 0 0 1 254 46 281 
-15635 -17695 -3654 -30878 -1512 8394 0 0 0 0 1 250 88 295 
-15321 -17655 -5061 -29685 -1380 9638 0 0 0 0 1 238 90 325 
-13946 -18116 -5644 -24646 -74 9823 0 0 0 0 1 207 107 391 
-10616 -17253 -4326 -19745 472 8827 0 0 0 0 1 180 101 424 
-6054 -15858 -1392 -12231 490 7271 0 0 0 0 1 193 107 437 
-3483 -14735 442 -6448 -84 6718 0 0 0 0 1 166 104 457 
-863 -13181 2414 -3591 -628 6732 0 0 0 0 1 171 114 457 
-536 -12386 2911 -265 -1115 6183 0 0 0 0 1 162 132 463 
-1367 -11585 2859 1412 -1030 5222 0 0 0 0 1 145 141 471 
-1817 -10468 2901 2809 -112 3480 0 0 0 0 1 127 164 470 
-1680 -9580 2921 2989 353 2195 0 0 0 0 1 126 185 455 
-1472 -8282 3014 2692 234 1614 0 0 0 0 1 126 187 457 
-1360 -7743 2996 2106 -6 913 0 0 0 0 1 126 190 457 
-1085 -7022 2988 1781 -94 445 0 0 0 0 1 128 202 445 
-970 -6210 3082 1504 -400 -382 0 0 0 0 1 127 188 451 
-1034 -5704 3056 1461 -872 -1396 0 0 0 0 1 120 201 453 
-1220 -5069 3030 1535 -1121 -2108 0 0 0 0 1 127 191 444 
-1305 -4667 3024 1712 -1482 -3047 0 0 0 0 1 140 204 445 
-1513 -4082 2739 1911 -1779 -3557 0 0 0 0 1 152 187 441 
-1763 -3596 2256 2361 -1981 -4187 0 0 0 0 1 156 180 448 
-2008 -3331 1912 3013 -1845 -4767 0 0 0 0 1 161 175 445 
-2498 -2978 1388 3532 -1601 -5171 0 0 0 0 1 171 170 438 
-2815 -2789 1077 4381 -1206 -5760 0 0 0 0 1 184 166 437 
-3224 -2577 691 4966 -1053 -6091 0 0 0 0 1 172 154 437 
-3419 -2509 510 5768 -1036 -6420 0 0 0 0 1 214 144 419 
-3618 -2502 234 6463 -1219 -6573 0 0 0 0 1 212 125 416 
-3710 -2696 -109 6865 -1328 -6578 0 0 0 0 1 226 115 407 
-3938 -3210 -602 7551 -1329 -6472 0 0 0 0 1 241 99 396 
-4234 -3476 -914 7977 -1500 -6481 0 0 0 0 1 247 71 398 
-4574 -3780 -1370 8213 -1459 -6587 0 0 0 0 1 240 53 393 
-4759 -4099 -1761 8261 -1343 -6648 0 0 0 0 1 252 44 395 
-4974 -4377 -2157 8379 -1275 -6730 0 0 0 0 1 251 25 392 
-5036 -4899 -2808 8725 -1132 -6703 0 0 0 0 1 252 0 398 
-4977 -5337 -3436 9131 -962 -6598 0 0 0 0 1 234 -15 406 
-4803 -5549 -3823 9989 -586 -6260 0 0 0 0 1 239 -23 410 
-4495 -5830 -3949 10881 -426 -5810 0 0 0 0 1 238 -44 416 
-4474 -5976 -3858 11321 -617 -5541 0 0 0 0 1 237 -47 415 
-4554 -6189 -3707 11678 -1025 -5276 0 0 0 0 1 224 -49 423 
-4532 -6589 -3509 11635 -1088 -5089 0 0 0 0 1 205 -46 447 
-4509 -6780 -3499 11331 -739 -4973 0 0 0 0 1 214 -31 449 
-4361 -6655 -3515 10524 314 -4709 0 0 0 0 1 211 -33 452 
-4118 -6603 -3741 9742 1528 -4321 0 0 0 0 1 205 -31 453 
-3799 -6582 -4042 9402 1893 -4000 0 0 0 0 1 207 -26 449 
-3499 -6633 -4210 9094 665 -3406 0 0 0 0 1 199 -18 452 
-3308 -6358 -4295 8845 -805 -3064 0 0 0 0 1 207 -17 453 
-3501 -6228 -4227 8258 -2489 -2861 0 0 0 0 1 201 -3 464 
-4189 -5845 -4256 7472 -2783 -3051 0 0 0 0 1 191 0 460 
-4612 -5178 -3836 6406 -1484 -3219 0 0 0 0 1 176 17 472 
-4473 -4808 -3707 5594 -215 -3144 0 0 0 0 1 184 12 474 
-4303 -4528 -3843 4609 906 -2825 0 0 0 0 1 182 15 462 
-3752 -3930 -4107 4031 621 -2339 0 0 0 0 1 192 23 455 
-3111 -818 -3734 1075 342 -510 0 0 0 0 1 186 36 437 
-3144 -747 -3566 395 -281 -260 0 0 0 0 1 191 19 442 
-3362 -609 -3401 -380 -758 -119 0 0 0 0 1 195 24 447 
-3514 -1626 -3164 -4037 -736 1657 0 0 0 0 1 189 -1 462 
-3589 -1901 -3237 -4281 -801 1826 0 0 0 0 1 176 -7 465 
-3604 -2056 -3250 -4472 -721 1953 0 0 0 0 1 178 -3 476 
-3563 -2305 -3261 -4618 -666 2101 0 0 0 0 1 184 -14 477 
-3521 -2514 -3259 -4695 -611 2209 0 0 0 0 1 178 -11 483 
-3405 -2685 -3344 -4774 -391 2423 0 0 0 0 1 174 -14 488 
-3367 -2772 -3454 -4776 -18 2664 0 0 0 0 1 186 -17 474 
-3323 -2933 -3602 -4702 352 2882 0 0 0 0 1 181 -26 486 
-3209 -3009 -3706 -4614 478 3006 0 0 0 0 1 184 -24 474 
-3277 -2992 -3922 -4246 247 3112 0 0 0 0 1 204 -42 476 
-3285 -2827 -4410 -3621 -185 3196 0 0 0 0 1 179 -31 472 
-4032 -3754 -5828 -2204 -692 3183 0 0 0 0 1 198 -31 479 
-5526 -5251 -7403 -862 -615 3113 0 0 0 0 1 193 -24 486 
-6899 -6944 -8188 1377 822 3150 0 0 0 0 1 194 -13 487 
-7965 -10877 -8358 2195 5474 4417 0 0 0 0 1 198 17 467 
-8691 -12516 -7330 223 9888 5767 0 0 0 0 1 206 30 429 
-8833 -13902 -4511 -8095 13990 6119 0 0 0 0 1 241 42 385 
-11338 -14707 -1892 -15117 12025 3950 0 0 0 0 1 244 52 341 
-12134 -17032 -4479 -22224 9249 1154 0 0 0 0 1 247 51 311 
-12818 -19781 -7485 -24456 8675 1933 0 0 0 0 1 243 49 300 
-13506 -20403 -7756 -25646 5715 5006 0 0 0 0 1 245 80 270 
-15879 -18581 -6758 -26956 4163 6624 0 0 0 0 1 234 101 271 
-17491 -17489 -6157 -28643 1421 8372 0 0 0 0 1 215 133 294 
-14231 -17950 -4183 -28918 -1464 10913 0 0 0 0 1 208 143 343 
-12287 -17066 -4157 -25825 -4754 13331 0 0 0 0 1 186 149 407 
-11142 -16668 -5972 -17126 -3933 10502 0 0 0 0 1 152 143 464 
-7590 -16128 -5450 -10530 -1316 7471 0 0 0 0 1 116 190 478 
-1523 -4116 3186 1457 -592 -1167 0 0 0 0 1 114 187 471 
-1486 -3460 2807 1356 -1442 -2173 0 0 0 0 1 122 191 479 
-1413 -2578 1982 1461 -1746 -2924 0 0 0 0 1 125 183 481 
-1503 -1823 1152 1851 -1681 -3993 0 0 0 0 1 120 174 488 
-1648 -1119 582 2419 -1202 -4885 0 0 0 0 1 146 181 479 
-1782 -846 432 2834 -821 -5321 0 0 0 0 1 142 165 476 
-1803 -679 337 3461 -406 -5664 0 0 0 0 1 160 157 453 
-1766 -480 257 4033 -234 -5638 0 0 0 0 1 167 159 458 
-1745 -413 197 4364 -283 -5487 0 0 0 0 1 181 149 447 
-1870 -322 -31 4860 -620 -5299 0 0 0 0 1 184 137 456 
-2272 -407 -469 5373 -920 -5287 0 0 0 0 1 202 132 435 
-2470 -707 -583 5685 -982 -5363 0 0 0 0 1 198 115 444 
-2694 -953 -716 6043 -938 -5593 0 0 0 0 1 227 99 427 
-3038 -1148 -918 6197 -916 -5815 0 0 0 0 1 219 103 423 
-3277 -1274 -1088 6302 -850 -6145 0 0 0 0 1 240 78 421 
-3308 -1338 -1268 6346 -1062 -6235 0 0 0 0 1 219 68 414 
-3114 -1487 -1534 6403 -1456 -6001 0 0 0 0 1 238 58 409 
-3080 -1626 -1905 6529 -1580 -5793 0 0 0 0 1 241 20 420 
-3190 -1730 -2166 6906 -1482 -5592 0 0 0 0 1 233 34 409 
-3495 -1856 -2507 7325 -1072 -5580 0 0 0 0 1 230 8 410 
-3882 -2001 -2645 7513 -816 -5647 0 0 0 0 1 232 -8 410 
-4193 -2075 -2694 7562 -962 -5775 0 0 0 0 1 241 -3 420 
-4500 -2159 -2878 7414 -1221 -5796 0 0 0 0 1 226 -26 430 
-4599 -2078 -3248 7090 -1095 -5666 0 0 0 0 1 221 -31 442 
-4618 -1874 -3693 6925 -484 -5366 0 0 0 0 1 218 -38 443 
-4491 -1736 -3924 7047 176 -4923 0 0 0 0 1 215 -42 445 
-4466 -1602 -3926 7169 290 -4595 0 0 0 0 1 209 -58 447 
-4337 -1516 -3751 7130 -175 -4058 0 0 0 0 1 208 -57 452 
-4162 -1510 -3432 6774 -825 -3637 0 0 0 0 1 202 -49 447 
-4459 -1360 -3598 6511 -1143 -3544 0 0 0 0 1 194 -45 457 
-4434 -1132 -3726 3231 -689 -1814 0 0 0 0 1 191 2 477 
-3415 707 -2414 2079 268 -750 0 0 0 0 1 169 14 463 
-3430 679 -2420 1764 240 -545 0 0 0 0 1 176 12 470 
-3414 677 -2438 1430 454 -355 0 0 0 0 1 174 24 477 
-3495 599 -2692 1216 716 -196 0 0 0 0 1 178 18 480 
-3639 346 -3032 1178 845 -129 0 0 0 0 1 187 20 469 
-3731 197 -3151 1136 740 -83 0 0 0 0 1 191 26 460 
-3792 66 -3204 896 400 43 0 0 0 0 1 189 23 459 
-3816 -185 -3181 608 245 172 0 0 0 0 1 179 29 465 
-3812 -301 -3255 107 174 420 0 0 0 0 1 197 62 445 
-5401 -5828 -7357 2318 2356 2306 0 0 0 0 1 201 69 452 
-5436 -7177 -6848 2088 4174 2813 0 0 0 0 1 202 80 423 
-5496 -9534 -5987 -32 5018 3403 0 0 0 0 1 201 96 415 
-6730 -11865 -4246 -2663 4587 3390 0 0 0 0 1 193 103 405 
-7898 -13533 -3109 -8116 3833 2626 0 0 0 0 1 219 100 405 
-9454 -14879 -3161 -12152 4513 1724 0 0 0 0 1 215 101 389 
-10331 -16134 -2950 -18046 7047 164 0 0 0 0 1 228 85 395 
-11387 -17574 -2413 -22923 8177 -999 0 0 0 0 1 240 63 377 
-11255 -19519 -2326 -25274 7449 -583 0 0 0 0 1 251 28 366 
-10954 -20496 -2925 -27569 3599 2449 0 0 0 0 1 250 17 356 
-11730 -20233 -4419 -28829 -1817 7011 0 0 0 0 1 257 12 337 
-14405 -18465 -7619 -28718 -4287 9879 0 0 0 0 1 247 36 377 
-16479 -17460 -9701 -27147 -3849 12537 0 0 0 0 1 227 62 387 
-14741 -18665 -11173 -24043 717 13873 0 0 0 0 1 218 74 406 
-12775 -19353 -8764 -21835 3710 13864 0 0 0 0 1 206 82 420 
-10917 -18045 -6713 -17080 2008 12022 0 0 0 0 1 193 85 433 
-8693 -14596 -4730 -12295 -809 9374 0 0 0 0 1 192 89 450 
-5274 -13741 -2474 -5476 -1149 5660 0 0 0 0 1 178 99 464 
-2731 -13457 -1443 -1000 -777 5017 0 0 0 0 1 159 104 485 
-1214 -12230 -28 784 -514 5478 0 0 0 0 1 159 111 480 
-1534 -3637 1852 -187 -1449 -1584 0 0 0 0 1 116 172 478 
-1614 -3243 1723 681 -896 -2234 0 0 0 0 1 128 180 480 
-1786 -2704 1591 1582 -330 -2838 0 0 0 0 1 135 180 480 
-2097 -2213 1482 2131 -127 -3201 0 0 0 0 1 135 168 480 
-2330 -1871 1382 2831 -41 -3672 0 0 0 0 1 149 165 480 
-2584 -1499 1137 3222 -65 -3899 0 0 0 0 1 154 155 471 
-2715 -1299 926 3713 -117 -4119 0 0 0 0 1 162 161 465 
-2852 -974 675 4069 -118 -4229 0 0 0 0 1 168 141 448 
-2907 -818 468 4225 -39 -4224 0 0 0 0 1 175 150 452 
-2866 -709 355 4396 74 -4102 0 0 0 0 1 187 150 438 
-2895 -582 185 4486 25 -4007 0 0 0 0 1 194 141 413 
-2984 -441 38 4593 -230 -3898 0 0 0 0 1 215 123 415 
-2858 -402 -109 4701 -523 -3757 0 0 0 0 1 211 123 410 
-2740 -336 -361 4788 -731 -3681 0 0 0 0 1 219 127 407 
-2846 -315 -643 4993 -993 -3699 0 0 0 0 1 227 123 406 
-2981 -478 -1024 5286 -942 -3804 0 0 0 0 1 224 115 402 
-2889 -695 -1338 5534 -776 -3840 0 0 0 0 1 240 85 391 
-2739 -824 -1532 5962 -530 -3832 0 0 0 0 1 243 78 388 
-2441 -754 -1782 6382 -351 -3806 0 0 0 0 1 245 76 386 
-2337 -717 -2032 6639 -298 -3829 0 0 0 0 1 243 58 365 
-2413 -709 -2242 6995 -309 -3970 0 0 0 0 1 257 58 377 
-2527 -882 -2497 7272 -509 -4156 0 0 0 0 1 253 42 362 
-2713 -1130 -2645 7383 -792 -4279 0 0 0 0 1 254 22 370 
-2888 -1309 -2796 7464 -1233 -4393 0 0 0 0 1 252 14 370 
-2877 -1520 -3022 7454 -1213 -4300 0 0 0 0 1 246 3 362 
-2859 -1534 -3218 7413 -946 -4165 0 0 0 0 1 241 -13 382 
-3051 -1520 -3351 7367 -643 -4041 0 0 0 0 1 259 -19 372 
-3527 -1361 -3679 7360 -670 -4094 0 0 0 0 1 245 -29 379 
-3674 -1318 -3783 7358 -808 -4201 0 0 0 0 1 238 -39 393 
-3726 -1304 -3863 7376 -889 -4221 0 0 0 0 1 231 -56 398 
-3818 -1300 -3969 7464 -884 -4111 0 0 0 0 1 228 -61 402 
-3848 -1216 -4034 7395 -794 -3781 0 0 0 0 1 227 -60 406 
-3698 -1247 -3863 7186 -679 -3453 0 0 0 0 1 222 -52 417 
-3645 -1180 -3766 6717 -496 -2963 0 0 0 0 1 228 -53 428 
-3578 -1025 -3687 6379 -383 -2695 0 0 0 0 1 206 -57 434 
-3493 -933 -3675 5979 -110 -2386 0 0 0 0 1 206 -50 438 
-3336 -843 -3629 5810 249 -2194 0 0 0 0 1 205 -51 447 
-3379 -761 -3565 5822 88 -2178 0 0 0 0 1 208 -55 450 
-3467 -645 -3337 5741 -406 -2251 0 0 0 0 1 195 -46 444 
-3517 -642 -3117 5301 -1359 -2436 0 0 0 0 1 198 -41 460 
-3672 -642 -2984 4574 -2212 -2632 0 0 0 0 1 195 -39 460 
-3616 -543 -2976 4047 -2419 -2662 0 0 0 0 1 191 -41 465 
-3584 -524 -3197 3304 -1844 -2425 0 0 0 0 1 166 -47 476 
-3579 -143 -3579 621 -507 -598 0 0 0 0 1 156 -30 497 
-4369 883 -3831 957 341 -207 0 0 0 0 1 159 -33 490 
-4500 834 -3752 1197 906 -14 0 0 0 0 1 171 -33 490 
-4532 806 -3549 1339 1404 225 0 0 0 0 1 162 -22 495 
-4415 701 -3212 1122 1370 458 0 0 0 0 1 173 -20 492 
-4286 437 -2978 774 1132 635 0 0 0 0 1 171 -13 483 
-4261 277 -2937 34 605 952 0 0 0 0 1 171 -15 480 
-4057 27 -2983 -664 242 1332 0 0 0 0 1 180 -11 483 
-4086 -226 -3436 -942 110 1558 0 0 0 0 1 175 -15 494 
-4152 -288 -3680 -1066 168 1803 0 0 0 0 1 176 -12 481 
-4254 -592 -3949 -971 349 1919 0 0 0 0 1 179 -7 491 
-4161 -831 -4106 -675 474 2104 0 0 0 0 1 185 -15 487 
-4241 -824 -4416 -415 413 2192 0 0 0 0 1 181 2 491 
-4413 -1094 -4673 99 529 2286 0 0 0 0 1 181 9 498 
-4534 -1407 -5134 805 1235 2408 0 0 0 0 1 185 8 480 
-5333 -2936 -6431 1954 2683 2497 0 0 0 0 1 187 20 473 
-5508 -3834 -6909 2909 4294 2625 0 0 0 0 1 188 34 470 
-13537 -23085 -3741 -25590 8882 -1394 0 0 0 0 1 253 60 287 
-13685 -22014 -4411 -27181 4826 620 0 0 0 0 1 246 67 282 
-14436 -21276 -6335 -29054 -1195 4206 0 0 0 0 1 248 77 301 
-16256 -19664 -9657 -29038 -4196 7657 0 0 0 0 1 230 91 341 
-16051 -19193 -10313 -27925 -3948 9508 0 0 0 0 1 212 98 384 
-13939 -18277 -8645 -24713 -2197 10959 0 0 0 0 1 206 96 424 
-11324 -17129 -7685 -19311 -1673 11336 0 0 0 0 1 168 67 478 
-8229 -15437 -6235 -14430 -1760 10730 0 0 0 0 1 148 71 500 
-6558 -14227 -4528 -6856 -906 8689 0 0 0 0 1 152 60 506 
-3765 -13220 -1246 -1060 -11 7181 0 0 0 0 1 141 73 526 
-2752 -12616 956 1503 57 6630 0 0 0 0 1 140 87 508 
-2783 -12145 1766 3654 526 5815 0 0 0 0 1 128 104 508 
-2983 -11010 2589 4176 1022 5093 0 0 0 0 1 122 147 486 
-1997 -2918 1903 1550 -1016 -2579 0 0 0 0 1 100 202 480 
-2033 -2530 1768 1745 -770 -3189 0 0 0 0 1 113 201 467 
-2126 -2288 1673 2026 -562 -3656 0 0 0 0 1 113 191 463 
-2290 -1977 1462 2280 -547 -3895 0 0 0 0 1 127 196 458 
-2418 -1783 1327 2746 -798 -4167 0 0 0 0 1 135 190 450 
-2568 -1599 1070 3266 -1173 -4365 0 0 0 0 1 152 182 448 
-2727 -1473 781 3629 -1384 -4487 0 0 0 0 1 153 191 442 
-2940 -1448 538 4206 -1612 -4724 0 0 0 0 1 151 193 435 
-3223 -1502 151 4596 -1588 -4905 0 0 0 0 1 168 185 431 
-3302 -1602 -33 5144 -1200 -5140 0 0 0 0 1 186 154 416 
-3337 -1680 -446 5654 -960 -5290 0 0 0 0 1 197 155 422 
-3313 -1741 -632 6106 -1135 -5381 0 0 0 0 1 197 158 401 
-3367 -1914 -990 6374 -1354 -5449 0 0 0 0 1 213 148 396 
-3361 -2027 -1307 6765 -1695 -5535 0 0 0 0 1 215 133 385 
-3612 -2347 -1957 7184 -2126 -5669 0 0 0 0 1 235 93 386 
-3934 -2569 -2291 7454 -2374 -5832 0 0 0 0 1 245 88 381 
-4155 -2834 -2542 7724 -2377 -6097 0 0 0 0 1 241 77 380 
-4291 -3197 -2937 7827 -2206 -6228 0 0 0 0 1 243 56 386 
-4365 -3454 -3364 7937 -1807 -6334 0 0 0 0 1 247 56 384 
-4418 -3585 -3684 8077 -1334 -6374 0 0 0 0 1 248 38 371 
-4500 -3706 -4118 8247 -1207 -6395 0 0 0 0 1 253 20 387 
-4566 -3789 -4408 8598 -1506 -6446 0 0 0 0 1 259 -19 388 
-5119 -3851 -4849 9012 -2035 -6623 0 0 0 0 1 238 -39 400 
-5300 -3830 -5108 9273 -2112 -6626 0 0 0 0 1 238 -46 421 
-5256 -3801 -5266 9287 -1640 -6444 0 0 0 0 1 234 -55 431 
-5198 -3770 -5276 9125 -187 -5788 0 0 0 0 1 225 -67 424 
-4932 -3554 -5460 8953 1540 -4772 0 0 0 0 1 209 -68 433 
-4854 -3264 -5648 8929 2437 -4085 0 0 0 0 1 213 -67 429 
-4647 -3018 -5632 8942 3126 -3150 0 0 0 0 1 213 -55 429 
-4277 -2815 -5412 8861 2242 -2468 0 0 0 0 1 215 -60 434 
-3988 -2540 -4999 8632 1071 -2236 0 0 0 0 1 219 -56 430 
-4066 -2586 -4731 8021 -543 -2271 0 0 0 0 1 221 -34 435 
-4226 -2499 -4551 7113 -1208 -2597 0 0 0 0 1 205 -36 428 
-4236 -2449 -4572 6204 -918 -2898 0 0 0 0 1 211 -33 450 
-4130 -2210 -4719 5715 -370 -2972 0 0 0 0 1 194 -42 455 
-3806 -1889 -4813 5133 798 -2650 0 0 0 0 1 200 -24 449 
-3640 -1680 -4608 4992 907 -2333 0 0 0 0 1 198 -41 444 
-3596 -1467 -4400 4710 -67 -1877 0 0 0 0 1 204 -15 443 
-3651 -1099 -3741 4119 -1350 -1618 0 0 0 0 1 199 -13 455 
-3810 -978 -3636 3642 -1939 -1566 0 0 0 0 1 201 -13 457 
-4046 -815 -3808 3045 -2109 -1649 0 0 0 0 1 189 -20 464 
-4218 -541 -3843 2679 -1599 -1725 0 0 0 0 1 191 -12 463 
-4149 -344 -3822 2230 -510 -1720 0 0 0 0 1 184 -19 479 
-3964 -88 -3768 1928 253 -1523 0 0 0 0 1 192 -20 462 
-3718 153 -3601 1771 455 -1288 0 0 0 0 1 187 -18 462 
-3552 327 -3532 1549 284 -814 0 0 0 0 1 181 -22 474 
-3401 574 -3439 1312 42 -327 0 0 0 0 1 181 -24 453 
-3355 708 -3360 1087 -56 53 0 0 0 0 1 206 11 450 
-3323 -417 -3103 -643 -307 1373 0 0 0 0 1 189 1 464 
-3272 -603 -3059 -937 -202 1641 0 0 0 0 1 186 9 474 
-3270 -695 -3106 1737 2497 3370 0 0 0 0 1 202 73 440 
-4377 -7763 -6253 866 3552 4283 0 0 0 0 1 200 100 419 
-5310 -9612 -5837 -1493 3442 4583 0 0 0 0 1 206 111 406 
-7893 -13173 -5280 -4060 3180 4229 0 0 0 0 1 201 109 415 
-10258 -15017 -5911 -9429 5733 2677 0 0 0 0 1 197 111 389 
-10928 -16303 -6175 -15638 10259 549 0 0 0 0 1 212 117 395 
-11203 -18952 -4993 -19321 11616 -579 0 0 0 0 1 218 79 371 
-11705 -20073 -4626 -23107 11205 -858 0 0 0 0 1 243 61 323 
-12619 -22000 -4692 -25367 9035 777 0 0 0 0 1 244 47 313 
-14764 -21457 -6931 -27132 5965 2945 0 0 0 0 1 251 65 296 
-15949 -21541 -8844 -27896 4523 4398 0 0 0 0 1 237 67 280 
-17315 -21386 -10602 -28198 3325 5573 0 0 0 0 1 243 93 293 
-16205 -20806 -10939 -27414 2494 6178 0 0 0 0 1 230 99 350 
-13058 -20382 -7030 -26150 1305 7775 0 0 0 0 1 215 111 369 
-11041 -18775 -5323 -24301 -230 8899 0 0 0 0 1 202 105 398 
-9476 -16207 -5511 -17784 -2699 8815 0 0 0 0 1 189 96 422 
-7203 -13257 -4594 -12027 -2741 7372 0 0 0 0 1 178 99 452 
-4823 -12841 -3201 -4423 -1769 5988 0 0 0 0 1 162 98 470 
-2467 -12753 -818 447 -827 6352 0 0 0 0 1 148 115 484 
-2319 -12221 867 2348 412 6537 0 0 0 0 1 155 132 486 
-2995 -11205 1618 3697 2641 5611 0 0 0 0 1 139 149 474 
-3319 -9184 2861 3753 2997 4409 0 0 0 0 1 142 165 457 
-3321 -7967 3459 2952 1283 2384 0 0 0 0 1 128 185 448 
-2696 -6248 3439 1657 -784 865 0 0 0 0 1 133 187 438 
-2020 -5557 2952 837 -1515 394 0 0 0 0 1 135 187 450 
-1509 -4791 2308 107 -1883 217 0 0 0 0 1 133 192 462 
-1217 -3708 1545 11 -1809 162 0 0 0 0 1 134 198 460 
-1228 -3093 1246 278 -1378 -97 0 0 0 0 1 120 196 460 
-1314 -2332 1122 572 -1007 -395 0 0 0 0 1 119 192 469 
-1397 -1969 1103 1018 -382 -954 0 0 0 0 1 120 193 456 
-1438 -1374 1237 1226 71 -1351 0 0 0 0 1 115 193 444 
-1474 -986 1327 1399 406 -1881 0 0 0 0 1 130 182 457 
-1554 -471 1407 1431 325 -2221 0 0 0 0 1 139 198 451 
-1512 -140 1450 1400 162 -2300 0 0 0 0 1 129 203 449 
-1461 -18 1413 1365 -99 -2216 0 0 0 0 1 142 195 438 
-1382 251 1274 1362 -225 -2083 0 0 0 0 1 160 186 435 
-1401 458 1203 1378 -357 -1882 0 0 0 0 1 149 182 441 
-1430 588 1159 1426 -433 -1736 0 0 0 0 1 165 174 435 
-1556 597 1134 1452 -493 -1690 0 0 0 0 1 159 182 445 
-1646 546 1146 1484 -549 -1699 0 0 0 0 1 169 176 423 
-1658 501 1053 1523 -537 -1724 0 0 0 0 1 163 180 436 
-1617 556 899 1673 -491 -1768 0 0 0 0 1 181 186 437 
-1573 668 669 1826 -419 -1807 0 0 0 0 1 176 174 419 
-1554 759 615 2056 -166 -1891 0 0 0 0 1 181 171 430 
-1597 824 808 2136 63 -1953 0 0 0 0 1 185 170 415 
-1545 822 934 2130 257 -1998 0 0 0 0 1 181 169 412 
-1530 766 1059 2062 248 -2001 0 0 0 0 1 193 166 398 
-1348 901 1117 1902 76 -1920 0 0 0 0 1 205 157 395 
-1154 928 1033 1815 -295 -1679 0 0 0 0 1 204 160 401 
-965 872 801 1848 -568 -1476 0 0 0 0 1 198 154 393 
