Data Quantity : 14  Accelerometer : 3  Gyroscope : 3  FSR : 5







-1305 1625 175 -330 454 -435 0 0 0 0 1 198 144 176 
-1312 1626 182 -363 342 -390 0 0 0 0 1 186 134 172 
-1420 1702 168 -400 241 -352 0 0 0 0 1 191 144 179 
-1410 1692 143 -436 126 -277 0 0 0 0 1 197 138 171 
-1410 1698 120 -432 74 -171 0 0 0 0 1 180 133 173 
-1409 1677 80 -417 81 -93 0 0 0 0 1 174 137 174 
-1420 1672 77 -378 89 14 0 0 0 0 1 199 143 173 
-1433 1668 63 -339 69 63 0 0 0 0 1 188 144 169 
-1453 1656 43 -280 53 113 0 0 0 0 1 189 153 168 
-1446 1640 62 -254 73 135 0 0 0 0 1 185 136 173 
-1427 1617 73 -227 101 152 0 0 0 0 1 186 142 174 
-1391 1562 63 -214 108 168 0 0 0 0 1 186 142 174 
-1389 1555 59 -185 118 175 0 0 0 0 1 191 147 169 
-1356 1520 57 -163 162 172 0 0 0 0 1 178 148 173 
-1349 1492 86 -161 196 170 0 0 0 0 1 193 142 172 
-1325 1466 131 -160 202 169 0 0 0 0 1 185 145 173 
-1326 1456 156 -168 163 175 0 0 0 0 1 188 154 179 
-1322 1462 177 -170 117 173 0 0 0 0 1 180 148 180 
-1326 1456 193 -180 69 164 0 0 0 0 1 192 148 173 
-1321 1435 200 -178 51 150 0 0 0 0 1 192 141 187 
-1328 1429 193 -165 42 129 0 0 0 0 1 182 153 178 
-1331 1422 194 -139 55 102 0 0 0 0 1 179 147 167 
-1334 1414 189 -114 61 82 0 0 0 0 1 181 159 179 
-1329 1400 192 -70 58 57 0 0 0 0 1 185 150 185 
-1309 1407 191 -33 63 38 0 0 0 0 1 188 157 174 
-1317 1401 171 35 80 12 0 0 0 0 1 181 157 174 
-1300 1376 170 96 135 -5 0 0 0 0 1 180 153 175 
-1297 1372 196 123 187 -23 0 0 0 0 1 185 141 173 
-1273 1350 197 171 238 -62 0 0 0 0 1 185 155 180 
-1250 1335 198 193 262 -91 0 0 0 0 1 182 141 166 
-1225 1308 183 217 272 -157 0 0 0 0 1 185 141 173 
-1177 1258 207 227 274 -230 0 0 0 0 1 171 150 171 
-1175 1254 211 199 266 -293 0 0 0 0 1 182 150 180 
-1207 1230 190 125 235 -406 0 0 0 0 1 175 136 171 
-1184 1213 128 57 277 -494 0 0 0 0 1 182 141 164 
-1128 1138 58 -95 514 -661 0 0 0 0 1 180 136 152 
-1074 1067 -60 -215 726 -815 0 0 0 0 1 189 138 161 
-1083 1003 -155 -402 1077 -1142 0 0 0 0 1 197 143 159 
-1137 937 -222 -552 1332 -1417 0 0 0 0 1 180 141 164 
-1146 884 -280 -784 1685 -1860 0 0 0 0 1 176 137 160 
-1153 774 -410 -1004 1965 -2314 0 0 0 0 1 186 120 153 
-1223 729 -447 -1156 2113 -2612 0 0 0 0 1 171 121 152 
-1244 675 -527 -1378 2342 -2995 0 0 0 0 1 198 107 144 
-1303 647 -431 -1573 2528 -3195 0 0 0 0 1 174 117 139 
-1223 568 -369 -1923 2691 -3316 0 0 0 0 1 174 98 135 
-1251 491 -360 -2300 2584 -3307 0 0 0 0 1 189 99 124 
-1380 516 -312 -2557 2455 -3299 0 0 0 0 1 186 100 123 
-1446 506 -274 -2948 2335 -3333 0 0 0 0 1 176 76 114 
-1571 449 -215 -3180 2354 -3396 0 0 0 0 1 178 82 112 
-1647 421 -169 -3471 2523 -3547 0 0 0 0 1 167 76 104 
-1717 364 -139 -3659 2729 -3725 0 0 0 0 1 174 78 114 
-1887 339 4 -3800 2870 -3866 0 0 0 0 1 167 73 100 
-1957 258 27 -3876 2867 -3904 0 0 0 0 1 159 67 98 
-2030 221 84 -4003 2765 -3855 0 0 0 0 1 160 66 90 
-2193 154 228 -4127 2652 -3776 0 0 0 0 1 156 67 87 
-2318 119 330 -4369 2465 -3640 0 0 0 0 1 154 72 84 
-2518 61 399 -4539 2353 -3568 0 0 0 0 1 148 76 79 
-2600 20 405 -4742 2204 -3491 0 0 0 0 1 138 79 80 
-2758 -115 244 -4789 2103 -3444 0 0 0 0 1 145 77 80 
-2946 -271 223 -4747 2089 -3407 0 0 0 0 1 148 76 74 
-3218 -454 488 -4749 2130 -3400 0 0 0 0 1 147 87 89 
-3298 -568 542 -4724 1972 -3332 0 0 0 0 1 146 90 72 
-3398 -804 329 -4621 1689 -3244 0 0 0 0 1 130 101 82 
-3412 -896 236 -4371 1329 -3097 0 0 0 0 1 145 104 96 
-3591 -893 240 -4184 1254 -3054 0 0 0 0 1 142 96 98 
-3720 -1030 193 -3844 1192 -3039 0 0 0 0 1 148 105 93 
-3921 -1241 171 -3502 1110 -3047 0 0 0 0 1 147 114 96 
-4116 -1499 6 -3254 1048 -3055 0 0 0 0 1 158 107 102 
-4161 -1698 -32 -2875 1049 -3044 0 0 0 0 1 154 109 105 
-4358 -1904 -54 -2617 1069 -3063 0 0 0 0 1 138 114 98 
-4483 -2026 -110 -2160 939 -3124 0 0 0 0 1 156 118 94 
-4652 -2188 -315 -1599 741 -3174 0 0 0 0 1 151 112 107 
-4680 -2387 -339 -1226 717 -3169 0 0 0 0 1 163 99 101 
-4820 -2576 -382 -702 680 -3105 0 0 0 0 1 171 91 105 
-4890 -2755 -499 -138 630 -2962 0 0 0 0 1 160 88 107 
-5124 -3126 -410 427 920 -2689 0 0 0 0 1 167 73 107 
-5115 -3201 -69 734 980 -2274 0 0 0 0 1 166 60 87 
-5008 -3437 -5 1420 552 -1238 0 0 0 0 1 178 67 103 
-5136 -3456 -19 2101 234 -410 0 0 0 0 1 166 35 94 
-5071 -3537 430 3332 -196 1196 0 0 0 0 1 168 47 87 
-4816 -3624 532 4787 -863 3554 0 0 0 0 1 171 28 94 
-4664 -3396 933 5853 -1432 5491 0 0 0 0 1 180 38 91 
-4990 -2999 160 7869 -2868 8705 0 0 0 0 1 168 35 94 
-5357 -2909 -600 9916 -3271 11966 0 0 0 0 1 173 40 96 
-6100 -2997 -1193 10928 -2702 15310 0 0 0 0 1 179 56 93 
-7220 -2903 -1065 10843 -1701 17382 0 0 0 0 1 180 79 89 
-8051 -3602 -2396 10380 322 19758 0 0 0 0 1 156 104 84 
-8971 -4543 -3785 9823 1354 20881 0 0 0 0 1 103 157 58 
-8519 -6408 -4854 8836 2457 22114 0 0 0 0 1 69 155 45 
-7572 -8084 -5157 7322 5352 22207 0 0 0 0 1 20 160 24 
-6599 -10374 -4121 5897 7446 21123 0 0 0 0 1 -35 169 2 
-1323 -12504 -3454 4125 11094 18485 0 0 0 0 1 -97 145 3 
1232 -11572 -1146 2982 10813 13269 0 0 0 0 1 -154 109 5 
1170 -9817 5740 1923 5820 7749 0 0 0 0 1 -209 68 13 
834 -8996 7681 -968 -5730 -949 0 0 0 0 1 -202 68 11 
591 -7758 4433 -5718 -13200 -7219 0 0 0 0 1 -155 83 -2 
-826 -4570 -2039 -8525 -12653 -9669 0 0 0 0 1 -109 104 -3 
553 -2200 -6025 -9583 -7112 -10616 0 0 0 0 1 -66 157 16 
1602 -1556 -5262 -7693 -2531 -9359 0 0 0 0 1 -35 181 25 
1643 -1206 -1308 -6169 -1054 -8039 0 0 0 0 1 22 204 66 
1531 -354 722 -4083 -1692 -5680 0 0 0 0 1 34 212 80 
1555 -186 624 -2127 -1725 -3332 0 0 0 0 1 40 215 86 
1038 -381 270 -1026 -620 -2183 0 0 0 0 1 57 212 91 
348 -514 444 114 847 -1076 0 0 0 0 1 62 217 89 
-64 -444 345 839 1162 -590 0 0 0 0 1 64 212 87 
-366 -235 -186 1203 1139 -544 0 0 0 0 1 61 213 83 
-348 -140 -626 1517 1010 -663 0 0 0 0 1 58 201 76 
-156 -109 -1030 1513 884 -762 0 0 0 0 1 58 198 72 
-50 -114 -1242 1291 631 -883 0 0 0 0 1 56 179 67 
142 -232 -1524 934 601 -937 0 0 0 0 1 47 193 53 
-36 -354 -1788 697 651 -1048 0 0 0 0 1 56 186 53 
-249 -292 -1914 388 608 -1391 0 0 0 0 1 57 177 54 
-457 -302 -2095 155 476 -1803 0 0 0 0 1 61 179 55 
-521 -432 -2183 37 365 -2062 0 0 0 0 1 60 180 47 
-604 -427 -2105 -177 266 -2461 0 0 0 0 1 63 161 55 
-745 -535 -2124 -335 206 -2708 0 0 0 0 1 68 164 60 
-872 -557 -2143 -612 310 -3071 0 0 0 0 1 76 155 57 
-1115 -348 -2153 -894 527 -3420 0 0 0 0 1 75 157 55 
-1274 -210 -2232 -1124 694 -3649 0 0 0 0 1 93 150 61 
-1409 -196 -2242 -1228 750 -3728 0 0 0 0 1 80 139 53 
-1542 -111 -2183 -1328 805 -3798 0 0 0 0 1 94 152 51 
-1640 330 -1928 -1366 798 -3811 0 0 0 0 1 95 141 59 
-1726 120 -1951 -1297 557 -3721 0 0 0 0 1 101 134 55 
-1529 157 -1522 -1327 691 -3554 0 0 0 0 1 104 131 57 
-1834 228 -1469 -1333 823 -3490 0 0 0 0 1 103 134 58 
-2131 310 -1519 -1323 967 -3447 0 0 0 0 1 107 116 57 
-2405 378 -1347 -1408 1200 -3513 0 0 0 0 1 106 117 53 
-2772 364 -1029 -1523 1350 -3615 0 0 0 0 1 101 112 48 
-3001 448 -921 -1702 1449 -3790 0 0 0 0 1 109 109 52 
-2935 549 -815 -1795 1347 -3802 0 0 0 0 1 110 105 60 
-3051 588 -763 -1827 932 -3591 0 0 0 0 1 107 101 54 
-3211 625 -658 -1841 637 -3391 0 0 0 0 1 107 101 45 
-3684 527 -586 -1846 516 -3344 0 0 0 0 1 114 96 54 
-4108 418 -659 -1819 726 -3381 0 0 0 0 1 125 110 55 
-4232 370 -781 -1719 1484 -3412 0 0 0 0 1 113 88 41 
-4368 266 -783 -1689 2266 -3322 0 0 0 0 1 109 89 52 
-4694 195 -508 -1808 2440 -3197 0 0 0 0 1 97 104 47 
-4934 71 -125 -2304 2045 -2905 0 0 0 0 1 102 91 38 
-5331 -213 338 -2978 1319 -2622 0 0 0 0 1 95 94 50 
-5681 -409 298 -3305 930 -2490 0 0 0 0 1 92 93 44 
-5759 -516 100 -3452 731 -2352 0 0 0 0 1 99 95 51 
-5710 -663 -140 -3248 846 -2236 0 0 0 0 1 93 106 57 
-5579 -707 -178 -3042 916 -2176 0 0 0 0 1 104 111 43 
-5652 -891 -51 -2838 815 -2149 0 0 0 0 1 107 116 47 
-5411 -1339 337 -2870 671 -2104 0 0 0 0 1 99 127 60 
-5129 -1418 355 -2941 539 -2004 0 0 0 0 1 109 121 64 
-4676 -1400 233 -2953 316 -1805 0 0 0 0 1 97 126 64 
-4434 -1330 77 -2756 117 -1622 0 0 0 0 1 107 143 82 
-4081 -1190 -304 -2479 -10 -1521 0 0 0 0 1 107 145 89 
-3882 -1172 -443 -1999 -8 -1386 0 0 0 0 1 117 152 88 
-3400 -1238 -550 -1695 142 -1263 0 0 0 0 1 115 147 86 
-3123 -1303 -639 -1324 394 -1068 0 0 0 0 1 128 148 89 
-2882 -1582 -620 -1156 661 -952 0 0 0 0 1 113 139 93 
-2972 -2020 -454 -1147 870 -985 0 0 0 0 1 120 154 88 
-3175 -2297 -305 -1181 1346 -1265 0 0 0 0 1 119 158 87 
-3571 -2642 -209 -1148 1720 -1601 0 0 0 0 1 119 150 94 
-4152 -2876 -228 -922 2117 -2315 0 0 0 0 1 115 147 88 
-4671 -3021 61 -612 2369 -3203 0 0 0 0 1 110 142 83 
-5049 -2957 680 -387 2165 -3671 0 0 0 0 1 117 137 86 
-4965 -2921 1148 40 1140 -3679 0 0 0 0 1 125 130 69 
-4111 -3097 2380 804 -117 -2404 0 0 0 0 1 128 121 73 
-3940 -3310 2410 1949 -619 -1029 0 0 0 0 1 145 101 77 
-4841 -4301 2239 4851 -86 992 0 0 0 0 1 133 96 64 
-6592 -4384 1674 7221 437 2292 0 0 0 0 1 138 84 64 
-6843 -4364 1503 10186 -546 5281 0 0 0 0 1 128 62 50 
-6925 -3898 282 11273 -1982 8033 0 0 0 0 1 133 42 54 
-6496 -2672 -2318 11387 -2893 12987 0 0 0 0 1 138 40 57 
-6242 -1552 -4655 10551 -994 18610 0 0 0 0 1 134 29 62 
-6850 -654 -7877 9867 1616 22161 0 0 0 0 1 126 42 36 
-8144 -1492 -9227 7814 6370 25433 0 0 0 0 1 64 99 8 
-10393 -4431 -7839 5124 6621 25242 0 0 0 0 1 35 100 -4 
-9640 -9973 -4106 185 3886 22075 0 0 0 0 1 -17 116 -12 
-7153 -12622 -3530 -2801 4839 18423 0 0 0 0 1 -47 125 -4 
4041 -12960 -3826 -2395 7321 17195 0 0 0 0 1 -93 133 1 
4445 -11744 -63 -259 10912 14649 0 0 0 0 1 -142 128 15 
2805 -8998 4173 972 5577 8329 0 0 0 0 1 -214 93 39 
-422 -8126 8141 848 -1803 2763 0 0 0 0 1 -224 93 27 
-376 -8204 6420 -1619 -11276 -4401 0 0 0 0 1 -191 93 0 
-846 -6145 446 -5043 -12967 -9023 0 0 0 0 1 -133 111 5 
-1284 -3175 -4209 -6598 -9214 -10725 0 0 0 0 1 -80 134 11 
308 -1126 -5138 -6126 -6598 -10266 0 0 0 0 1 -38 150 17 
1429 -340 -4314 -4251 -3402 -8013 0 0 0 0 1 22 170 43 
1568 49 -2198 -3062 -1548 -6221 0 0 0 0 1 37 176 53 
1298 118 -1230 -1814 -439 -3674 0 0 0 0 1 47 193 65 
769 66 -1051 -1046 65 -1798 0 0 0 0 1 51 176 62 
411 -391 -1215 -746 756 -980 0 0 0 0 1 43 182 59 
190 -583 -1067 -480 1449 -355 0 0 0 0 1 36 185 66 
-158 -696 -747 -264 1290 -285 0 0 0 0 1 44 188 60 
-218 -666 -740 -154 928 -439 0 0 0 0 1 47 186 48 
-273 -623 -903 -150 226 -827 0 0 0 0 1 37 196 67 
-337 -732 -1193 -307 -101 -1117 0 0 0 0 1 49 198 58 
-247 -762 -1622 -629 -133 -1455 0 0 0 0 1 54 188 58 
-115 -672 -1907 -839 310 -1661 0 0 0 0 1 55 190 64 
-43 -624 -2244 -846 649 -1786 0 0 0 0 1 51 188 58 
-110 -654 -2349 -726 780 -2024 0 0 0 0 1 47 188 62 
-345 -701 -2379 -610 604 -2374 0 0 0 0 1 61 176 51 
-678 -717 -2408 -593 523 -2661 0 0 0 0 1 75 176 60 
-910 -728 -2448 -658 602 -3095 0 0 0 0 1 73 188 58 
-1116 -655 -2326 -778 791 -3339 0 0 0 0 1 81 172 54 
-1095 -586 -2183 -1013 1051 -3550 0 0 0 0 1 82 161 62 
-1000 -496 -2188 -1199 1205 -3633 0 0 0 0 1 75 171 55 
-1370 -139 -2092 -1290 1302 -3733 0 0 0 0 1 74 160 57 
-1590 18 -1833 -1436 1245 -3834 0 0 0 0 1 83 155 66 
-1788 44 -1688 -1558 1106 -3869 0 0 0 0 1 97 153 54 
-2223 174 -1546 -1597 1082 -3906 0 0 0 0 1 89 159 58 
-2425 317 -1481 -1550 1078 -3937 0 0 0 0 1 97 145 57 
-2559 413 -1486 -1474 1167 -3922 0 0 0 0 1 103 139 67 
-2657 656 -1369 -1372 1501 -3828 0 0 0 0 1 94 142 65 
-2816 652 -1228 -1361 1739 -3589 0 0 0 0 1 101 130 58 
-3103 413 -887 -1415 1833 -3347 0 0 0 0 1 96 139 46 
-3357 359 -598 -1530 2023 -3003 0 0 0 0 1 99 142 60 
-3630 469 -551 -1505 2139 -2794 0 0 0 0 1 95 126 64 
-3662 600 -708 -1236 2289 -2484 0 0 0 0 1 90 128 57 
-3800 783 -883 -770 2503 -2259 0 0 0 0 1 93 128 47 
-4207 877 -1063 -433 2738 -2182 0 0 0 0 1 79 121 54 
-4493 837 -898 -158 3148 -2055 0 0 0 0 1 74 106 33 
-4863 679 -508 -283 3071 -1817 0 0 0 0 1 61 120 32 
-4995 480 -83 -750 2735 -1539 0 0 0 0 1 44 107 37 
-4908 539 13 -1084 2573 -1409 0 0 0 0 1 55 111 29 
-4744 326 -96 -1445 2595 -1316 0 0 0 0 1 38 126 33 
-4806 168 -76 -1670 2578 -1402 0 0 0 0 1 47 117 23 
-5069 -105 88 -1775 2269 -1538 0 0 0 0 1 33 134 27 
-5197 -218 48 -1763 1346 -1752 0 0 0 0 1 16 127 25 
-5416 -315 -582 -1427 532 -1975 0 0 0 0 1 27 138 38 
-5377 -266 -807 -968 472 -2154 0 0 0 0 1 28 134 34 
-5307 -357 -849 -731 562 -2239 0 0 0 0 1 36 133 29 
-5455 -420 -666 -796 399 -2311 0 0 0 0 1 29 128 33 
-5494 -545 -510 -1137 -103 -2386 0 0 0 0 1 34 128 24 
-5423 -709 -529 -1389 -427 -2400 0 0 0 0 1 47 144 39 
-5401 -680 -744 -1567 -769 -2378 0 0 0 0 1 46 138 43 
-5170 -578 -1021 -1479 -909 -2251 0 0 0 0 1 51 149 41 
-4990 -452 -1174 -1228 -985 -2093 0 0 0 0 1 58 132 53 
-4910 -443 -1192 -1057 -1000 -1990 0 0 0 0 1 84 147 53 
-4817 -473 -1193 -885 -1021 -1825 0 0 0 0 1 81 141 47 
-4722 -597 -1184 -829 -1084 -1736 0 0 0 0 1 89 137 58 
-4682 -584 -1160 -810 -1224 -1664 0 0 0 0 1 84 134 60 
-4450 -603 -1178 -765 -1334 -1655 0 0 0 0 1 106 149 60 
-4171 -600 -1264 -694 -1300 -1659 0 0 0 0 1 95 136 61 
-3938 -633 -1248 -592 -1035 -1654 0 0 0 0 1 113 130 69 
-3646 -652 -1127 -505 -1005 -1624 0 0 0 0 1 117 130 88 
-3460 -858 -801 -447 -1036 -1600 0 0 0 0 1 130 123 82 
-3417 -1000 -686 -232 -940 -1572 0 0 0 0 1 140 131 77 
-3032 -1311 -434 198 -354 -1437 0 0 0 0 1 135 126 94 
-2956 -1515 92 485 345 -1235 0 0 0 0 1 146 125 86 
-2788 -1645 1137 710 1117 -417 0 0 0 0 1 147 96 73 
-2824 -1762 3782 1021 -111 1484 0 0 0 0 1 147 111 77 
-3183 -1895 3462 2109 -2279 3305 0 0 0 0 1 145 111 82 
-4100 -1842 3170 5422 -5270 5919 0 0 0 0 1 142 101 89 
-5199 -1667 2241 8450 -5980 7307 0 0 0 0 1 153 107 93 
-5918 -1284 1102 12914 -6074 9024 0 0 0 0 1 158 100 90 
-5301 -2002 -35 15473 -6853 11696 0 0 0 0 1 161 96 91 
-4478 -4792 -1862 16101 -7550 15386 0 0 0 0 1 166 91 89 
-5405 -5613 -3453 16142 -5381 17440 0 0 0 0 1 165 100 86 
-6233 -7517 -5732 15775 1197 19605 0 0 0 0 1 141 115 60 
-5941 -10375 -8021 14520 7400 20106 0 0 0 0 1 116 136 43 
-4948 -10489 -8114 11256 15692 18918 0 0 0 0 1 57 126 10 
69 -9764 -5764 7566 18109 14690 0 0 0 0 1 -15 91 -3 
-103 -7775 2999 5055 13304 9137 0 0 0 0 1 -136 44 -18 
606 -7329 7915 704 280 266 0 0 0 0 1 -149 35 -15 
1683 -6660 5741 -4045 -9797 -5963 0 0 0 0 1 -122 46 -18 
337 -4391 -830 -6849 -12453 -8464 0 0 0 0 1 -83 69 -22 
-519 -2301 -5580 -9006 -9048 -10008 0 0 0 0 1 -35 93 -11 
504 -1809 -5761 -8469 -4372 -8837 0 0 0 0 1 10 114 12 
1043 -1795 -3231 -7385 -1932 -7423 0 0 0 0 1 48 148 36 
358 -1150 -1556 -5388 314 -5597 0 0 0 0 1 63 166 53 
330 -916 -836 -3702 1175 -3935 0 0 0 0 1 61 161 60 
246 -938 89 -2950 1216 -2923 0 0 0 0 1 75 166 60 
15 -974 244 -2138 1044 -1855 0 0 0 0 1 81 170 59 
-294 -914 -42 -1629 1102 -1479 0 0 0 0 1 67 185 59 
-566 -694 -564 -814 1408 -1312 0 0 0 0 1 70 181 62 
-643 -521 -891 -159 1528 -1375 0 0 0 0 1 81 170 68 
-607 -304 -1264 72 1317 -1451 0 0 0 0 1 63 179 62 
-656 -266 -1368 -11 860 -1604 0 0 0 0 1 66 179 62 
-593 -369 -1389 -515 569 -1713 0 0 0 0 1 75 176 55 
-633 -530 -1743 -1002 527 -1817 0 0 0 0 1 75 171 58 
-676 -495 -1975 -1176 692 -1907 0 0 0 0 1 76 172 54 
-733 -378 -2113 -1234 909 -2079 0 0 0 0 1 84 166 67 
-753 -159 -2133 -1206 991 -2202 0 0 0 0 1 74 165 59 
-874 44 -1985 -1165 952 -2396 0 0 0 0 1 76 163 54 
-1068 55 -1886 -1150 633 -2619 0 0 0 0 1 82 166 67 
-1329 76 -1691 -1191 392 -2774 0 0 0 0 1 81 158 64 
-1419 109 -1574 -1293 138 -2928 0 0 0 0 1 86 160 54 
-1076 219 -1491 -1347 90 -2922 0 0 0 0 1 81 172 61 
-1314 467 -1305 -1442 70 -3015 0 0 0 0 1 101 154 72 
-1653 630 -1179 -1504 26 -3139 0 0 0 0 1 108 144 76 
-1882 609 -1182 -1555 93 -3350 0 0 0 0 1 110 147 76 
-2393 499 -1103 -1572 430 -3537 0 0 0 0 1 113 144 76 
-2372 397 -872 -1581 802 -3545 0 0 0 0 1 112 136 75 
-2462 392 -622 -1624 1263 -3445 0 0 0 0 1 115 144 79 
-2577 478 -348 -1722 1332 -3312 0 0 0 0 1 130 138 77 
-2801 524 -244 -1752 1180 -3234 0 0 0 0 1 128 121 77 
-3120 463 -165 -1905 2217 -1673 0 0 0 0 1 87 134 53 
-5385 -340 -489 -1746 2275 -1613 0 0 0 0 1 79 131 52 
-5592 -354 -584 -1674 2105 -1704 0 0 0 0 1 75 137 46 
-5716 -507 -676 -1663 1516 -1959 0 0 0 0 1 70 142 55 
-5747 -830 -551 -1863 881 -2227 0 0 0 0 1 67 138 45 
-5730 -1048 -568 -2115 110 -2422 0 0 0 0 1 70 134 58 
-5590 -1099 -757 -2225 -262 -2508 0 0 0 0 1 77 137 51 
-5398 -1090 -905 -2282 -541 -2573 0 0 0 0 1 77 149 53 
-5027 -1058 -1070 -2180 -623 -2542 0 0 0 0 1 92 147 55 
-4686 -1167 -1072 -2062 -529 -2473 0 0 0 0 1 100 148 66 
-4541 -1283 -1062 -1802 -221 -2324 0 0 0 0 1 117 142 74 
-4339 -1394 -1141 -1462 205 -2143 0 0 0 0 1 123 143 80 
-4303 -1371 -1096 -1252 504 -2020 0 0 0 0 1 113 139 76 
-4335 -1424 -1060 -1005 743 -1881 0 0 0 0 1 109 133 84 
-4609 -1363 -985 -873 583 -1849 0 0 0 0 1 121 148 82 
-4644 -1617 -587 -872 332 -1835 0 0 0 0 1 115 142 83 
-4630 -1689 -493 -801 -27 -1809 0 0 0 0 1 126 141 75 
-4383 -1567 -469 -502 -244 -1731 0 0 0 0 1 140 136 87 
-4246 -1475 -495 -139 -378 -1641 0 0 0 0 1 134 132 88 
-3979 -1472 -332 481 -364 -1370 0 0 0 0 1 139 137 86 
-3511 -1797 336 857 -181 -1030 0 0 0 0 1 140 123 84 
-2884 -2201 1054 1379 463 -142 0 0 0 0 1 148 117 100 
-2850 -2495 1411 1977 1211 1028 0 0 0 0 1 140 121 75 
-3258 -3051 2100 2745 1163 2503 0 0 0 0 1 129 107 79 
-3850 -3568 3036 3482 197 3761 0 0 0 0 1 139 112 69 
-4304 -3270 2775 5877 -3347 6055 0 0 0 0 1 134 105 58 
-4628 -2947 1260 8554 -5679 7607 0 0 0 0 1 134 95 60 
-5052 -2963 393 13172 -7165 9469 0 0 0 0 1 155 95 65 
-4221 -3034 -2343 17230 -7754 11618 0 0 0 0 1 168 62 87 
-2932 -4753 -3087 18956 -7057 13892 0 0 0 0 1 172 51 81 
-2819 -5944 -4258 19177 -3180 17628 0 0 0 0 1 174 46 74 
-4480 -9260 -5377 16361 3848 20530 0 0 0 0 1 166 57 71 
-4998 -11388 -7108 13801 9149 21186 0 0 0 0 1 125 85 46 
-3298 -10767 -8094 9515 17795 18963 0 0 0 0 1 66 73 4 
38 -8167 -6899 7168 19697 15181 0 0 0 0 1 3 77 -17 
-1231 -5799 1289 3796 16091 6265 0 0 0 0 1 -121 25 -12 
-188 -6453 6189 -1210 4625 -1426 0 0 0 0 1 -146 26 -13 
1947 -5083 8041 -5037 -4474 -4161 0 0 0 0 1 -141 41 -9 
1154 -3009 1188 -8280 -12226 -6220 0 0 0 0 1 -102 72 -26 
769 -2294 -4070 -7220 -8173 -7560 0 0 0 0 1 -50 99 -15 
1905 -1877 -4641 -5197 -2074 -7286 0 0 0 0 1 -17 116 -3 
1518 -1775 -1278 -4507 -452 -6495 0 0 0 0 1 10 143 17 
936 -1636 -408 -3928 -606 -5239 0 0 0 0 1 17 165 33 
440 -1305 -465 -3183 -40 -4406 0 0 0 0 1 29 165 43 
391 -1186 -613 -2530 457 -3974 0 0 0 0 1 42 174 34 
278 -882 -631 -1629 1110 -3381 0 0 0 0 1 46 177 52 
355 -489 -731 -1190 1349 -2936 0 0 0 0 1 46 168 45 
274 -355 -814 -797 1436 -2316 0 0 0 0 1 56 164 51 
-38 -249 -1068 -644 1210 -1917 0 0 0 0 1 41 165 47 
-217 -332 -1453 -642 1054 -1765 0 0 0 0 1 43 158 43 
-289 -371 -1663 -760 933 -1679 0 0 0 0 1 47 159 44 
-260 -537 -2056 -925 816 -1646 0 0 0 0 1 55 168 57 
-270 -579 -2219 -1006 765 -1647 0 0 0 0 1 58 176 44 
-332 -567 -2348 -1072 865 -1723 0 0 0 0 1 56 164 39 
-406 -488 -2497 -1081 1012 -1811 0 0 0 0 1 47 181 55 
-470 -329 -2298 -1143 1107 -1959 0 0 0 0 1 55 165 50 
-620 -242 -2159 -1299 702 -2151 0 0 0 0 1 53 170 45 
-733 -200 -2093 -1404 407 -2291 0 0 0 0 1 43 165 52 
-881 -188 -2143 -1503 353 -2584 0 0 0 0 1 51 171 53 
-1119 -28 -2184 -1506 472 -2912 0 0 0 0 1 67 172 54 
-1220 21 -2048 -1488 603 -3083 0 0 0 0 1 69 165 59 
-1218 111 -1861 -1476 817 -3218 0 0 0 0 1 67 163 54 
-1262 353 -1676 -1410 715 -3228 0 0 0 0 1 62 165 66 
-1406 367 -1522 -1327 690 -3197 0 0 0 0 1 74 168 59 
-1527 333 -1488 -1115 774 -3219 0 0 0 0 1 79 158 66 
-2262 425 -1169 -989 777 -3361 0 0 0 0 1 92 166 53 
-2506 271 -979 -872 694 -3597 0 0 0 0 1 90 165 66 
-2612 206 -810 -869 807 -3781 0 0 0 0 1 93 158 68 
-2718 139 -730 -908 910 -3839 0 0 0 0 1 99 132 65 
-2924 12 -698 -1051 1032 -3885 0 0 0 0 1 93 148 54 
-3430 -184 -506 -1278 1184 -4008 0 0 0 0 1 99 130 62 
-3870 -329 -433 -1411 1444 -4107 0 0 0 0 1 104 131 52 
-3999 -411 -380 -1544 2130 -4144 0 0 0 0 1 109 133 54 
-3929 -377 -349 -1583 2600 -4016 0 0 0 0 1 100 126 54 
-3809 -230 -228 -1638 2897 -3529 0 0 0 0 1 86 123 54 
-3818 -143 -53 -1699 2472 -2852 0 0 0 0 1 88 116 50 
-4173 -268 37 -1711 2050 -2446 0 0 0 0 1 93 121 40 
-4494 -438 13 -1651 1574 -2020 0 0 0 0 1 83 116 50 
-4798 -628 -235 -1547 1569 -1825 0 0 0 0 1 81 128 52 
-4854 -719 -436 -1327 1966 -1640 0 0 0 0 1 87 127 39 
-5037 -733 -828 -1069 2262 -1586 0 0 0 0 1 73 130 39 
-5490 -834 -1030 -896 2011 -1655 0 0 0 0 1 68 130 34 
-5778 -882 -875 -916 1643 -1773 0 0 0 0 1 64 128 29 
-5899 -944 -844 -1047 877 -1960 0 0 0 0 1 60 133 36 
-6227 -1035 -1002 -1123 242 -2110 0 0 0 0 1 64 128 40 
-6448 -1047 -1084 -1237 -571 -2399 0 0 0 0 1 75 130 41 
-6518 -1140 -1508 -1218 -1121 -2618 0 0 0 0 1 82 130 44 
-6187 -1333 -1787 -1164 -1098 -2597 0 0 0 0 1 87 120 46 
-5522 -1458 -1662 -1166 -994 -2328 0 0 0 0 1 102 126 47 
-5223 -1428 -1505 -1185 -1133 -2038 0 0 0 0 1 104 128 64 
-4951 -1474 -1314 -1214 -1380 -1537 0 0 0 0 1 110 117 58 
-4469 -1523 -1310 -1070 -1520 -1027 0 0 0 0 1 113 125 67 
-4263 -1543 -1320 -878 -1554 -727 0 0 0 0 1 122 117 83 
-4064 -1565 -1275 -534 -1462 -360 0 0 0 0 1 125 127 86 
-3848 -1555 -1104 -345 -1374 -185 0 0 0 0 1 138 123 89 
-3599 -1610 -926 -157 -1353 -16 0 0 0 0 1 128 131 84 
-3525 -1598 -868 -52 -1472 47 0 0 0 0 1 148 107 88 
-3364 -1698 -643 10 -1347 153 0 0 0 0 1 143 127 93 
-3043 -1911 -181 55 -963 344 0 0 0 0 1 151 117 102 
-2911 -1878 357 84 -142 870 0 0 0 0 1 148 115 104 
-2872 -1606 1668 108 -20 1488 0 0 0 0 1 155 120 97 
-2680 -1307 2176 658 -1174 3115 0 0 0 0 1 156 126 101 
-2796 -1321 2250 2395 -2294 5158 0 0 0 0 1 139 130 97 
-3915 -950 1955 4222 -2519 6330 0 0 0 0 1 151 134 109 
-4680 -918 1845 7244 -2600 7741 0 0 0 0 1 141 142 107 
-5257 -998 1987 8963 -3255 8701 0 0 0 0 1 145 145 91 
-5258 -887 2247 10698 -5360 10450 0 0 0 0 1 123 136 89 
-5012 -751 1136 12250 -7583 12897 0 0 0 0 1 142 138 82 
-4408 -1326 -2157 13453 -6368 14948 0 0 0 0 1 108 139 60 
-4699 -2897 -4092 14399 156 18339 0 0 0 0 1 100 143 57 
-6055 -4471 -6695 12880 7539 20652 0 0 0 0 1 68 137 25 
-8234 -6462 -5451 9921 9948 20150 0 0 0 0 1 -30 107 0 
-7671 -8947 -3264 4535 9647 16722 0 0 0 0 1 -75 83 -11 
-1682 -11058 -2213 1484 8130 12704 0 0 0 0 1 -107 72 -17 
2651 -8607 -1393 1266 5620 7862 0 0 0 0 1 -146 51 -11 
2956 -6534 1566 1266 3666 3937 0 0 0 0 1 -167 34 -9 
1939 -6030 3140 -147 -1830 -1664 0 0 0 0 1 -171 35 -1 
1290 -5633 3232 -2232 -5860 -4201 0 0 0 0 1 -145 50 -1 
-216 -4281 214 -5668 -8504 -6583 0 0 0 0 1 -115 66 -6 
-747 -3105 -1955 -7304 -6084 -7682 0 0 0 0 1 -86 116 -8 
-158 -2055 -2625 -7251 -3793 -7627 0 0 0 0 1 -47 130 -6 
185 -1682 -1401 -6181 -1424 -6716 0 0 0 0 1 -37 161 11 
312 -1504 -1048 -4346 -527 -5325 0 0 0 0 1 -25 169 25 
505 -1312 -1002 -2984 -111 -4283 0 0 0 0 1 0 169 48 
354 -1440 -1257 -1183 954 -2937 0 0 0 0 1 7 188 41 
-180 -1462 -1139 -76 2183 -2199 0 0 0 0 1 9 188 44 
-700 -1311 -809 296 2356 -2042 0 0 0 0 1 5 182 45 
-943 -1206 -568 413 1793 -2128 0 0 0 0 1 -8 187 38 
-966 -1140 -594 206 1049 -2411 0 0 0 0 1 0 188 37 
-867 -1003 -1013 24 573 -2588 0 0 0 0 1 -4 174 34 
-788 -940 -1366 -235 132 -2747 0 0 0 0 1 2 169 25 
-582 -886 -1818 -383 82 -2750 0 0 0 0 1 10 160 33 
-281 -768 -2090 -531 355 -2599 0 0 0 0 1 -2 176 39 
-105 -619 -2189 -571 975 -2404 0 0 0 0 1 21 152 27 
-356 -443 -2203 -542 1483 -2453 0 0 0 0 1 25 171 39 
-617 -351 -2140 -525 1675 -2657 0 0 0 0 1 16 164 37 
-871 -285 -2000 -502 1674 -3096 0 0 0 0 1 16 154 32 
-1007 -127 -1959 -461 1455 -3328 0 0 0 0 1 4 166 30 
-962 37 -1962 -378 1167 -3465 0 0 0 0 1 24 155 36 
-801 436 -1634 -335 1158 -3420 0 0 0 0 1 21 157 30 
-859 604 -1526 -301 1180 -3374 0 0 0 0 1 31 150 33 
-1050 637 -1431 -237 1126 -3415 0 0 0 0 1 24 150 33 
-1381 477 -1408 -161 1068 -3516 0 0 0 0 1 30 142 30 
-2099 598 -1581 54 1035 -3828 0 0 0 0 1 33 137 32 
-2372 755 -1643 268 1053 -4045 0 0 0 0 1 31 133 19 
-2578 803 -1639 377 1168 -4054 0 0 0 0 1 31 123 22 
-2726 1037 -1548 435 1480 -4019 0 0 0 0 1 33 120 23 
-2942 1252 -1658 471 1620 -3985 0 0 0 0 1 34 111 22 
-3121 1225 -1790 567 1613 -3937 0 0 0 0 1 30 107 16 
-3815 1001 -1742 569 1540 -3983 0 0 0 0 1 21 103 9 
-4269 822 -1610 364 1553 -4101 0 0 0 0 1 29 96 8 
-4693 798 -1207 -151 1347 -4100 0 0 0 0 1 30 83 9 
-4811 805 -931 -603 849 -4012 0 0 0 0 1 24 91 3 
-4762 968 -837 -1274 241 -3793 0 0 0 0 1 25 80 4 
-4543 1015 -1211 -1551 61 -3588 0 0 0 0 1 35 85 13 
-4505 981 -1573 -1662 -128 -3309 0 0 0 0 1 36 87 12 
-5113 425 -1512 -1687 -162 -3208 0 0 0 0 1 49 88 11 
-5347 51 -1015 -1916 184 -3143 0 0 0 0 1 43 96 15 
-4767 -1128 -624 -1906 -707 -2015 0 0 0 0 1 84 130 46 
-4679 -1116 -772 -1852 -843 -2237 0 0 0 0 1 74 133 47 
-4486 -1057 -935 -1700 -843 -2489 0 0 0 0 1 83 128 57 
-4331 -1289 -742 -1634 -963 -2659 0 0 0 0 1 103 125 60 
-4194 -1368 -737 -1603 -1048 -2694 0 0 0 0 1 96 122 62 
-3977 -1430 -797 -1504 -897 -2611 0 0 0 0 1 116 116 73 
-3942 -1578 -620 -1350 -590 -2482 0 0 0 0 1 120 132 74 
-3958 -1577 -519 -1203 -564 -2330 0 0 0 0 1 128 123 73 
-3983 -1662 -276 -868 -714 -1871 0 0 0 0 1 138 109 73 
-4089 -1890 -74 -372 -581 -1214 0 0 0 0 1 134 122 88 
-4395 -2161 329 59 -407 -690 0 0 0 0 1 142 123 84 
-4514 -2122 907 861 -378 380 0 0 0 0 1 145 111 82 
-4681 -1208 1665 1862 -1173 1991 0 0 0 0 1 145 111 82 
-4290 -574 1692 2860 -2218 3664 0 0 0 0 1 153 115 79 
-4305 -367 1453 4940 -2709 6645 0 0 0 0 1 147 116 89 
-4938 109 948 6381 -2502 8599 0 0 0 0 1 138 118 94 
-5683 200 1411 7800 -3174 11434 0 0 0 0 1 146 115 81 
-6386 484 1136 8791 -4805 13998 0 0 0 0 1 126 128 75 
-7037 495 82 9540 -5098 15560 0 0 0 0 1 119 145 80 
-7346 337 -698 10583 -3988 17675 0 0 0 0 1 114 143 64 
-8251 -882 -1715 10938 -2077 18674 0 0 0 0 1 69 148 54 
-8775 -2011 -2833 10874 -78 19209 0 0 0 0 1 35 147 30 
-9273 -4931 -2237 9115 1805 17953 0 0 0 0 1 15 126 17 
-7936 -8298 -985 7052 3115 16271 0 0 0 0 1 -12 121 3 
-5635 -10315 -562 4109 5647 13307 0 0 0 0 1 -51 88 -2 
-278 -12355 -1495 3455 6411 10321 0 0 0 0 1 -89 98 -4 
2269 -10358 373 3760 4390 7595 0 0 0 0 1 -129 68 -16 
2337 -8842 2248 3221 -2424 2651 0 0 0 0 1 -135 38 -12 
379 -6179 2154 1379 -7206 -705 0 0 0 0 1 -103 31 -18 
-1124 -4159 -1865 -3145 -10173 -4006 0 0 0 0 1 -79 45 -15 
-878 -3168 -4012 -7449 -7240 -4527 0 0 0 0 1 -40 53 -11 
-378 -2219 -5533 -8869 -2785 -4411 0 0 0 0 1 -11 83 -11 
569 -1964 -4128 -8327 -818 -4540 0 0 0 0 1 11 137 2 
835 -1927 -2485 -6486 632 -4923 0 0 0 0 1 21 152 18 
888 -1654 -104 -4520 530 -4971 0 0 0 0 1 24 163 33 
1013 -1686 53 -3399 266 -4576 0 0 0 0 1 28 159 41 
955 -1761 -182 -2117 453 -3718 0 0 0 0 1 37 171 37 
473 -1848 -267 -1559 867 -3269 0 0 0 0 1 43 177 40 
23 -1692 -190 -1044 1512 -2980 0 0 0 0 1 46 177 57 
-354 -1397 -470 -632 1905 -2896 0 0 0 0 1 48 177 50 
-395 -1129 -883 -385 2064 -2829 0 0 0 0 1 43 172 43 
-427 -954 -1182 -107 2055 -2712 0 0 0 0 1 48 165 36 
-462 -723 -1572 -25 1913 -2620 0 0 0 0 1 36 165 40 
-476 -725 -1820 -5 1714 -2509 0 0 0 0 1 41 165 36 
-626 -763 -2210 -18 1733 -2490 0 0 0 0 1 43 155 45 
-646 -833 -2402 -53 1905 -2506 0 0 0 0 1 37 161 34 
-589 -895 -2409 -218 2412 -2559 0 0 0 0 1 36 148 29 
-649 -817 -2411 -363 2731 -2664 0 0 0 0 1 29 150 36 
-841 -534 -2472 -601 3012 -2979 0 0 0 0 1 24 145 29 
-836 -482 -2341 -899 3158 -3346 0 0 0 0 1 23 139 30 
-929 -417 -2120 -1121 2976 -3589 0 0 0 0 1 33 149 27 
-886 -262 -1998 -1371 2342 -3891 0 0 0 0 1 21 147 18 
-1160 -9 -1972 -1464 1855 -4088 0 0 0 0 1 16 142 27 
-1420 215 -2056 -1494 1319 -4420 0 0 0 0 1 21 144 25 
-1659 377 -2209 -1389 1202 -4833 0 0 0 0 1 29 150 22 
-2098 503 -2160 -1322 1092 -5137 0 0 0 0 1 27 136 31 
-2620 622 -1919 -1471 363 -5617 0 0 0 0 1 47 130 30 
-2924 607 -1399 -1770 -296 -5815 0 0 0 0 1 51 137 25 
-3179 562 -1209 -2378 -963 -6004 0 0 0 0 1 55 123 43 
-3565 935 -913 -2969 -1314 -6038 0 0 0 0 1 64 136 38 
-3694 940 -855 -3224 -1638 -5917 0 0 0 0 1 69 138 40 
-4128 1047 -611 -3479 -2494 -5596 0 0 0 0 1 93 128 47 
-4401 736 -465 -3495 -3014 -5216 0 0 0 0 1 113 125 72 
-4738 434 -583 -3177 -3286 -4580 0 0 0 0 1 125 120 83 
-4787 34 -416 -2584 -2589 -3851 0 0 0 0 1 127 127 95 
-4619 -64 -434 -2031 -1663 -3281 0 0 0 0 1 148 132 95 
-4619 -73 -355 -1140 167 -2400 0 0 0 0 1 151 127 111 
-4665 -327 304 -587 1758 -1381 0 0 0 0 1 148 132 109 
-4606 -523 837 -486 2220 -590 0 0 0 0 1 141 117 95 
-4575 -557 1058 -651 2310 577 0 0 0 0 1 140 123 94 
-4541 -472 1082 -841 2329 1210 0 0 0 0 1 132 132 93 
-4617 -410 1018 -1085 2349 1745 0 0 0 0 1 129 134 86 
-5138 -760 691 -1152 2432 1822 0 0 0 0 1 119 136 77 
-5305 -753 723 -1325 2999 1473 0 0 0 0 1 110 149 86 
-5583 -877 619 -1598 2912 825 0 0 0 0 1 100 145 75 
-5504 -996 812 -1878 2440 366 0 0 0 0 1 93 155 75 
-5501 -1041 855 -2281 1440 -366 0 0 0 0 1 92 161 74 
-5471 -1125 605 -2411 816 -862 0 0 0 0 1 69 165 94 
-5308 -1139 244 -2326 219 -1538 0 0 0 0 1 94 171 81 
-5110 -1094 -39 -1971 148 -1997 0 0 0 0 1 87 181 97 
-4656 -976 -79 -1709 286 -2128 0 0 0 0 1 93 172 94 
-4366 -846 30 -1395 289 -2106 0 0 0 0 1 99 169 100 
-4086 -712 69 -1226 187 -2001 0 0 0 0 1 95 175 94 
-3988 -641 100 -1036 110 -1830 0 0 0 0 1 113 179 100 
-3780 -457 85 -849 -166 -1548 0 0 0 0 1 113 176 93 
-3642 -500 119 -712 -318 -1330 0 0 0 0 1 107 168 110 
-3671 -611 159 -466 -331 -1046 0 0 0 0 1 122 174 109 
-3675 -883 127 -256 -174 -890 0 0 0 0 1 120 161 114 
-3685 -1022 257 61 266 -674 0 0 0 0 1 130 168 103 
-3640 -1183 569 359 632 -379 0 0 0 0 1 135 168 96 
-3662 -1034 1232 690 386 232 0 0 0 0 1 132 159 100 
-3652 -976 1364 1047 0 951 0 0 0 0 1 127 161 97 
-3515 -753 1717 1949 -559 2531 0 0 0 0 1 122 157 104 
-3588 -486 1992 2874 -864 3797 0 0 0 0 1 123 163 91 
-3771 -497 1868 4737 -1116 5745 0 0 0 0 1 126 163 96 
-4651 -1008 2667 6659 -1981 7532 0 0 0 0 1 123 158 77 
-5379 -934 2676 8074 -4270 8501 0 0 0 0 1 102 158 80 
-6129 -1310 2147 10638 -9642 9392 0 0 0 0 1 114 150 73 
-6104 -2759 -93 13179 -13772 9928 0 0 0 0 1 128 116 66 
-6251 -4688 -1610 14486 -14022 10478 0 0 0 0 1 152 104 101 
-6300 -6719 -3879 15657 -8421 11988 0 0 0 0 1 161 114 103 
-7477 -7740 -7000 15673 -2338 13287 0 0 0 0 1 156 111 94 
-7913 -9005 -8013 14034 6148 14902 0 0 0 0 1 140 116 73 
-5225 -8984 -8044 11084 10585 15633 0 0 0 0 1 67 109 10 
974 -7523 -7939 9473 12330 15149 0 0 0 0 1 7 85 -16 
760 -6307 -6973 7713 13574 10261 0 0 0 0 1 -53 60 -24 
-1743 -5628 2669 4171 9757 2411 0 0 0 0 1 -92 39 -13 
29 -5431 5551 599 4735 -1364 0 0 0 0 1 -103 19 -20 
1255 -4700 5449 -4849 -3044 -4113 0 0 0 0 1 -128 6 -17 
865 -3048 2507 -8210 -7398 -5066 0 0 0 0 1 -71 72 -8 
577 -2191 -1631 -8603 -6387 -5282 0 0 0 0 1 -64 99 -12 
1112 -1948 -3478 -6788 -2346 -5248 0 0 0 0 1 -36 128 3 
1422 -1859 -3189 -4087 714 -4522 0 0 0 0 1 -23 139 16 
1212 -1784 -1991 -2777 1879 -3777 0 0 0 0 1 -12 155 17 
558 -1902 -1024 -1919 2858 -2873 0 0 0 0 1 -16 154 23 
142 -2034 -574 -1868 3334 -2628 0 0 0 0 1 -27 163 22 
-405 -1968 -518 -1872 3375 -2804 0 0 0 0 1 -35 181 30 
-414 -1786 -578 -1747 3304 -3216 0 0 0 0 1 -36 175 31 
-398 -1539 -770 -1477 2576 -3546 0 0 0 0 1 -33 174 41 
-251 -1211 -1080 -1300 1984 -3653 0 0 0 0 1 -31 180 33 
-236 -968 -1733 -1006 1392 -3711 0 0 0 0 1 -38 190 40 
-233 -895 -2168 -692 1505 -3689 0 0 0 0 1 -24 190 40 
-458 -863 -2547 -480 2006 -3708 0 0 0 0 1 -24 190 50 
-611 -871 -2486 -428 2343 -3826 0 0 0 0 1 -31 180 47 
-775 -762 -2441 -386 2534 -4191 0 0 0 0 1 -27 187 38 
-1079 -345 -2190 -381 2130 -4634 0 0 0 0 1 -18 193 48 
-1112 -87 -1981 -446 1537 -4850 0 0 0 0 1 -10 182 45 
-983 10 -1889 -571 479 -4878 0 0 0 0 1 -10 190 45 
-1025 220 -2143 -556 23 -4831 0 0 0 0 1 14 186 39 
-1444 438 -2352 -387 -8 -4908 0 0 0 0 1 5 180 45 
-1880 514 -2511 -250 356 -4987 0 0 0 0 1 8 175 50 
-2131 543 -2361 -208 1111 -5134 0 0 0 0 1 35 166 37 
-2463 539 -1863 -458 1539 -5258 0 0 0 0 1 34 165 36 
-2655 470 -1356 -718 1394 -5277 0 0 0 0 1 34 160 45 
-2869 446 -1181 -1060 733 -5246 0 0 0 0 1 34 150 45 
-3254 441 -1275 -1112 477 -5153 0 0 0 0 1 43 145 38 
-3322 553 -1577 -941 628 -5013 0 0 0 0 1 54 152 48 
-3291 697 -1635 -538 1089 -4688 0 0 0 0 1 61 139 51 
-3300 730 -1519 -297 1357 -4421 0 0 0 0 1 70 147 44 
-3720 394 -1214 -169 1462 -4090 0 0 0 0 1 60 128 45 
-4221 11 -954 -671 -40 -1878 0 0 0 0 1 88 118 33 
-4912 -1225 -508 -718 -127 -1704 0 0 0 0 1 82 115 46 
-4805 -1261 -546 -835 -330 -1495 0 0 0 0 1 87 105 34 
-4873 -1425 -616 -949 -585 -1397 0 0 0 0 1 82 112 44 
-4820 -1651 -623 -990 -647 -1361 0 0 0 0 1 94 110 55 
-4759 -1736 -657 -967 -758 -1307 0 0 0 0 1 101 112 51 
-4681 -1729 -734 -793 -977 -1191 0 0 0 0 1 94 117 44 
-4538 -1720 -867 -597 -1055 -1086 0 0 0 0 1 102 111 52 
-4493 -1732 -959 -228 -1046 -948 0 0 0 0 1 110 110 55 
-4444 -1646 -1090 149 -1044 -843 0 0 0 0 1 113 103 62 
-4242 -1669 -1073 327 -1038 -755 0 0 0 0 1 120 112 74 
-4171 -1694 -973 399 -1118 -607 0 0 0 0 1 125 103 69 
-4020 -1727 -831 317 -1332 -421 0 0 0 0 1 138 104 66 
-3833 -1660 -818 263 -1347 -189 0 0 0 0 1 134 80 67 
-3690 -1547 -810 294 -1153 -17 0 0 0 0 1 139 93 69 
-3523 -1344 -817 418 -750 258 0 0 0 0 1 130 91 77 
-3235 -1029 -668 498 -410 494 0 0 0 0 1 142 101 80 
-2934 -824 -339 508 229 1049 0 0 0 0 1 147 106 77 
-2654 -313 -401 608 787 1804 0 0 0 0 1 139 98 72 
-2744 9 -460 732 973 2352 0 0 0 0 1 138 106 73 
-2884 12 -279 866 974 3142 0 0 0 0 1 126 104 64 
-3139 -236 174 899 959 3593 0 0 0 0 1 116 109 61 
-3274 -660 840 754 1290 4187 0 0 0 0 1 112 104 54 
-3980 -1435 2107 501 1577 4689 0 0 0 0 1 108 127 62 
-5184 -1829 3262 575 821 5043 0 0 0 0 1 101 122 46 
-5961 -1485 3239 1921 -2920 5874 0 0 0 0 1 86 123 45 
-6155 -1553 2120 5503 -7934 6874 0 0 0 0 1 101 122 74 
-6413 -1871 1604 8308 -9374 7278 0 0 0 0 1 115 127 72 
-5606 -2334 1114 11899 -9256 8535 0 0 0 0 1 143 112 76 
-2991 -3145 -1059 13623 -9046 10454 0 0 0 0 1 146 98 83 
-2735 -4540 -2773 14869 -7027 14132 0 0 0 0 1 148 100 79 
-4974 -7103 -5297 14288 -297 16981 0 0 0 0 1 135 101 66 
-6525 -8702 -6656 12785 4224 17697 0 0 0 0 1 128 104 40 
-6344 -10584 -7173 9519 10322 16925 0 0 0 0 1 88 116 31 
-325 -10038 -8015 7700 14599 15803 0 0 0 0 1 -30 85 -18 
2539 -7978 -7831 6338 16956 12051 0 0 0 0 1 -87 68 -13 
-257 -5983 -217 3153 11241 4528 0 0 0 0 1 -141 34 -18 
251 -6764 8161 -747 3529 -222 0 0 0 0 1 -163 30 -5 
1542 -5909 7938 -6067 -6314 -4876 0 0 0 0 1 -171 42 -3 
857 -4064 1695 -7501 -8305 -7753 0 0 0 0 1 -96 115 -13 
636 -2792 -3183 -5863 -3917 -8903 0 0 0 0 1 -67 116 1 
1062 -2224 -2952 -4441 -1392 -8513 0 0 0 0 1 -58 134 4 
893 -1972 -1659 -3031 -27 -6877 0 0 0 0 1 -31 155 15 
647 -1895 -1241 -2527 5 -5002 0 0 0 0 1 -22 155 24 
206 -1927 -1421 -2231 727 -3563 0 0 0 0 1 -7 171 27 
-137 -1877 -1609 -1926 1638 -3009 0 0 0 0 1 -11 164 25 
-497 -1813 -1607 -1327 2698 -2712 0 0 0 0 1 -17 175 40 
-876 -1300 -1589 -658 2694 -2788 0 0 0 0 1 -11 188 41 
-887 -814 -1591 -308 2280 -2833 0 0 0 0 1 -8 168 43 
-801 -651 -1568 -66 1609 -2805 0 0 0 0 1 -17 177 22 
-775 -622 -1608 -72 1141 -2778 0 0 0 0 1 -12 172 19 
-753 -458 -1667 -125 948 -2803 0 0 0 0 1 -5 160 31 
-682 -230 -1712 -214 913 -2872 0 0 0 0 1 1 175 24 
-557 -101 -1721 -270 986 -2892 0 0 0 0 1 -5 175 26 
-688 -51 -1771 -243 970 -2934 0 0 0 0 1 -7 171 27 
-893 64 -1870 -46 625 -3078 0 0 0 0 1 -4 176 34 
-1191 100 -2094 252 36 -3284 0 0 0 0 1 3 160 29 
-1402 286 -2045 400 -264 -3461 0 0 0 0 1 11 154 23 
-1277 473 -1882 452 -540 -3688 0 0 0 0 1 14 139 25 
-1434 746 -1684 333 -704 -3914 0 0 0 0 1 20 143 22 
-1629 885 -1559 216 -637 -4024 0 0 0 0 1 40 144 32 
-1766 876 -1526 67 -400 -4047 0 0 0 0 1 36 136 31 
-2033 729 -1566 34 -255 -3972 0 0 0 0 1 38 136 31 
-2246 707 -1621 124 -104 -3793 0 0 0 0 1 51 125 16 
-2465 774 -1637 257 50 -3658 0 0 0 0 1 61 125 25 
-2654 889 -1647 516 458 -3463 0 0 0 0 1 63 95 30 
-2723 947 -1731 825 1092 -3292 0 0 0 0 1 58 93 16 
-2986 976 -1697 979 1541 -3205 0 0 0 0 1 61 85 32 
-3208 965 -1446 973 2022 -3029 0 0 0 0 1 50 87 10 
-3445 676 -1005 805 2071 -2838 0 0 0 0 1 46 84 19 
-3581 492 -618 359 1809 -2536 0 0 0 0 1 40 76 4 
-3871 467 -181 -113 1251 -2299 0 0 0 0 1 40 76 6 
-3836 589 -390 -275 900 -2145 0 0 0 0 1 41 60 3 
-3792 697 -778 -147 616 -1890 0 0 0 0 1 35 63 2 
-3987 769 -1273 235 623 -1763 0 0 0 0 1 40 66 4 
-4578 542 -1308 444 696 -1851 0 0 0 0 1 25 56 13 
-4945 379 -1035 437 602 -2204 0 0 0 0 1 29 45 3 
-5368 47 -385 180 325 -2509 0 0 0 0 1 29 40 -1 
-5329 32 -197 -560 -159 -2789 0 0 0 0 1 37 46 0 
-4818 22 -96 -1400 -595 -2665 0 0 0 0 1 15 38 1 
-4651 149 -378 -2019 -1047 -2323 0 0 0 0 1 31 57 8 
-4665 154 -955 -2224 -1310 -2135 0 0 0 0 1 44 49 2 
-4934 -53 -1178 -2313 -1358 -2112 0 0 0 0 1 48 45 10 
-5325 -314 -1182 -2322 -1185 -2265 0 0 0 0 1 69 60 12 
-5387 -428 -1206 -2289 -1013 -2540 0 0 0 0 1 64 65 15 
-5260 -549 -1229 -2270 -978 -2683 0 0 0 0 1 76 67 17 
-5126 -485 -1244 -2278 -1010 -2725 0 0 0 0 1 75 80 25 
-5009 -451 -1410 -2266 -1239 -2703 0 0 0 0 1 74 77 31 
-4822 -613 -1714 -2257 -1168 -2660 0 0 0 0 1 84 83 27 
-4549 -899 -1903 -2255 -952 -2621 0 0 0 0 1 96 85 46 
-4422 -999 -1811 -2288 -905 -2575 0 0 0 0 1 103 80 46 
-4256 -1075 -1679 -2407 -1003 -2444 0 0 0 0 1 107 101 54 
-3906 -1026 -1602 -2459 -1126 -2313 0 0 0 0 1 112 84 54 
-3708 -990 -1602 -2426 -1231 -2082 0 0 0 0 1 130 94 57 
-3325 -1071 -1540 -2267 -1105 -1784 0 0 0 0 1 122 98 58 
-3054 -1203 -1248 -2135 -973 -1584 0 0 0 0 1 123 94 71 
-2964 -1356 -1055 -1930 -809 -1346 0 0 0 0 1 148 100 79 
-3077 -1599 -711 -1704 -763 -1216 0 0 0 0 1 145 96 84 
-3183 -1949 -412 -1518 -680 -1143 0 0 0 0 1 146 98 90 
-3207 -2159 -126 -1258 -189 -903 0 0 0 0 1 152 94 84 
-2674 -2351 1167 -1179 594 27 0 0 0 0 1 162 105 90 
-2085 -2079 2023 -993 869 1076 0 0 0 0 1 161 106 87 
-2263 -2091 2329 -282 1017 2885 0 0 0 0 1 155 115 86 
-2954 -2178 2614 538 945 4096 0 0 0 0 1 136 127 90 
-3540 -2506 2544 2232 675 5740 0 0 0 0 1 136 139 76 
-4916 -2980 3224 4018 -457 7198 0 0 0 0 1 125 134 79 
-5154 -3198 3273 5305 -2184 8275 0 0 0 0 1 115 132 86 
-5519 -2909 2785 7608 -5618 9736 0 0 0 0 1 106 144 65 
-5220 -3045 2099 10393 -8871 11190 0 0 0 0 1 120 130 81 
-4554 -3201 27 12529 -10074 12201 0 0 0 0 1 119 114 75 
-4109 -4509 -2367 15900 -8753 14036 0 0 0 0 1 145 118 71 
-3448 -7257 -6431 17614 -5336 15464 0 0 0 0 1 130 104 61 
-4095 -8447 -7265 17335 1736 17107 0 0 0 0 1 116 101 47 
-5215 -12084 -6240 13051 7393 16933 0 0 0 0 1 79 82 19 
-1173 -11978 -6951 9305 11283 16038 0 0 0 0 1 49 71 -9 
4282 -9315 -9337 5891 16303 13269 0 0 0 0 1 -9 49 -18 
1079 -6029 -7018 3104 15834 5911 0 0 0 0 1 -135 13 -26 
-84 -6136 4213 -257 9463 1004 0 0 0 0 1 -153 -2 -18 
1753 -5538 6941 -5480 -2692 -3442 0 0 0 0 1 -158 24 -16 
2080 -3684 3834 -7509 -8714 -6172 0 0 0 0 1 -141 49 -23 
1357 -3106 -1959 -5889 -6145 -8311 0 0 0 0 1 -109 82 -19 
1265 -2371 -3109 -4312 -3373 -8952 0 0 0 0 1 -44 117 -2 
1337 -2126 -1993 -3019 -1586 -8401 0 0 0 0 1 -31 114 1 
783 -2085 -438 -2926 -1613 -7548 0 0 0 0 1 -12 131 15 
661 -2008 -649 -3115 -1466 -6213 0 0 0 0 1 3 150 24 
582 -1838 -1086 -2875 -119 -5149 0 0 0 0 1 14 157 25 
271 -1476 -1537 -2190 1192 -4442 0 0 0 0 1 27 141 26 
66 -1259 -1400 -1732 1630 -4121 0 0 0 0 1 24 155 36 
-141 -1012 -1151 -1252 1526 -3790 0 0 0 0 1 22 163 26 
-309 -898 -1175 -1009 912 -3665 0 0 0 0 1 18 166 30 
-632 -775 -1366 -946 527 -3739 0 0 0 0 1 44 149 27 
-759 -733 -1540 -931 272 -3987 0 0 0 0 1 31 150 33 
-927 -679 -1752 -1021 429 -4298 0 0 0 0 1 40 144 41 
-930 -492 -1800 -1147 562 -4461 0 0 0 0 1 50 150 43 
-908 -414 -1848 -1350 647 -4540 0 0 0 0 1 70 152 37 
-758 -358 -1889 -1522 718 -4411 0 0 0 0 1 56 159 46 
-996 -173 -1795 -1610 644 -4365 0 0 0 0 1 67 155 43 
-1332 -63 -1681 -1709 515 -4458 0 0 0 0 1 70 142 37 
-1641 -13 -1493 -1763 501 -4549 0 0 0 0 1 69 133 45 
-1885 130 -1243 -1867 491 -4668 0 0 0 0 1 88 133 43 
-2019 211 -1099 -2052 377 -4701 0 0 0 0 1 93 138 54 
-2014 166 -782 -2251 365 -4641 0 0 0 0 1 92 122 51 
-2113 207 -621 -2556 211 -4481 0 0 0 0 1 103 117 67 
-2261 96 -620 -2680 55 -4342 0 0 0 0 1 113 122 53 
-2398 56 -622 -2675 -9 -4141 0 0 0 0 1 121 121 66 
-2619 24 -787 -2514 124 -4031 0 0 0 0 1 112 116 61 
-2704 -14 -856 -2128 803 -3856 0 0 0 0 1 119 128 64 
-2903 -131 -699 -1762 1832 -3649 0 0 0 0 1 127 112 65 
-3166 -232 -575 -1592 2252 -3515 0 0 0 0 1 126 116 64 
-3414 -437 -476 -1484 2039 -3222 0 0 0 0 1 117 122 60 
-3677 -787 -373 -1486 1620 -2960 0 0 0 0 1 114 118 57 
-3897 -876 -406 -1479 1278 -2566 0 0 0 0 1 109 106 61 
-3910 -912 -519 -1327 1312 -2154 0 0 0 0 1 113 117 53 
-4177 -1088 -927 -1040 1568 -1827 0 0 0 0 1 116 114 68 
-4507 -1384 -964 -895 1715 -1696 0 0 0 0 1 115 100 53 
-4768 -1725 -927 -889 1736 -1586 0 0 0 0 1 97 109 57 
-5190 -2101 -728 -1022 1530 -1561 0 0 0 0 1 97 104 59 
-5390 -2216 -658 -1274 801 -1532 0 0 0 0 1 100 106 52 
-5563 -2174 -788 -1328 6 -1463 0 0 0 0 1 108 112 53 
-5506 -2031 -1042 -1201 -276 -1375 0 0 0 0 1 97 111 54 
-5487 -1931 -1186 -819 -467 -1225 0 0 0 0 1 107 114 61 
-5444 -2036 -1290 -414 -517 -1075 0 0 0 0 1 108 105 55 
-5489 -2230 -1149 -249 -575 -1014 0 0 0 0 1 119 116 61 
-5477 -2400 -991 -240 -785 -989 0 0 0 0 1 112 114 66 
-5344 -2511 -858 -415 -1157 -1002 0 0 0 0 1 114 109 57 
-5137 -2495 -687 -561 -1371 -1005 0 0 0 0 1 130 96 66 
-4930 -2412 -640 -683 -1505 -933 0 0 0 0 1 129 105 81 
-4556 -2148 -564 -667 -1568 -810 0 0 0 0 1 153 107 74 
-4167 -1841 -521 -478 -1713 -502 0 0 0 0 1 149 99 82 
-3943 -1682 -504 -142 -1661 -134 0 0 0 0 1 143 110 83 
-3626 -1491 -448 113 -1468 100 0 0 0 0 1 154 94 80 
-3552 -1488 -411 466 -1112 402 0 0 0 0 1 161 101 91 
-3500 -1593 -280 716 -877 595 0 0 0 0 1 165 98 97 
-3564 -1731 -161 842 -812 650 0 0 0 0 1 152 104 108 
-3657 -1736 55 968 -805 616 0 0 0 0 1 162 83 97 
-3617 -1857 315 958 -626 658 0 0 0 0 1 168 96 89 
-2809 -2137 1220 813 -35 980 0 0 0 0 1 166 96 103 
-2159 -2411 2184 398 1518 2008 0 0 0 0 1 165 100 93 
-2206 -2835 3152 266 2266 2856 0 0 0 0 1 149 96 94 
-2994 -2810 3786 712 1668 4205 0 0 0 0 1 151 103 86 
-3637 -2048 3629 2082 -510 5324 0 0 0 0 1 141 120 83 
-4673 -2488 1903 6783 -5494 7222 0 0 0 0 1 139 115 81 
-5406 -1699 1611 12217 -6496 8103 0 0 0 0 1 160 117 88 
-4913 -1738 -625 15651 -5745 8984 0 0 0 0 1 151 95 81 
-2464 -3527 -3083 19759 -3864 12562 0 0 0 0 1 153 88 79 
-1043 -5519 -4052 20629 -2042 15830 0 0 0 0 1 145 62 57 
-1697 -6614 -4444 18810 2595 19804 0 0 0 0 1 140 60 47 
-4173 -10046 -6009 13851 10930 20435 0 0 0 0 1 73 53 -4 
-2944 -11250 -6961 8314 19031 16664 0 0 0 0 1 5 33 -24 
902 -8191 -9046 6719 20953 12410 0 0 0 0 1 -70 12 -32 
-608 -5401 -4465 4170 19497 4355 0 0 0 0 1 -133 -1 -26 
1207 -4777 8720 -1712 6469 -1312 0 0 0 0 1 -193 -9 4 
2242 -4068 8446 -5726 -3481 -3324 0 0 0 0 1 -199 -1 -3 
1882 -2991 4009 -7769 -11177 -5663 0 0 0 0 1 -146 44 -20 
337 -2798 -3015 -5990 -8836 -8000 0 0 0 0 1 -104 69 -24 
579 -2387 -3262 -4678 -5985 -8646 0 0 0 0 1 -81 99 -8 
887 -2090 -1715 -3835 -3984 -7882 0 0 0 0 1 -50 114 -10 
561 -1898 -619 -3679 -3347 -6391 0 0 0 0 1 -24 126 1 
199 -1606 -1034 -3472 -2578 -5522 0 0 0 0 1 -12 128 5 
296 -1710 -1282 -2929 -748 -4438 0 0 0 0 1 12 136 31 
222 -1748 -1083 -2335 937 -3640 0 0 0 0 1 23 149 18 
63 -1603 -820 -1972 1621 -3220 0 0 0 0 1 20 143 31 
-27 -1419 -684 -1488 2217 -2687 0 0 0 0 1 24 150 31 
-135 -1190 -707 -1184 2394 -2356 0 0 0 0 1 16 159 27 
-232 -999 -867 -748 2406 -1921 0 0 0 0 1 24 155 38 
-259 -973 -945 -389 2362 -1567 0 0 0 0 1 9 157 27 
-292 -965 -1020 -198 2286 -1372 0 0 0 0 1 0 154 25 
-262 -1015 -1092 67 2048 -1130 0 0 0 0 1 -5 165 19 
-276 -1048 -1170 355 1785 -965 0 0 0 0 1 -22 155 15 
-360 -1005 -1299 559 1661 -917 0 0 0 0 1 -11 154 11 
-417 -994 -1346 871 1503 -931 0 0 0 0 1 -11 147 11 
-461 -972 -1372 1073 1424 -970 0 0 0 0 1 -22 126 3 
-522 -950 -1343 1340 1323 -1089 0 0 0 0 1 -24 131 10 
-508 -935 -1405 1626 1099 -1208 0 0 0 0 1 -35 134 18 
-590 -826 -1505 1855 829 -1310 0 0 0 0 1 -23 125 4 
-768 -590 -1832 2304 262 -1544 0 0 0 0 1 -41 104 -1 
-879 -477 -2206 2904 -254 -1844 0 0 0 0 1 -24 91 3 
-1017 -359 -2764 3564 -372 -2140 0 0 0 0 1 -20 87 -12 
-1246 -238 -3075 3973 -354 -2336 0 0 0 0 1 -18 61 -6 
-1392 -194 -3288 4492 -392 -2608 0 0 0 0 1 -18 36 -13 
-1653 -29 -3158 4727 -936 -2826 0 0 0 0 1 -21 12 -13 
-1904 134 -3060 4734 -1794 -2900 0 0 0 0 1 -22 3 -17 
-2117 -372 -3026 4581 -3154 -2838 0 0 0 0 1 -5 -25 -29 
-2680 -501 -3143 4439 -3717 -2876 0 0 0 0 1 7 -39 -9 
-3316 -313 -3441 4459 -3471 -3003 0 0 0 0 1 17 -74 -5 
-3901 -371 -3345 4500 -3185 -3095 0 0 0 0 1 23 -98 9 
-4203 -367 -2938 4356 -3184 -3174 0 0 0 0 1 33 -120 9 
-4493 -358 -2102 3760 -3937 -3114 0 0 0 0 1 37 -127 27 
-4670 -333 -1325 3146 -4548 -2993 0 0 0 0 1 51 -139 34 
-4784 -260 -1111 2192 -4927 -2721 0 0 0 0 1 56 -149 39 
-4686 103 -1381 -486 -1804 1243 0 0 0 0 1 87 -196 93 
-3690 1017 336 -577 -1618 1703 0 0 0 0 1 90 -199 98 
-3088 614 117 -568 -1547 1778 0 0 0 0 1 100 -190 89 
-2502 435 78 -542 -1259 1718 0 0 0 0 1 114 -197 94 
-2130 215 -23 -507 -855 1515 0 0 0 0 1 102 -180 98 
-1870 60 -94 -442 -469 1183 0 0 0 0 1 106 -183 109 
