Data Quantity : 14  Accelerometer : 3  Gyroscope : 3  FSR : 5







-1460 1268 -531 189 116 161 0 0 0 0 1 97 136 59 
-1482 1268 -538 210 122 118 0 0 0 0 1 99 144 72 
-1483 1282 -533 210 121 88 0 0 0 0 1 88 143 64 
-1488 1286 -524 194 102 59 0 0 0 0 1 90 145 54 
-1466 1284 -518 167 84 49 0 0 0 0 1 88 138 61 
-1458 1293 -506 134 69 40 0 0 0 0 1 94 139 55 
-1449 1292 -503 73 48 28 0 0 0 0 1 86 138 57 
-1457 1287 -513 25 45 7 0 0 0 0 1 90 145 52 
-1459 1290 -513 2 45 -13 0 0 0 0 1 100 133 50 
-1451 1294 -518 -28 4 -33 0 0 0 0 1 94 127 53 
-1445 1285 -525 -40 -36 -48 0 0 0 0 1 93 143 64 
-1450 1296 -548 -41 -65 -74 0 0 0 0 1 94 144 53 
-1461 1323 -596 -26 -59 -100 0 0 0 0 1 100 143 64 
-1477 1327 -602 -17 -53 -121 0 0 0 0 1 75 127 53 
-1479 1331 -600 -10 -44 -133 0 0 0 0 1 95 131 59 
-1453 1312 -588 -20 -10 -122 0 0 0 0 1 92 134 53 
-1455 1310 -557 -33 12 -118 0 0 0 0 1 96 127 55 
-1466 1312 -556 -41 2 -104 0 0 0 0 1 95 133 68 
-1463 1332 -553 -34 -52 -89 0 0 0 0 1 93 136 59 
-1517 1345 -576 -21 -91 -89 0 0 0 0 1 95 141 57 
-1513 1355 -599 19 -127 -76 0 0 0 0 1 100 121 59 
-1443 1342 -603 45 -108 -57 0 0 0 0 1 99 134 58 
-1403 1315 -604 89 -61 -28 0 0 0 0 1 93 138 57 
-1398 1294 -611 140 -4 -16 0 0 0 0 1 97 138 57 
-1328 1268 -624 181 48 -19 0 0 0 0 1 94 152 58 
-1261 1252 -661 271 137 -24 0 0 0 0 1 97 126 61 
-1101 1225 -765 348 203 -31 0 0 0 0 1 96 130 53 
-989 1150 -854 443 287 -73 0 0 0 0 1 95 131 47 
-923 1092 -886 516 402 -177 0 0 0 0 1 93 131 43 
-865 974 -951 545 550 -303 0 0 0 0 1 100 131 50 
-864 906 -954 535 911 -590 0 0 0 0 1 83 123 50 
-955 832 -1030 482 1224 -859 0 0 0 0 1 89 125 46 
-1036 761 -972 286 1676 -1353 0 0 0 0 1 82 125 44 
-1099 690 -903 -60 1784 -1889 0 0 0 0 1 82 125 32 
-1095 659 -807 -537 1518 -2365 0 0 0 0 1 75 112 34 
-1125 603 -773 -895 1255 -2638 0 0 0 0 1 82 120 37 
-1141 543 -771 -1448 916 -2966 0 0 0 0 1 77 115 30 
-1157 492 -806 -1976 708 -3239 0 0 0 0 1 87 120 30 
-1188 448 -931 -2270 683 -3394 0 0 0 0 1 84 125 39 
-1199 416 -1032 -2578 895 -3615 0 0 0 0 1 86 111 40 
-1301 319 -1174 -2710 1340 -3846 0 0 0 0 1 92 105 41 
-1404 235 -1163 -2718 1677 -4018 0 0 0 0 1 90 104 47 
-1585 147 -1049 -2715 2104 -4290 0 0 0 0 1 87 125 41 
-1721 59 -794 -2737 2252 -4442 0 0 0 0 1 82 115 48 
-1863 12 -620 -2840 2285 -4611 0 0 0 0 1 81 118 43 
-2085 -6 -317 -3045 2116 -4711 0 0 0 0 1 90 116 43 
-2304 -117 -240 -3297 1830 -4717 0 0 0 0 1 92 115 37 
-2522 -147 -264 -3429 1727 -4712 0 0 0 0 1 94 127 51 
-2771 -200 -375 -3507 1811 -4756 0 0 0 0 1 87 112 48 
-3120 -243 -578 -3424 2110 -4823 0 0 0 0 1 95 126 57 
-3439 -260 -650 -3339 2266 -4835 0 0 0 0 1 94 127 53 
-3624 -223 -690 -3208 2140 -4745 0 0 0 0 1 92 122 51 
-4002 -348 -770 -3102 1820 -4583 0 0 0 0 1 102 121 61 
-4354 -392 -896 -3013 1618 -4460 0 0 0 0 1 93 133 52 
-4534 -506 -1007 -2829 1308 -4229 0 0 0 0 1 99 130 62 
-4844 -746 -1104 -2621 988 -3994 0 0 0 0 1 110 120 60 
-5188 -951 -1133 -2480 770 -3851 0 0 0 0 1 107 131 66 
-5285 -1196 -1298 -2179 558 -3568 0 0 0 0 1 126 126 71 
-5277 -1448 -1416 -1788 572 -3181 0 0 0 0 1 122 134 67 
-5256 -1628 -1400 -1503 535 -2892 0 0 0 0 1 117 122 72 
-5208 -1747 -1419 -1015 327 -2448 0 0 0 0 1 130 116 84 
-5204 -1776 -1324 -693 152 -2174 0 0 0 0 1 127 112 67 
-5103 -1839 -1185 -298 -293 -1695 0 0 0 0 1 134 120 76 
-5022 -1944 -1126 45 -809 -1230 0 0 0 0 1 145 99 71 
-5103 -2211 -1092 277 -948 -973 0 0 0 0 1 148 105 76 
-5053 -2443 -1017 643 -623 -544 0 0 0 0 1 152 96 82 
-4667 -2712 -871 1055 63 66 0 0 0 0 1 147 94 71 
-4530 -2819 -699 1316 553 574 0 0 0 0 1 153 93 83 
-4315 -3042 -340 1518 1313 1578 0 0 0 0 1 136 88 83 
-4260 -3208 1140 1376 1314 2483 0 0 0 0 1 141 105 67 
-4314 -2950 1693 1383 -559 4355 0 0 0 0 1 128 99 57 
-4693 -2100 1041 2713 -3223 6801 0 0 0 0 1 141 95 83 
-4613 -1889 237 4515 -4734 8755 0 0 0 0 1 140 106 73 
-4590 -1971 -84 7619 -5808 11692 0 0 0 0 1 152 116 77 
-5212 -1725 -428 10162 -7441 14215 0 0 0 0 1 147 116 71 
-5107 -2448 -864 11561 -8789 15870 0 0 0 0 1 135 133 75 
-4763 -3903 -1918 13626 -8042 18212 0 0 0 0 1 120 137 76 
-4942 -6474 -4014 14754 -3062 20105 0 0 0 0 1 106 152 53 
-5030 -9034 -5178 14086 1229 20930 0 0 0 0 1 80 157 41 
-5484 -10776 -4574 10502 7634 20503 0 0 0 0 1 30 144 2 
-1016 -12672 -4818 6729 12443 18173 0 0 0 0 1 -35 120 -4 
2059 -10345 -2492 4764 12944 13188 0 0 0 0 1 -154 84 -10 
714 -8245 1260 3794 8999 7664 0 0 0 0 1 -184 58 -9 
582 -7705 4951 493 -1246 -38 0 0 0 0 1 -189 40 -3 
1583 -6050 3925 -4648 -9433 -4329 0 0 0 0 1 -184 49 -16 
1280 -4555 742 -7363 -10776 -5732 0 0 0 0 1 -146 71 -16 
1269 -3170 -3574 -8190 -6568 -6726 0 0 0 0 1 -64 133 1 
1473 -3050 -3913 -6115 -871 -6880 0 0 0 0 1 -41 148 8 
1145 -3020 -2517 -4392 1331 -6485 0 0 0 0 1 -37 169 23 
682 -2531 -1436 -2697 1964 -5372 0 0 0 0 1 -33 171 27 
635 -1948 204 -2354 1310 -4395 0 0 0 0 1 -35 174 30 
454 -1812 361 -2269 974 -3461 0 0 0 0 1 -21 186 39 
-349 -1317 -481 -1673 1203 -3363 0 0 0 0 1 -27 195 47 
-471 -1065 -965 -1044 1290 -3457 0 0 0 0 1 -14 191 37 
-522 -794 -1271 -229 1100 -3537 0 0 0 0 1 -1 187 40 
-457 -566 -1573 60 773 -3491 0 0 0 0 1 -3 192 47 
-533 -488 -1856 94 267 -3415 0 0 0 0 1 5 197 45 
-709 -383 -1987 -217 101 -3586 0 0 0 0 1 4 179 46 
-1038 -305 -2111 -510 177 -3850 0 0 0 0 1 20 185 47 
-1258 -272 -2131 -913 303 -4367 0 0 0 0 1 24 185 36 
-1579 -104 -2230 -1086 199 -4728 0 0 0 0 1 22 177 43 
-1692 406 -2261 -1246 -148 -5059 0 0 0 0 1 58 169 51 
-1657 652 -2326 -1387 -444 -4944 0 0 0 0 1 61 174 53 
-1590 818 -2206 -1522 -491 -4673 0 0 0 0 1 64 170 59 
-1786 898 -1882 -1795 -366 -4272 0 0 0 0 1 80 176 55 
-1776 753 -1700 -2068 -21 -3946 0 0 0 0 1 82 154 60 
-2064 671 -1495 -2208 375 -3875 0 0 0 0 1 86 155 64 
-2337 606 -1495 -2296 1110 -3915 0 0 0 0 1 99 154 67 
-2584 673 -1551 -2257 1638 -3903 0 0 0 0 1 90 158 75 
-2711 740 -1348 -2229 2420 -3677 0 0 0 0 1 103 161 62 
-2756 947 -468 -2360 2645 -3164 0 0 0 0 1 102 158 64 
-2848 1027 -227 -2463 2364 -2800 0 0 0 0 1 99 154 62 
-2952 1045 -96 -2503 1847 -2411 0 0 0 0 1 89 139 62 
-3275 888 -263 -2385 1696 -2307 0 0 0 0 1 90 168 52 
-3533 791 -468 -2004 2059 -2318 0 0 0 0 1 104 155 71 
-4016 497 -518 -1574 2916 -2402 0 0 0 0 1 89 164 65 
-4171 554 -445 -1319 3344 -2427 0 0 0 0 1 90 165 57 
-4349 664 -379 -1042 3226 -2404 0 0 0 0 1 71 160 57 
-4452 753 -215 -990 2307 -2313 0 0 0 0 1 70 169 58 
-4552 701 -298 -1029 1562 -2223 0 0 0 0 1 69 160 57 
-4619 541 -392 -1130 1080 -2079 0 0 0 0 1 75 159 53 
-4649 273 -633 -1186 1213 -1987 0 0 0 0 1 75 152 58 
-5156 -589 -1175 -1412 153 -2382 0 0 0 0 1 73 174 72 
-4971 -570 -1003 -1361 60 -2387 0 0 0 0 1 87 166 100 
-4837 -568 -806 -1388 -122 -2279 0 0 0 0 1 80 174 74 
-4497 -389 -449 -1467 -273 -2116 0 0 0 0 1 100 170 77 
-4327 -291 -276 -1591 -581 -1761 0 0 0 0 1 106 179 83 
-3812 -156 -134 -1625 -624 -1439 0 0 0 0 1 110 179 88 
-3591 -199 -118 -1557 -340 -946 0 0 0 0 1 109 175 101 
-3461 -418 -23 -1401 264 -541 0 0 0 0 1 119 182 98 
-3409 -834 118 -1274 796 -333 0 0 0 0 1 115 183 104 
-3452 -1120 340 -1075 1623 -136 0 0 0 0 1 113 183 107 
-3912 -1845 413 -687 2246 -145 0 0 0 0 1 107 185 98 
-4554 -2157 692 -335 2299 -289 0 0 0 0 1 107 192 94 
-5195 -2332 925 432 1212 -562 0 0 0 0 1 96 179 93 
-5972 -2417 1119 1211 -276 -647 0 0 0 0 1 104 177 77 
-6179 -2380 915 2960 -2610 -411 0 0 0 0 1 107 160 87 
-5959 -2804 676 5218 -3623 371 0 0 0 0 1 123 168 94 
-5852 -2797 634 6784 -4010 1192 0 0 0 0 1 136 139 81 
-5555 -2639 315 9047 -5471 2941 0 0 0 0 1 136 130 88 
-5162 -2260 -612 10403 -6740 4335 0 0 0 0 1 151 107 86 
-4389 -2782 -1497 12095 -8220 6844 0 0 0 0 1 173 79 87 
-4231 -3267 -2347 13714 -8516 9512 0 0 0 0 1 180 79 101 
-4185 -3903 -3837 14876 -8046 11340 0 0 0 0 1 182 77 91 
-3920 -5352 -4696 16429 -4726 14356 0 0 0 0 1 184 95 111 
-3866 -6419 -5960 17111 -1286 16478 0 0 0 0 1 174 103 97 
-3572 -7237 -6730 17285 4594 19555 0 0 0 0 1 153 115 79 
-3382 -8231 -6146 15046 10369 20369 0 0 0 0 1 113 117 37 
-1510 -7901 -2999 10768 12370 16311 0 0 0 0 1 14 85 -13 
-922 -8831 1533 7742 9144 10513 0 0 0 0 1 -41 60 -24 
1443 -8115 5848 1998 612 -247 0 0 0 0 1 -44 31 -13 
479 -7708 5318 -4308 -7884 -8369 0 0 0 0 1 -33 41 -30 
406 -3927 213 -8096 -11609 -10070 0 0 0 0 1 5 47 -15 
261 -2529 -2937 -11308 -11627 -8252 0 0 0 0 1 89 88 25 
1366 -1681 -5774 -9994 -6317 -4876 0 0 0 0 1 115 110 53 
2064 -2351 -5417 -7611 -2019 -3196 0 0 0 0 1 133 141 82 
1339 -2693 -4022 -4174 3399 -2069 0 0 0 0 1 130 141 75 
199 -2386 -2146 -2710 4844 -1909 0 0 0 0 1 126 145 77 
-169 -2551 -477 -2296 5014 -2101 0 0 0 0 1 115 137 72 
-419 -2638 883 -2860 4277 -2741 0 0 0 0 1 110 142 51 
-497 -2290 349 -3014 3783 -3194 0 0 0 0 1 97 160 59 
-331 -1928 -431 -2648 3162 -3475 0 0 0 0 1 84 154 58 
-275 -1141 -1630 -1978 2723 -3235 0 0 0 0 1 86 160 54 
-350 -847 -2003 -1590 2700 -2908 0 0 0 0 1 87 157 55 
-454 -665 -2161 -1273 2933 -2384 0 0 0 0 1 87 149 44 
-774 -739 -2249 -1239 3039 -2141 0 0 0 0 1 79 150 52 
-1067 -872 -2208 -1434 3058 -2140 0 0 0 0 1 73 142 41 
-1770 -923 -2107 -1703 2847 -2656 0 0 0 0 1 71 155 33 
-1876 -759 -2046 -1841 2421 -3110 0 0 0 0 1 55 160 33 
-1842 -472 -2100 -1894 1469 -3629 0 0 0 0 1 71 153 38 
-1531 366 -2327 -1802 706 -3791 0 0 0 0 1 67 163 43 
-1296 803 -2242 -1753 427 -3708 0 0 0 0 1 68 152 34 
-1267 963 -2204 -1701 280 -3493 0 0 0 0 1 75 144 58 
-1522 869 -2058 -1695 309 -3356 0 0 0 0 1 80 161 41 
-1821 677 -1985 -1719 539 -3225 0 0 0 0 1 89 149 58 
-2196 543 -1635 -1784 667 -3143 0 0 0 0 1 92 137 51 
-2428 513 -1410 -1900 359 -3046 0 0 0 0 1 101 139 65 
-2777 674 -1208 -1935 130 -3102 0 0 0 0 1 100 143 57 
-3068 730 -1046 -1899 176 -3192 0 0 0 0 1 97 141 50 
-3253 703 -985 -1802 331 -3303 0 0 0 0 1 106 139 62 
-3659 537 -610 -1794 318 -3309 0 0 0 0 1 107 138 61 
-3942 421 -312 -1901 -129 -3120 0 0 0 0 1 108 142 65 
-4349 288 -328 -1913 -597 -2717 0 0 0 0 1 121 136 73 
-4422 353 -432 -1786 -393 -2353 0 0 0 0 1 117 142 72 
-4416 448 -334 -1480 841 -1692 0 0 0 0 1 127 142 74 
-4236 565 -234 -1231 1881 -1155 0 0 0 0 1 117 134 76 
-4183 637 -247 -856 2922 -275 0 0 0 0 1 114 141 68 
-4265 447 201 -750 3331 603 0 0 0 0 1 115 142 58 
-4350 183 724 -793 3299 1190 0 0 0 0 1 93 145 57 
-4511 171 889 -735 2646 1919 0 0 0 0 1 74 155 43 
-4864 441 603 -425 1979 2210 0 0 0 0 1 62 155 50 
-5016 681 336 392 1388 2268 0 0 0 0 1 63 159 46 
-4951 1006 -59 1265 1484 2009 0 0 0 0 1 51 164 46 
-4909 1068 -206 1641 1513 1765 0 0 0 0 1 46 160 26 
-4988 1018 -299 1680 1271 1318 0 0 0 0 1 30 157 44 
-5294 692 -5 1253 1083 948 0 0 0 0 1 28 161 30 
-5450 474 391 20 755 317 0 0 0 0 1 22 141 26 
-5701 502 476 -902 306 -139 0 0 0 0 1 22 145 26 
-5779 676 282 -1989 -547 -793 0 0 0 0 1 27 148 31 
-5844 897 -314 -2439 -1463 -1301 0 0 0 0 1 23 161 41 
-5798 1066 -903 -2436 -1796 -1526 0 0 0 0 1 40 169 46 
-5490 1001 -947 -2272 -1749 -1628 0 0 0 0 1 47 161 55 
-5258 933 -807 -2170 -1619 -1453 0 0 0 0 1 55 172 57 
-4872 828 -711 -2140 -1433 -1149 0 0 0 0 1 80 174 65 
-4714 797 -734 -2140 -1178 -942 0 0 0 0 1 82 186 79 
-4601 768 -791 -2142 -739 -677 0 0 0 0 1 74 180 73 
-4493 961 -741 -2213 -402 -510 0 0 0 0 1 87 193 88 
-4369 1263 -736 -2287 -413 -387 0 0 0 0 1 87 201 97 
-3968 1656 -716 -2421 -629 44 0 0 0 0 1 82 196 107 
-3242 2181 -507 -2532 -826 505 0 0 0 0 1 92 206 104 
-2668 2101 -227 -2707 -1002 1419 0 0 0 0 1 87 223 128 
-2335 1738 -6 -2802 -127 2450 0 0 0 0 1 88 226 129 
-1957 1050 477 -2798 941 3054 0 0 0 0 1 82 235 139 
-2162 538 784 -2664 2589 3638 0 0 0 0 1 49 250 135 
-2741 7 2238 -2580 3178 3894 0 0 0 0 1 48 248 147 
-3292 -200 3269 -1943 1759 4237 0 0 0 0 1 40 269 158 
-4674 -122 4092 187 -2142 4098 0 0 0 0 1 24 275 159 
-6059 6 4585 2340 -5169 3599 0 0 0 0 1 7 284 158 
-6278 -148 4451 5672 -9870 2648 0 0 0 0 1 28 277 146 
-5927 -1210 3992 7340 -13000 2227 0 0 0 0 1 50 263 145 
-5378 -1874 3003 9141 -16281 2499 0 0 0 0 1 60 258 140 
-4029 -3270 477 10277 -15611 3457 0 0 0 0 1 83 231 129 
-3473 -3680 -3147 12733 -11189 6239 0 0 0 0 1 95 224 122 
-4513 -3902 -5196 15565 -3825 9396 0 0 0 0 1 90 231 105 
-7261 -5030 -5537 16223 394 10889 0 0 0 0 1 57 170 43 
-8561 -6869 -5204 14680 1455 11273 0 0 0 0 1 42 149 23 
-5889 -8813 -4787 10691 4065 10755 0 0 0 0 1 18 110 0 
26 -10405 -5571 7850 6122 10002 0 0 0 0 1 -21 93 -13 
1982 -10065 -4815 4384 5392 6017 0 0 0 0 1 -48 74 -33 
1394 -8416 -1978 903 1586 -792 0 0 0 0 1 -66 56 -32 
1932 -6457 -762 -3542 -2175 -5266 0 0 0 0 1 -68 61 -18 
1624 -5436 -195 -6817 -4255 -6180 0 0 0 0 1 -57 87 -26 
429 -4257 -765 -9907 -4967 -6427 0 0 0 0 1 -18 110 -11 
-528 -3199 -4397 -8992 -2436 -6474 0 0 0 0 1 11 137 6 
-59 -3168 -4513 -7067 41 -6210 0 0 0 0 1 21 161 34 
149 -3101 -1980 -4529 3738 -5535 0 0 0 0 1 25 169 41 
-526 -2587 -83 -3290 4606 -5291 0 0 0 0 1 35 183 41 
-1411 -1691 1411 -2958 3103 -5263 0 0 0 0 1 35 191 55 
-1201 -1319 1156 -2629 738 -4865 0 0 0 0 1 38 177 36 
-818 -864 -412 -2253 282 -4453 0 0 0 0 1 35 183 65 
-794 -608 -1546 -1564 988 -3889 0 0 0 0 1 56 198 69 
-808 -557 -1722 -1153 2056 -3453 0 0 0 0 1 56 191 69 
-1015 -478 -1495 -1131 2538 -3314 0 0 0 0 1 55 177 50 
-1372 -457 -1283 -1323 2589 -3433 0 0 0 0 1 58 188 51 
-1497 -389 -1114 -1629 1960 -3868 0 0 0 0 1 63 188 60 
-1663 -141 -1147 -1768 1441 -4273 0 0 0 0 1 70 186 69 
-1768 33 -1470 -1723 1055 -4935 0 0 0 0 1 64 175 59 
-1860 420 -1738 -1571 1264 -5306 0 0 0 0 1 83 180 61 
-1780 590 -1623 -1335 1608 -5579 0 0 0 0 1 81 170 61 
-1839 709 -1318 -1348 1391 -5614 0 0 0 0 1 89 159 65 
-1993 856 -868 -1525 980 -5502 0 0 0 0 1 101 159 72 
-2105 814 -841 -1887 290 -5158 0 0 0 0 1 110 147 53 
-2387 835 -1006 -2132 -20 -4894 0 0 0 0 1 122 154 58 
-2899 821 -1487 -2150 282 -4787 0 0 0 0 1 116 138 68 
-2981 668 -1715 -2024 1629 -4546 0 0 0 0 1 125 130 69 
-3304 538 -1622 -1922 3291 -4090 0 0 0 0 1 130 131 64 
-3470 445 -1009 -2072 3848 -3560 0 0 0 0 1 123 128 50 
-3647 457 -589 -2532 3331 -2577 0 0 0 0 1 109 128 57 
-4155 460 -660 -2790 2700 -1771 0 0 0 0 1 103 127 55 
-4602 294 -1059 -2712 2762 -1401 0 0 0 0 1 97 133 59 
-4891 272 -1397 -2330 3220 -1033 0 0 0 0 1 94 144 55 
-5301 -34 -1442 -2093 3443 -865 0 0 0 0 1 82 152 46 
-6014 -584 -1173 -1979 3282 -803 0 0 0 0 1 70 154 39 
-6496 -844 -971 -2156 2543 -1011 0 0 0 0 1 60 155 52 
-6920 -954 -1045 -2278 1726 -1232 0 0 0 0 1 61 166 53 
-7172 -909 -1236 -2280 690 -1653 0 0 0 0 1 56 169 58 
-7057 -951 -1415 -2118 93 -1976 0 0 0 0 1 53 175 57 
-6977 -1004 -1401 -2017 -221 -2115 0 0 0 0 1 71 168 64 
-6743 -1244 -1283 -1969 -734 -2189 0 0 0 0 1 73 176 65 
-6573 -1598 -1109 -1956 -1150 -2133 0 0 0 0 1 83 172 66 
-6507 -1668 -959 -1897 -1764 -1955 0 0 0 0 1 96 183 76 
-6291 -1508 -741 -1653 -2539 -1607 0 0 0 0 1 109 172 94 
-5904 -1146 -765 -1311 -3076 -1306 0 0 0 0 1 108 174 88 
-5792 -900 -945 -598 -3771 -1002 0 0 0 0 1 123 175 103 
-5649 -781 -1078 7 -4446 -932 0 0 0 0 1 128 172 122 
-5151 -1020 -942 186 -4666 -910 0 0 0 0 1 141 174 121 
-4712 -1160 -652 46 -4467 -795 0 0 0 0 1 162 169 139 
-4001 -1347 -229 -192 -3911 -602 0 0 0 0 1 173 168 159 
-3173 -1596 191 -507 -2076 142 0 0 0 0 1 182 182 161 
-1983 -1973 786 -330 302 1288 0 0 0 0 1 174 166 167 
-2043 -2024 977 132 1659 2017 0 0 0 0 1 168 180 171 
-2871 -1886 1665 1271 2287 3026 0 0 0 0 1 163 175 147 
-3616 -1893 2568 2325 1456 3838 0 0 0 0 1 153 183 149 
-4407 -1454 3349 4484 -1634 5214 0 0 0 0 1 147 182 143 
-5347 -1226 3091 6511 -4325 6085 0 0 0 0 1 139 196 137 
-5975 -1207 2766 9545 -7420 6874 0 0 0 0 1 142 185 131 
-6317 -2380 2669 10935 -8945 7187 0 0 0 0 1 148 186 125 
-6301 -3555 1715 12125 -10716 7333 0 0 0 0 1 146 171 121 
-5886 -4181 629 12853 -11282 7595 0 0 0 0 1 148 161 128 
-5052 -6440 -3441 13912 -10262 8423 0 0 0 0 1 156 160 122 
-4441 -7998 -6826 15908 -3414 10447 0 0 0 0 1 158 166 118 
-2698 -9338 -9604 16194 2603 12454 0 0 0 0 1 113 157 67 
-1504 -9261 -9493 13564 9522 14718 0 0 0 0 1 70 152 23 
991 -8751 -7000 8581 11964 13140 0 0 0 0 1 4 137 9 
2271 -8280 -3478 5493 10201 9320 0 0 0 0 1 -55 116 -15 
2877 -7226 825 1237 2350 1670 0 0 0 0 1 -70 90 -18 
3063 -6278 577 -1752 -3113 -2747 0 0 0 0 1 -53 94 -15 
2549 -4706 -1532 -5982 -7473 -6687 0 0 0 0 1 -47 105 -9 
1452 -3607 -4042 -8082 -6107 -7943 0 0 0 0 1 22 148 17 
1466 -3064 -4684 -7107 -1157 -7501 0 0 0 0 1 47 157 39 
1530 -2604 -3714 -5676 1650 -6661 0 0 0 0 1 55 168 47 
1081 -2165 -2205 -4158 3406 -5223 0 0 0 0 1 55 185 54 
521 -1662 -75 -3791 2205 -3827 0 0 0 0 1 67 175 57 
118 -1268 99 -3593 1411 -3175 0 0 0 0 1 67 170 61 
-73 -1195 -541 -2812 1253 -2643 0 0 0 0 1 62 190 54 
-156 -1125 -1104 -2193 1408 -2444 0 0 0 0 1 62 197 77 
-190 -1129 -1097 -1599 1456 -2285 0 0 0 0 1 69 182 80 
-385 -1127 -853 -1620 1061 -2414 0 0 0 0 1 76 190 71 
-759 -1078 -786 -1848 511 -2675 0 0 0 0 1 83 185 75 
-868 -1000 -843 -2332 -27 -3203 0 0 0 0 1 80 191 81 
-910 -692 -1079 -2637 -35 -3582 0 0 0 0 1 88 187 75 
-690 -489 -1346 -2887 261 -3976 0 0 0 0 1 106 183 88 
-575 -439 -1313 -2956 613 -4141 0 0 0 0 1 119 185 89 
-694 -260 -1214 -2864 678 -4247 0 0 0 0 1 113 193 97 
-929 -149 -1284 -2719 752 -4306 0 0 0 0 1 116 180 108 
-1062 -151 -1303 -2444 1181 -4377 0 0 0 0 1 130 175 103 
-1314 -106 -1038 -2267 1614 -4403 0 0 0 0 1 128 177 112 
-1477 57 -625 -2255 1710 -4377 0 0 0 0 1 143 176 107 
-1508 226 -368 -2359 1554 -4228 0 0 0 0 1 141 159 107 
-1684 568 -123 -2469 1243 -4062 0 0 0 0 1 149 155 115 
-1788 541 -309 -2549 647 -3680 0 0 0 0 1 163 153 108 
-2021 444 -588 -2347 690 -3359 0 0 0 0 1 159 141 119 
-2565 234 -959 -2083 1274 -3229 0 0 0 0 1 161 145 112 
-2766 29 -1028 -1654 2573 -3009 0 0 0 0 1 161 141 108 
-3106 -221 -834 -1404 3583 -2772 0 0 0 0 1 165 134 102 
-3553 -154 -418 -1423 3769 -2613 0 0 0 0 1 140 121 108 
-3820 -156 -231 -1688 3312 -2328 0 0 0 0 1 140 131 94 
-4281 -249 -200 -1925 2852 -2054 0 0 0 0 1 142 126 84 
-4452 -651 -467 -2150 2621 -1428 0 0 0 0 1 129 144 83 
-4659 -795 -733 -2060 2995 -796 0 0 0 0 1 126 133 80 
-5129 -822 -1084 -1833 3368 -495 0 0 0 0 1 128 141 75 
-5507 -763 -1297 -1408 3672 -226 0 0 0 0 1 115 157 60 
-5870 -883 -1386 -1193 3510 -84 0 0 0 0 1 92 152 67 
-6180 -1065 -1413 -1058 2912 -24 0 0 0 0 1 90 158 61 
-6598 -1364 -1450 -1202 2073 -183 0 0 0 0 1 83 153 66 
-6855 -1550 -1443 -1396 1287 -364 0 0 0 0 1 80 157 67 
-6818 -1739 -1548 -1672 528 -661 0 0 0 0 1 80 157 55 
-6619 -1754 -1606 -1807 499 -878 0 0 0 0 1 76 153 54 
-6262 -1615 -1462 -1834 424 -905 0 0 0 0 1 74 172 71 
-5976 -1534 -1300 -1788 104 -753 0 0 0 0 1 77 171 83 
-5676 -1415 -1324 -1535 -88 -543 0 0 0 0 1 80 186 72 
-5646 -1391 -1455 -1262 -166 -430 0 0 0 0 1 88 182 77 
-5662 -1360 -1779 -732 -210 -303 0 0 0 0 1 88 185 82 
-5659 -1241 -1809 -453 -145 -236 0 0 0 0 1 86 182 82 
-5489 -1087 -1748 -277 -212 -81 0 0 0 0 1 90 185 82 
-5232 -977 -1676 -350 -369 177 0 0 0 0 1 83 175 84 
-4794 -841 -1496 -485 -436 362 0 0 0 0 1 96 181 95 
-4526 -755 -1479 -591 -581 599 0 0 0 0 1 81 172 73 
-4117 -714 -1247 -535 -735 728 0 0 0 0 1 82 181 90 
-3960 -829 -1076 -402 -846 761 0 0 0 0 1 95 190 105 
-3827 -961 -859 -41 -1039 714 0 0 0 0 1 93 197 98 
-3738 -1071 -669 325 -1163 635 0 0 0 0 1 109 187 96 
-3678 -1165 -546 996 -1105 559 0 0 0 0 1 109 192 96 
-3555 -1279 53 1675 -1035 822 0 0 0 0 1 99 193 86 
-3429 -1395 663 2136 -1280 1307 0 0 0 0 1 97 182 94 
-3629 -1037 1600 2863 -2980 2713 0 0 0 0 1 107 180 84 
-3499 -810 977 4047 -5062 4188 0 0 0 0 1 112 177 82 
-4011 -511 72 7012 -6488 6209 0 0 0 0 1 115 169 93 
-4452 -427 -656 9103 -6536 7493 0 0 0 0 1 120 166 97 
-4490 -570 -808 11604 -7503 9686 0 0 0 0 1 122 157 86 
-4416 -511 -1080 13415 -8881 12318 0 0 0 0 1 126 150 75 
-4572 -2002 -1558 14331 -8246 14202 0 0 0 0 1 112 148 73 
-5558 -4485 -2850 14827 -4074 16886 0 0 0 0 1 103 132 62 
-6367 -5801 -3087 13099 1761 18563 0 0 0 0 1 87 144 44 
-7689 -8261 -3293 10977 4714 18286 0 0 0 0 1 51 115 18 
-4535 -10866 -3645 7668 8336 16234 0 0 0 0 1 -41 96 -12 
-88 -11230 -3044 5305 9520 13074 0 0 0 0 1 -69 72 -17 
2582 -10540 832 4153 7663 9207 0 0 0 0 1 -113 53 -20 
2567 -10157 3264 2453 555 1297 0 0 0 0 1 -119 50 -22 
1617 -8242 3012 572 -4357 -3649 0 0 0 0 1 -112 42 -17 
910 -5610 991 -4359 -8824 -7740 0 0 0 0 1 -84 44 -30 
441 -4373 -169 -9657 -9296 -7870 0 0 0 0 1 -51 61 -23 
55 -2596 -3571 -11026 -7193 -7123 0 0 0 0 1 14 112 9 
713 -2792 -5567 -9476 -2488 -6098 0 0 0 0 1 37 154 23 
725 -3255 -5082 -6274 1982 -5663 0 0 0 0 1 56 176 48 
237 -3242 -3176 -4492 3750 -5589 0 0 0 0 1 41 177 43 
-122 -3034 -1273 -3387 4367 -5656 0 0 0 0 1 50 182 52 
-702 -2480 815 -3507 3711 -5869 0 0 0 0 1 56 174 55 
-838 -2128 1041 -3969 2010 -6219 0 0 0 0 1 54 193 60 
-858 -1556 341 -4084 1060 -6352 0 0 0 0 1 61 183 65 
-578 -991 -498 -3902 143 -6200 0 0 0 0 1 90 185 73 
-413 -816 -765 -3542 -209 -5684 0 0 0 0 1 90 180 89 
-379 -484 -889 -3283 -221 -5260 0 0 0 0 1 109 180 87 
-378 -308 -982 -2891 -191 -4540 0 0 0 0 1 122 176 97 
-578 -215 -1125 -2537 318 -3902 0 0 0 0 1 126 177 110 
-799 -131 -1116 -2358 993 -3630 0 0 0 0 1 119 170 103 
-1055 -76 -1094 -2195 1875 -3429 0 0 0 0 1 138 180 110 
-1369 -96 -953 -2179 2327 -3373 0 0 0 0 1 141 176 102 
-1612 -75 -655 -2346 2780 -3339 0 0 0 0 1 134 174 95 
-1978 142 -436 -2490 2756 -3277 0 0 0 0 1 138 153 98 
-2148 345 -367 -2637 2400 -3017 0 0 0 0 1 128 170 101 
-2224 389 -382 -2639 2077 -2789 0 0 0 0 1 143 147 95 
-2540 583 -575 -2437 1671 -2477 0 0 0 0 1 136 157 86 
-2724 500 -736 -2170 1721 -2334 0 0 0 0 1 130 150 98 
-2805 410 -687 -1734 2483 -2199 0 0 0 0 1 138 153 98 
-2989 309 -643 -1468 3046 -2130 0 0 0 0 1 115 149 88 
-3142 277 -694 -1134 3383 -2041 0 0 0 0 1 123 158 87 
-3515 347 -494 -1024 3346 -1980 0 0 0 0 1 117 152 76 
-3640 459 -381 -968 2788 -1728 0 0 0 0 1 104 158 73 
-3777 431 -741 -850 2399 -1435 0 0 0 0 1 106 161 65 
-4022 441 -902 -576 2515 -994 0 0 0 0 1 102 160 71 
-4389 232 -1033 -277 3093 -684 0 0 0 0 1 89 152 58 
-4494 136 -1096 -138 3495 -591 0 0 0 0 1 84 152 62 
-5036 -171 -1137 -118 3796 -666 0 0 0 0 1 74 160 50 
-5449 -322 -1090 -232 3647 -773 0 0 0 0 1 56 142 32 
-6521 -1206 -1921 -995 -474 -2620 0 0 0 0 1 50 170 29 
-6497 -1278 -2151 -992 -1347 -3135 0 0 0 0 1 58 157 53 
-6284 -1227 -2286 -939 -1858 -3312 0 0 0 0 1 68 164 41 
-5868 -1192 -2409 -745 -2345 -3251 0 0 0 0 1 93 141 52 
-5057 -1230 -2564 -397 -2305 -2872 0 0 0 0 1 103 149 58 
-4699 -1294 -2623 -100 -2030 -2491 0 0 0 0 1 117 137 65 
-4392 -1405 -2475 253 -1519 -1829 0 0 0 0 1 117 130 69 
-4248 -1349 -2229 429 -1590 -1255 0 0 0 0 1 138 131 66 
-4079 -1357 -1971 462 -1833 -948 0 0 0 0 1 139 130 76 
-3889 -1400 -1979 561 -2010 -599 0 0 0 0 1 143 117 69 
-3807 -1553 -2057 792 -1759 -330 0 0 0 0 1 151 115 76 
-3612 -1744 -1630 895 -1399 -104 0 0 0 0 1 151 115 88 
-3538 -1637 -1148 922 -1244 456 0 0 0 0 1 159 106 96 
-3246 -1292 -55 881 -1543 1147 0 0 0 0 1 165 103 97 
-2928 -603 726 1111 -2870 3117 0 0 0 0 1 159 114 101 
-2066 -303 687 1914 -3338 5120 0 0 0 0 1 173 109 98 
-2596 -155 453 3962 -2005 8177 0 0 0 0 1 171 123 112 
-3924 221 -252 5558 -1538 10159 0 0 0 0 1 154 141 101 
-4918 843 -382 7547 -2409 12968 0 0 0 0 1 161 148 96 
-5457 645 98 8332 -3505 14788 0 0 0 0 1 115 179 81 
-6269 396 144 9054 -5387 16987 0 0 0 0 1 99 183 65 
-6425 -414 -1176 9553 -5976 18286 0 0 0 0 1 68 188 67 
-6589 -1736 -1717 9814 -4506 20057 0 0 0 0 1 53 185 52 
-7676 -4592 -2870 8912 -1091 20606 0 0 0 0 1 17 187 47 
-8493 -7488 -2695 7433 869 19683 0 0 0 0 1 -21 166 32 
-7992 -9758 -2305 4672 3126 16642 0 0 0 0 1 -86 128 3 
-1620 -12475 -1687 2794 4817 12981 0 0 0 0 1 -125 120 6 
-440 -12251 -1284 2362 4890 9677 0 0 0 0 1 -154 101 5 
1997 -11213 822 2250 1838 3962 0 0 0 0 1 -163 94 3 
2604 -8884 1927 1660 -2070 236 0 0 0 0 1 -167 76 0 
1915 -6915 -52 -1149 -7334 -4117 0 0 0 0 1 -148 71 -6 
1086 -5178 -1382 -4336 -8043 -5967 0 0 0 0 1 -119 89 -10 
650 -4588 -1788 -8815 -6176 -7660 0 0 0 0 1 -89 103 -9 
302 -3523 -3126 -10077 -3136 -8507 0 0 0 0 1 -33 181 13 
681 -3289 -4126 -9013 -1341 -8678 0 0 0 0 1 -8 185 50 
893 -3286 -4045 -6200 1151 -8359 0 0 0 0 1 17 212 61 
838 -3005 -2573 -4537 2184 -7757 0 0 0 0 1 28 213 69 
637 -2778 -1462 -3151 2273 -6540 0 0 0 0 1 34 214 71 
-145 -2316 -417 -2813 1922 -5646 0 0 0 0 1 40 220 93 
-613 -2059 -273 -2777 1722 -5320 0 0 0 0 1 48 219 94 
-1043 -1664 -510 -2678 1549 -5107 0 0 0 0 1 50 217 89 
-1228 -1289 -630 -2580 1466 -5075 0 0 0 0 1 83 217 94 
-1291 -1027 -699 -2453 1230 -5107 0 0 0 0 1 82 210 100 
-1347 -630 -920 -2377 1161 -5142 0 0 0 0 1 108 210 109 
-1252 -271 -1184 -2239 1403 -5027 0 0 0 0 1 96 201 109 
-1224 -158 -1432 -2009 1876 -4647 0 0 0 0 1 116 209 110 
-1220 62 -1648 -1791 2391 -4286 0 0 0 0 1 122 191 109 
-1505 101 -1638 -1478 3074 -3757 0 0 0 0 1 116 187 112 
-1809 344 -1293 -1368 3531 -3352 0 0 0 0 1 110 186 109 
-1933 391 -1208 -1403 3751 -3216 0 0 0 0 1 109 182 98 
-2189 456 -1143 -1467 3966 -3102 0 0 0 0 1 102 175 87 
-2353 530 -1145 -1492 4043 -2986 0 0 0 0 1 107 172 82 
-2487 416 -1240 -1460 3943 -2735 0 0 0 0 1 101 171 81 
-2734 574 -1168 -1437 3640 -2552 0 0 0 0 1 101 174 69 
-2950 666 -1028 -1420 3018 -2337 0 0 0 0 1 96 169 69 
-3101 755 -1049 -1399 2634 -2249 0 0 0 0 1 87 171 62 
-3100 800 -1179 -1215 2491 -2069 0 0 0 0 1 92 171 69 
-3114 829 -1565 -857 3178 -1769 0 0 0 0 1 69 165 64 
-3413 846 -1754 -602 3723 -1558 0 0 0 0 1 71 170 54 
-3690 790 -1781 -317 4150 -1320 0 0 0 0 1 62 175 45 
-4169 695 -1537 -282 4099 -1270 0 0 0 0 1 50 170 54 
-4507 637 -1515 -358 3625 -1391 0 0 0 0 1 40 164 37 
-4862 477 -1608 -515 3432 -1694 0 0 0 0 1 38 165 43 
-5178 413 -1593 -681 3405 -1938 0 0 0 0 1 33 157 39 
-5345 391 -1512 -1042 3051 -2221 0 0 0 0 1 21 164 32 
-5515 401 -1250 -1322 2609 -2341 0 0 0 0 1 11 164 44 
-5677 350 -1300 -1540 1915 -2463 0 0 0 0 1 9 174 32 
-5872 147 -1653 -1465 1606 -2509 0 0 0 0 1 15 175 45 
-6034 -61 -2015 -1057 1590 -2540 0 0 0 0 1 14 169 39 
-6163 -268 -1961 -658 1862 -2562 0 0 0 0 1 12 175 36 
-6236 -344 -1880 -572 1580 -2582 0 0 0 0 1 12 168 45 
-6431 -649 -1713 -741 262 -2662 0 0 0 0 1 16 176 46 
-6403 -1195 -1789 -941 -547 -2737 0 0 0 0 1 9 181 44 
-6218 -1492 -2052 -1107 -983 -2821 0 0 0 0 1 31 158 47 
-6008 -1696 -2227 -1113 -976 -2841 0 0 0 0 1 42 174 55 
-5866 -1633 -2114 -1032 -1277 -2720 0 0 0 0 1 53 168 45 
-5445 -1274 -1642 -923 -2018 -2352 0 0 0 0 1 68 174 55 
-5216 -1069 -1579 -778 -2631 -1965 0 0 0 0 1 71 182 64 
-4933 -1003 -1693 -360 -3116 -1255 0 0 0 0 1 81 165 77 
-4563 -1119 -1861 1 -2791 -827 0 0 0 0 1 94 171 76 
-4347 -1235 -2001 512 -1954 -326 0 0 0 0 1 106 164 90 
-4038 -1268 -1723 685 -1512 -6 0 0 0 0 1 101 164 76 
-3960 -1232 -1583 566 -1675 126 0 0 0 0 1 109 160 87 
-3803 -1051 -1197 246 -2194 249 0 0 0 0 1 117 159 97 
-3659 -883 -1077 155 -2569 380 0 0 0 0 1 125 157 83 
-3353 -713 -1298 456 -2896 664 0 0 0 0 1 133 163 91 
-3427 -741 -1062 1063 -3029 916 0 0 0 0 1 145 153 112 
-3182 -869 -725 1547 -2994 1147 0 0 0 0 1 156 158 112 
-2974 -894 -385 2179 -2379 1646 0 0 0 0 1 146 159 111 
-2388 -1044 465 2450 -1840 2264 0 0 0 0 1 147 163 108 
-2017 -1226 932 2764 -1372 3729 0 0 0 0 1 147 158 108 
-2268 -1524 1593 3078 -1314 4911 0 0 0 0 1 141 159 111 
-2844 -1250 1460 4424 -2793 6852 0 0 0 0 1 140 165 105 
-3558 -737 566 6146 -4577 8199 0 0 0 0 1 132 174 107 
-4095 -210 279 9360 -7496 10084 0 0 0 0 1 126 182 91 
-4252 -895 -490 12821 -9667 11852 0 0 0 0 1 125 166 93 
-4175 -2779 -2547 14770 -8944 12998 0 0 0 0 1 130 168 91 
-3874 -3752 -3864 15790 -5443 15463 0 0 0 0 1 122 157 76 
-4153 -5434 -3769 14690 -1663 17434 0 0 0 0 1 90 158 50 
-6728 -8130 -5137 11791 3629 18778 0 0 0 0 1 56 152 27 
-6294 -9042 -5600 9106 7145 17345 0 0 0 0 1 17 138 8 
-999 -9391 -5621 7866 8954 15513 0 0 0 0 1 -42 110 -11 
1273 -8404 -4050 6439 9025 9903 0 0 0 0 1 -86 91 -8 
562 -6929 739 5091 7007 4182 0 0 0 0 1 -146 36 -9 
593 -6603 3079 1349 1978 -3538 0 0 0 0 1 -149 28 -15 
1329 -4649 3908 -2116 -2197 -6428 0 0 0 0 1 -136 46 -18 
1481 -3262 2857 -7028 -7557 -7465 0 0 0 0 1 -113 66 -16 
602 -1858 -1181 -8910 -8143 -6946 0 0 0 0 1 -74 104 -15 
139 -1521 -4834 -8203 -5967 -6622 0 0 0 0 1 -49 132 0 
534 -2308 -4937 -6018 -1791 -5970 0 0 0 0 1 -23 144 20 
579 -2739 -4043 -4254 1251 -5121 0 0 0 0 1 -4 179 37 
56 -2874 -2473 -3647 2332 -4750 0 0 0 0 1 7 181 46 
-411 -2721 -1662 -3408 2706 -4674 0 0 0 0 1 7 188 53 
-798 -2449 -996 -3468 2473 -4850 0 0 0 0 1 22 197 47 
-813 -2229 -973 -3533 2015 -5183 0 0 0 0 1 21 203 65 
-653 -1837 -1066 -3444 1679 -5439 0 0 0 0 1 22 214 61 
-606 -1330 -981 -3343 1480 -5566 0 0 0 0 1 41 212 75 
-532 -957 -944 -3137 1150 -5562 0 0 0 0 1 49 206 81 
-373 -617 -1018 -2863 925 -5322 0 0 0 0 1 66 210 81 
-434 -303 -1224 -2646 1029 -5120 0 0 0 0 1 73 215 81 
-515 -239 -1275 -2391 1638 -4925 0 0 0 0 1 77 203 86 
-841 -132 -1132 -2330 2084 -4949 0 0 0 0 1 94 198 104 
-966 -84 -998 -2390 2666 -5121 0 0 0 0 1 84 193 95 
-1448 10 -717 -2531 2915 -5410 0 0 0 0 1 99 196 102 
-1646 10 -587 -2613 2893 -5527 0 0 0 0 1 110 188 102 
-1817 181 -430 -2773 2823 -5510 0 0 0 0 1 121 180 105 
-1759 458 -142 -2910 2575 -5256 0 0 0 0 1 109 185 98 
-1802 525 -545 -2948 2052 -4333 0 0 0 0 1 120 179 100 
-2036 464 -927 -2523 2513 -3805 0 0 0 0 1 114 175 98 
-2540 235 -1433 -2081 3154 -3558 0 0 0 0 1 116 177 98 
-2931 -16 -1294 -1465 4339 -3276 0 0 0 0 1 109 170 94 
-3171 -85 -1227 -1080 4902 -3055 0 0 0 0 1 107 170 89 
-3505 -97 -1043 -988 4530 -2860 0 0 0 0 1 101 171 81 
-3961 -227 -1088 -1022 4105 -2804 0 0 0 0 1 92 159 74 
-4350 -267 -1084 -1154 3391 -2814 0 0 0 0 1 87 164 67 
-4762 -406 -1313 -1218 2440 -2758 0 0 0 0 1 81 155 64 
-5122 -568 -1658 -1180 2031 -2680 0 0 0 0 1 86 155 59 
-5411 -728 -1800 -1035 1709 -2563 0 0 0 0 1 84 164 72 
-5869 -1190 -1962 -871 1545 -2436 0 0 0 0 1 79 158 57 
-6282 -1821 -1974 -825 1566 -2353 0 0 0 0 1 88 165 59 
-6630 -2087 -1978 -890 1412 -2247 0 0 0 0 1 81 153 52 
-6995 -2275 -1624 -1061 1011 -2143 0 0 0 0 1 77 152 58 
-7197 -2194 -1590 -1237 -20 -1890 0 0 0 0 1 84 152 60 
-7336 -1988 -1894 -1044 -929 -1508 0 0 0 0 1 83 160 66 
-7164 -1938 -2054 -756 -1274 -1186 0 0 0 0 1 103 149 53 
-6889 -2028 -1808 -340 -1623 -644 0 0 0 0 1 96 157 72 
-6643 -2053 -1641 -95 -1870 -119 0 0 0 0 1 104 155 77 
-6044 -2079 -1290 -68 -1852 213 0 0 0 0 1 117 149 79 
-5602 -2052 -972 -188 -1804 624 0 0 0 0 1 107 153 82 
-5339 -1929 -936 -272 -2078 898 0 0 0 0 1 112 153 80 
-5056 -1594 -1002 -173 -2513 974 0 0 0 0 1 121 158 91 
-4647 -1345 -1017 -26 -2766 970 0 0 0 0 1 122 161 97 
-4312 -1223 -918 188 -2922 928 0 0 0 0 1 146 169 121 
-3983 -1190 -738 282 -2939 882 0 0 0 0 1 135 160 101 
-3474 -1299 -243 261 -2630 945 0 0 0 0 1 141 157 118 
-3060 -1263 195 25 -1834 1288 0 0 0 0 1 160 161 121 
-2435 -928 1248 -316 -1130 2076 0 0 0 0 1 143 154 128 
-2321 -887 1564 -447 -686 2875 0 0 0 0 1 156 170 129 
-2527 -362 2108 -254 -652 4656 0 0 0 0 1 149 195 140 
-2926 253 1368 1201 -951 7334 0 0 0 0 1 125 203 132 
-3647 802 1217 2688 -421 9301 0 0 0 0 1 107 209 133 
-4488 1015 1245 5251 -172 12457 0 0 0 0 1 83 239 129 
-6436 1663 2052 7030 -1316 14286 0 0 0 0 1 57 231 101 
-8104 1874 2009 10160 -5492 15910 0 0 0 0 1 27 231 94 
-8283 1323 690 13864 -10830 16543 0 0 0 0 1 4 228 74 
-7070 -1932 -329 15890 -12199 17436 0 0 0 0 1 1 160 29 
-6433 -3999 188 17168 -8031 20001 0 0 0 0 1 4 115 0 
-8430 -5880 1278 15797 -1912 21366 0 0 0 0 1 -11 78 -2 
-11750 -8437 3918 13166 -1436 20369 0 0 0 0 1 -31 28 -19 
-11341 -11743 6842 7047 -3913 16291 0 0 0 0 1 -15 -8 -24 
-5192 -16219 4540 1857 -7412 10903 0 0 0 0 1 -14 -9 -20 
-1473 -15367 135 -844 -8969 5949 0 0 0 0 1 43 -20 -10 
-3250 -7437 -10039 -2648 -5363 -3251 0 0 0 0 1 73 4 -9 
-1798 -5354 -15129 -1792 6715 -8870 0 0 0 0 1 60 3 -15 
-414 -6306 -3939 -3167 9491 -9877 0 0 0 0 1 44 -7 -27 
-2038 -5114 2919 -7803 5612 -10787 0 0 0 0 1 15 8 -26 
-2093 -4304 3913 -12569 1320 -10674 0 0 0 0 1 -9 31 -23 
-1692 -3881 2189 -14395 -1295 -9710 0 0 0 0 1 12 96 -1 
-1086 -3577 -317 -14082 -3703 -7496 0 0 0 0 1 22 138 10 
-906 -3561 -3459 -12089 -2805 -6492 0 0 0 0 1 54 157 46 
-968 -3466 -3925 -8168 1347 -6199 0 0 0 0 1 69 180 64 
-852 -3248 -3470 -4780 4906 -6310 0 0 0 0 1 75 188 79 
-677 -2630 -1736 -2929 6432 -6239 0 0 0 0 1 71 185 80 
-893 -1879 -337 -2493 6233 -6183 0 0 0 0 1 68 193 67 
-1045 -1515 242 -2693 4775 -6182 0 0 0 0 1 71 177 66 
-1039 -902 1019 -3445 3413 -6193 0 0 0 0 1 70 183 62 
-964 -466 742 -3830 2606 -6147 0 0 0 0 1 76 185 71 
-1069 -92 80 -3822 1772 -6000 0 0 0 0 1 74 182 75 
-1195 283 -937 -3091 1674 -5688 0 0 0 0 1 86 185 59 
-1290 417 -1589 -2371 2013 -5379 0 0 0 0 1 100 185 71 
-1407 552 -1485 -1415 3014 -4812 0 0 0 0 1 103 171 90 
-1572 702 -1315 -947 3433 -4343 0 0 0 0 1 107 160 73 
-1930 677 -1206 -638 3354 -3641 0 0 0 0 1 101 159 72 
-2481 673 -846 -726 2754 -3064 0 0 0 0 1 93 153 61 
-2642 631 -843 -841 2280 -2775 0 0 0 0 1 102 165 64 
-2790 592 -1113 -822 2016 -2372 0 0 0 0 1 87 139 65 
-2840 585 -1672 -548 2551 -1790 0 0 0 0 1 92 152 46 
-2912 590 -1872 -323 3146 -1311 0 0 0 0 1 86 165 54 
-3130 645 -1869 -46 3810 -613 0 0 0 0 1 69 143 47 
-3517 697 -1971 167 4107 -66 0 0 0 0 1 56 144 37 
-3679 630 -1907 236 4365 176 0 0 0 0 1 38 143 31 
-3898 482 -1886 247 4576 334 0 0 0 0 1 31 138 24 
-4265 356 -1867 197 4535 309 0 0 0 0 1 11 142 20 
-4487 370 -1814 41 4127 114 0 0 0 0 1 -25 147 13 
-4842 485 -1792 -77 3511 -69 0 0 0 0 1 -21 144 18 
-4962 500 -1862 -183 2443 -364 0 0 0 0 1 -29 148 8 
-5301 436 -2166 -125 1624 -720 0 0 0 0 1 -29 148 15 
-5578 165 -2601 4 1354 -1186 0 0 0 0 1 -46 141 22 
-5979 -100 -2978 29 1140 -1577 0 0 0 0 1 -44 142 16 
-6103 -283 -2916 -243 410 -2146 0 0 0 0 1 -51 154 13 
-6214 -515 -2484 -660 -182 -2488 0 0 0 0 1 -38 150 26 
-6179 -560 -2442 -1286 -976 -2899 0 0 0 0 1 -38 150 19 
-5982 -488 -2763 -1571 -1286 -3138 0 0 0 0 1 -17 145 17 
-5728 -459 -2941 -1535 -1364 -3136 0 0 0 0 1 -21 147 30 
-5640 -608 -2832 -1415 -1417 -3038 0 0 0 0 1 0 152 25 
-5604 -650 -2820 -1080 -1716 -2783 0 0 0 0 1 7 159 30 
-5654 -679 -3087 -551 -2292 -2479 0 0 0 0 1 30 157 32 
-5572 -661 -2739 -123 -2986 -2156 0 0 0 0 1 41 158 38 
-5409 -576 -2558 84 -3621 -1918 0 0 0 0 1 48 158 45 
-5108 -536 -2369 298 -4506 -1502 0 0 0 0 1 63 144 44 
-4571 -562 -2069 394 -4774 -1193 0 0 0 0 1 101 142 65 
-4123 -632 -1744 529 -4727 -726 0 0 0 0 1 114 145 64 
-3915 -695 -1589 693 -4503 -296 0 0 0 0 1 122 144 83 
-3681 -736 -1162 774 -4297 -39 0 0 0 0 1 133 138 77 
-3451 -720 -906 855 -3989 369 0 0 0 0 1 151 139 97 
-2959 -802 -105 836 -3393 897 0 0 0 0 1 147 133 96 
-2460 -759 621 703 -2715 1483 0 0 0 0 1 151 132 104 
-2006 -596 863 741 -1978 2713 0 0 0 0 1 160 127 116 
-2190 -339 881 1026 -1655 3527 0 0 0 0 1 159 153 119 
-2458 -26 1358 1699 -1655 4828 0 0 0 0 1 155 147 118 
-2748 114 1363 2543 -2315 5852 0 0 0 0 1 143 159 118 
-3170 132 1440 4392 -3332 7418 0 0 0 0 1 149 177 124 
-3813 473 1355 6811 -3890 8817 0 0 0 0 1 141 176 109 
-4110 106 407 8651 -4583 9761 0 0 0 0 1 136 181 114 
-4482 301 631 10755 -5696 11058 0 0 0 0 1 117 186 111 
-4691 -684 897 11571 -6799 12106 0 0 0 0 1 99 169 90 
-5090 -2067 633 12208 -7721 13849 0 0 0 0 1 97 175 77 
-5493 -3130 222 11952 -4240 15302 0 0 0 0 1 79 168 64 
-6831 -4556 -788 11167 -1016 15622 0 0 0 0 1 51 164 41 
-8347 -6067 -478 9097 1595 14105 0 0 0 0 1 34 150 24 
-7962 -8321 -321 7160 2437 11374 0 0 0 0 1 7 134 18 
-1375 -11047 -3829 7221 3735 10474 0 0 0 0 1 -44 110 -9 
3987 -9614 -4546 8253 6933 8907 0 0 0 0 1 -70 83 -30 
2171 -7549 -1978 7487 5150 2969 0 0 0 0 1 -103 46 -16 
-98 -6041 2714 3157 103 -4369 0 0 0 0 1 -101 9 -16 
463 -5436 2824 -1145 -3180 -7390 0 0 0 0 1 -100 15 -19 
759 -4669 2350 -8062 -7244 -8418 0 0 0 0 1 -83 23 -10 
524 -2707 -121 -11408 -8507 -7677 0 0 0 0 1 -24 96 -10 
290 -2340 -3931 -12519 -6550 -6313 0 0 0 0 1 9 130 9 
322 -2793 -5668 -9588 -1862 -5958 0 0 0 0 1 23 159 30 
130 -3714 -5214 -5795 3071 -6205 0 0 0 0 1 43 180 47 
25 -3778 -2823 -4048 5027 -6232 0 0 0 0 1 40 193 55 
-289 -3531 -821 -3257 5127 -6205 0 0 0 0 1 40 193 72 
-820 -2761 796 -3732 3252 -6439 0 0 0 0 1 43 197 64 
-680 -2317 562 -4096 2382 -6640 0 0 0 0 1 60 192 73 
-531 -1889 -157 -4051 2118 -6823 0 0 0 0 1 63 188 69 
-302 -1412 -1092 -3661 2435 -6827 0 0 0 0 1 68 210 86 
-258 -1067 -1312 -2879 3120 -6655 0 0 0 0 1 77 196 88 
-243 -577 -1251 -2223 3224 -6216 0 0 0 0 1 90 202 94 
-333 -261 -1110 -1966 2921 -5845 0 0 0 0 1 92 186 88 
-569 -45 -988 -1840 2427 -5418 0 0 0 0 1 95 175 89 
-953 -14 -1571 -1724 2328 -5119 0 0 0 0 1 97 170 73 
-985 -93 -2005 -1550 2728 -4917 0 0 0 0 1 103 176 72 
-1304 -27 -2303 -1210 3763 -4696 0 0 0 0 1 102 165 66 
-1705 32 -2275 -1086 4328 -4587 0 0 0 0 1 102 160 68 
-2095 157 -1921 -1194 4248 -4395 0 0 0 0 1 96 144 60 
-2277 185 -1668 -1539 3265 -4147 0 0 0 0 1 88 143 52 
-2768 370 -2254 -1646 2397 -3939 0 0 0 0 1 96 139 46 
-2995 436 -2719 -1465 2290 -3806 0 0 0 0 1 92 139 44 
-3113 379 -2937 -1039 2561 -3584 0 0 0 0 1 79 138 54 
-3582 337 -2834 -822 2597 -3442 0 0 0 0 1 80 142 44 
-3823 212 -2720 -705 2223 -3162 0 0 0 0 1 80 137 37 
-4104 -13 -2532 -808 1856 -2784 0 0 0 0 1 74 128 38 
-4282 -23 -2363 -966 1746 -2499 0 0 0 0 1 76 133 40 
-4519 -142 -2371 -1165 1481 -2001 0 0 0 0 1 79 126 40 
-5014 -392 -2397 -1222 1337 -1687 0 0 0 0 1 75 127 39 
-5339 -570 -2380 -1225 1328 -1263 0 0 0 0 1 58 139 30 
-5544 -884 -2262 -1213 1433 -823 0 0 0 0 1 66 132 32 
-5939 -1137 -1958 -1268 1468 -609 0 0 0 0 1 62 128 43 
-6120 -1419 -1783 -1407 1324 -313 0 0 0 0 1 58 154 44 
-6369 -1567 -1728 -1517 884 -51 0 0 0 0 1 56 142 34 
-6714 -1542 -1649 -1499 133 207 0 0 0 0 1 53 163 43 
-6787 -1549 -1810 -1343 -261 396 0 0 0 0 1 50 165 45 
-6903 -1483 -1947 -968 -363 621 0 0 0 0 1 41 158 36 
-6566 -1408 -1857 -758 -352 902 0 0 0 0 1 48 168 43 
-6195 -1274 -1389 -832 -518 1064 0 0 0 0 1 43 172 47 
-6040 -1275 -1244 -1054 -959 1110 0 0 0 0 1 43 175 50 
-5669 -1405 -1299 -1157 -1152 943 0 0 0 0 1 42 181 53 
-5495 -1313 -1369 -1109 -1206 720 0 0 0 0 1 51 183 60 
-5243 -1175 -1377 -928 -1611 317 0 0 0 0 1 54 193 58 
-5000 -825 -1288 -767 -2095 28 0 0 0 0 1 50 185 59 
-4514 -555 -1254 -510 -2782 -308 0 0 0 0 1 58 191 74 
-4213 -382 -1249 -227 -3202 -486 0 0 0 0 1 75 191 95 
-3762 -248 -1211 27 -3334 -533 0 0 0 0 1 86 195 94 
-3461 -179 -1085 142 -3235 -534 0 0 0 0 1 99 183 88 
-3279 -146 -963 233 -2968 -516 0 0 0 0 1 103 183 95 
-3039 -151 -737 237 -2686 -503 0 0 0 0 1 110 193 104 
-3026 -190 -216 111 -2149 -477 0 0 0 0 1 121 177 110 
-2866 -392 100 -27 -1702 -252 0 0 0 0 1 129 176 116 
-2895 -310 386 -44 -1195 190 0 0 0 0 1 140 175 122 
-2893 -88 785 32 -1140 775 0 0 0 0 1 138 180 117 
-2774 -41 1366 212 -1176 2319 0 0 0 0 1 134 181 121 
-2618 201 1851 579 -1404 3819 0 0 0 0 1 133 185 126 
-2743 24 1909 2015 -1492 6375 0 0 0 0 1 139 191 116 
-4339 -504 1487 3740 -1718 7948 0 0 0 0 1 110 218 114 
-5893 245 1540 6824 -3197 9833 0 0 0 0 1 99 223 111 
-6423 188 1492 9179 -5534 11164 0 0 0 0 1 75 213 111 
-6957 -650 1773 9701 -7301 11816 0 0 0 0 1 69 209 84 
-6955 -1584 1583 9261 -11504 13243 0 0 0 0 1 61 203 79 
-6510 -3742 346 8917 -11622 14512 0 0 0 0 1 54 203 79 
-7317 -5300 -4421 9748 -8524 16108 0 0 0 0 1 66 188 67 
-8014 -7097 -6253 11376 -4258 16829 0 0 0 0 1 16 181 41 
-7503 -8942 -8094 12336 -944 16813 0 0 0 0 1 2 169 18 
-4768 -9600 -8521 12934 4500 16833 0 0 0 0 1 -37 127 0 
-347 -8242 -5288 11807 8354 14810 0 0 0 0 1 -94 85 -13 
-551 -7292 -2421 10340 8579 10979 0 0 0 0 1 -115 29 -20 
-967 -6345 1661 6962 6842 3062 0 0 0 0 1 -148 -12 -23 
-694 -5867 3118 1851 2204 -3595 0 0 0 0 1 -184 -36 -6 
532 -4067 3688 -2376 -1728 -6066 0 0 0 0 1 -172 -17 -9 
20 -2524 2464 -8411 -6301 -7781 0 0 0 0 1 -158 9 -23 
183 -1213 -204 -11740 -6947 -7920 0 0 0 0 1 -141 49 -23 
379 -1104 -1684 -11292 -5102 -7700 0 0 0 0 1 -95 99 -3 
624 -1743 -2612 -9427 -3400 -7661 0 0 0 0 1 -47 164 13 
741 -2194 -2632 -5765 -519 -7506 0 0 0 0 1 -33 183 32 
572 -2618 -2441 -2648 2015 -6911 0 0 0 0 1 -21 191 34 
59 -2686 -1708 -1385 3240 -6361 0 0 0 0 1 -15 207 50 
-363 -2625 -1011 -735 4221 -5662 0 0 0 0 1 -9 201 44 
-890 -2343 3 -1040 4190 -5342 0 0 0 0 1 -7 201 46 
-1191 -1899 334 -1370 3653 -5270 0 0 0 0 1 0 191 46 
-1044 -1658 81 -1588 2699 -5045 0 0 0 0 1 -8 192 45 
-714 -1262 -537 -1467 2234 -4770 0 0 0 0 1 -12 190 54 
-560 -1007 -934 -954 1875 -4254 0 0 0 0 1 2 198 46 
-427 -753 -1455 -238 1897 -3724 0 0 0 0 1 -1 207 50 
-540 -680 -1675 229 2120 -3472 0 0 0 0 1 7 198 58 
-683 -560 -1814 807 2605 -3276 0 0 0 0 1 8 190 47 
-868 -416 -1857 1086 2782 -3218 0 0 0 0 1 -3 195 33 
-1017 -251 -1813 1312 2755 -3171 0 0 0 0 1 5 175 22 
-1077 0 -1761 1370 2534 -3107 0 0 0 0 1 2 171 25 
-1028 129 -1819 1389 1765 -2871 0 0 0 0 1 -1 158 10 
-1118 294 -2064 1464 889 -2491 0 0 0 0 1 -7 152 18 
-1264 457 -2378 1730 505 -2155 0 0 0 0 1 -4 152 13 
-1491 477 -2878 2023 619 -1987 0 0 0 0 1 1 136 12 
-1594 529 -3041 2477 1173 -1750 0 0 0 0 1 0 115 0 
-1760 619 -3183 2854 1443 -1478 0 0 0 0 1 -1 116 10 
-2009 809 -3191 3034 1352 -1264 0 0 0 0 1 -4 98 0 
-2053 900 -3209 3207 963 -815 0 0 0 0 1 -9 83 0 
-2136 985 -3324 3309 657 -490 0 0 0 0 1 -11 80 -11 
