Data Quantity : 14  Accelerometer : 3  Gyroscope : 3  FSR : 5







-1451 -1384 -513 10 -22 -92 0 0 0 0 1 -10 -256 87 
-1469 -1354 -515 -3 -55 -87 0 0 0 0 1 -7 -247 90 
-1463 -1366 -514 -20 -106 -79 0 0 0 0 1 -12 -251 89 
-1458 -1368 -519 -33 -131 -72 0 0 0 0 1 -10 -246 84 
-1459 -1372 -532 -37 -144 -58 0 0 0 0 1 -4 -255 97 
-1456 -1379 -559 -29 -129 -46 0 0 0 0 1 -7 -250 86 
-1461 -1389 -577 -20 -107 -42 0 0 0 0 1 -5 -244 96 
-1467 -1398 -596 2 -63 -42 0 0 0 0 1 -7 -240 100 
-1458 -1404 -592 19 -20 -41 0 0 0 0 1 -4 -245 95 
-1465 -1401 -593 24 -3 -41 0 0 0 0 1 1 -244 96 
-1464 -1395 -587 24 2 -42 0 0 0 0 1 -10 -246 94 
-1463 -1386 -586 14 -12 -40 0 0 0 0 1 4 -242 90 
-1457 -1367 -584 -4 -24 -42 0 0 0 0 1 5 -248 96 
-1446 -1364 -583 -26 -25 -39 0 0 0 0 1 -1 -248 91 
-1456 -1364 -573 -64 -34 -32 0 0 0 0 1 -7 -255 95 
-1459 -1389 -571 -96 -65 -27 0 0 0 0 1 2 -247 86 
-1455 -1381 -566 -120 -78 -25 0 0 0 0 1 -5 -244 94 
-1467 -1387 -559 -158 -88 -33 0 0 0 0 1 -4 -257 88 
-1492 -1397 -562 -193 -84 -43 0 0 0 0 1 -2 -247 86 
-1440 -1360 -515 -214 -98 -42 0 0 0 0 1 -5 -261 96 
-1644 -1322 -477 -244 -156 -42 0 0 0 0 1 1 -239 89 
-1521 -1283 -389 -294 -218 79 0 0 0 0 1 8 -239 87 
-1597 -1218 -468 -317 -274 209 0 0 0 0 1 -4 -250 93 
-1589 -1278 -545 -311 -385 420 0 0 0 0 1 4 -240 83 
-1668 -1214 -507 -300 -383 638 0 0 0 0 1 -7 -237 95 
-1855 -1129 -517 -289 -308 806 0 0 0 0 1 7 -235 83 
-2048 -1053 -487 -301 -272 904 0 0 0 0 1 5 -236 89 
-2166 -1017 -500 -318 -311 1066 0 0 0 0 1 16 -235 90 
-2241 -1002 -604 -311 -376 1262 0 0 0 0 1 28 -235 76 
-2425 -925 -682 -309 -341 1395 0 0 0 0 1 28 -237 81 
-2384 -892 -807 -344 -64 1680 0 0 0 0 1 34 -231 96 
-2353 -905 -917 -411 346 2042 0 0 0 0 1 41 -226 82 
-2554 -192 -1138 -2269 -130 2505 0 0 0 0 1 81 -145 54 
-2481 -148 -1167 -2348 -234 2523 0 0 0 0 1 84 -137 44 
-2506 -98 -1191 -2403 -336 2500 0 0 0 0 1 82 -142 39 
-2407 -42 -1260 -2400 -373 2428 0 0 0 0 1 75 -130 39 
-2315 -57 -1237 -2395 -363 2354 0 0 0 0 1 96 -93 34 
-2215 -72 -1214 -2400 -314 2229 0 0 0 0 1 110 -90 34 
-1994 -139 -1144 -2453 -241 2102 0 0 0 0 1 115 -71 23 
-1700 -180 -1068 -2524 -224 1971 0 0 0 0 1 126 33 38 
-727 -576 -1541 -3036 404 -938 0 0 0 0 1 126 42 45 
-724 -568 -1553 -3188 590 -1538 0 0 0 0 1 119 57 38 
-698 -503 -1521 -3344 705 -2023 0 0 0 0 1 126 65 45 
-683 -483 -1429 -3465 673 -2267 0 0 0 0 1 119 69 47 
-725 -517 -1373 -3641 551 -2544 0 0 0 0 1 126 84 45 
-832 -612 -1320 -3762 577 -2767 0 0 0 0 1 128 84 54 
-945 -645 -1317 -3791 743 -2917 0 0 0 0 1 121 87 64 
-1243 -683 -1256 -3762 1081 -3183 0 0 0 0 1 116 99 64 
-1389 -688 -1165 -3693 1363 -3431 0 0 0 0 1 126 99 68 
-1479 -741 -1020 -3647 1475 -3522 0 0 0 0 1 125 98 55 
-1622 -810 -811 -3614 1512 -3546 0 0 0 0 1 125 103 69 
-1739 -861 -700 -3625 1490 -3454 0 0 0 0 1 126 106 71 
-2245 -1029 -470 -3655 1487 -3356 0 0 0 0 1 126 99 57 
-2475 -1076 -347 -3684 1479 -3297 0 0 0 0 1 115 107 72 
-2622 -1138 -286 -3692 1386 -3142 0 0 0 0 1 120 117 74 
-2791 -1317 -253 -3629 1331 -2922 0 0 0 0 1 120 112 83 
-2959 -1403 -316 -3529 1344 -2775 0 0 0 0 1 116 121 82 
-3211 -1511 -410 -3272 1391 -2647 0 0 0 0 1 130 118 80 
-3658 -1702 -595 -3058 1508 -2626 0 0 0 0 1 132 115 76 
-3946 -1884 -766 -2641 1955 -2618 0 0 0 0 1 128 126 77 
-4130 -2213 -789 -2259 2671 -2532 0 0 0 0 1 117 130 81 
-4336 -2262 -553 -2083 2909 -2452 0 0 0 0 1 123 126 77 
-4602 -2251 -570 -1836 2268 -2358 0 0 0 0 1 127 125 72 
-4995 -2293 -412 -1678 1431 -2250 0 0 0 0 1 122 134 76 
-5137 -2418 -495 -1282 250 -1947 0 0 0 0 1 112 131 75 
-5308 -2540 -845 -825 -270 -1691 0 0 0 0 1 128 131 73 
-5609 -2630 -1105 128 -553 -1343 0 0 0 0 1 127 125 72 
-5757 -2912 -1078 800 -421 -1040 0 0 0 0 1 127 112 83 
-5576 -3154 -413 1593 -169 -251 0 0 0 0 1 134 117 69 
-5341 -3215 196 2141 -418 1174 0 0 0 0 1 142 114 80 
-4858 -3252 651 2655 -950 2447 0 0 0 0 1 141 105 72 
-5177 -3114 373 4027 -1944 4337 0 0 0 0 1 141 112 69 
-5569 -2906 267 5822 -3158 6373 0 0 0 0 1 140 104 64 
-5241 -2954 -504 7207 -4274 7973 0 0 0 0 1 140 96 77 
-5589 -2387 -1189 9018 -4996 10251 0 0 0 0 1 142 104 73 
-5335 -2499 -1624 10013 -4543 12795 0 0 0 0 1 142 94 59 
-5623 -2296 -1540 10085 -4250 14588 0 0 0 0 1 135 99 71 
-6013 -2379 -2071 10239 -4870 17122 0 0 0 0 1 128 123 61 
-6869 -3827 -3347 11247 -4354 18919 0 0 0 0 1 110 125 53 
-6609 -6197 -4861 12160 -1979 19908 0 0 0 0 1 80 147 27 
-5358 -7548 -5359 12469 4964 21466 0 0 0 0 1 37 144 27 
-4179 -9250 -4825 10276 12676 21289 0 0 0 0 1 -24 126 1 
-1620 -10605 -1274 7793 14583 19116 0 0 0 0 1 -96 93 -18 
-360 -10780 3678 4325 7285 11782 0 0 0 0 1 -140 47 -12 
915 -9417 8711 1605 -6555 1600 0 0 0 0 1 -163 38 -19 
222 -7830 3472 -562 -13452 -4233 0 0 0 0 1 -96 26 -25 
-227 -5800 -1330 -5093 -16773 -8509 0 0 0 0 1 -29 35 -22 
-1004 -3237 -6049 -8992 -11081 -8074 0 0 0 0 1 20 55 -3 
1077 -2495 -6085 -9831 -3950 -5203 0 0 0 0 1 57 96 15 
1393 -2526 -4021 -8655 -605 -3786 0 0 0 0 1 68 112 23 
720 -2127 -2538 -5529 2490 -3163 0 0 0 0 1 82 134 39 
697 -1467 -1085 -3311 2996 -2929 0 0 0 0 1 70 149 41 
873 -1285 -257 -1027 2779 -2167 0 0 0 0 1 70 137 51 
453 -1205 985 -225 2721 -1515 0 0 0 0 1 66 161 44 
-459 -766 638 28 2123 -1334 0 0 0 0 1 51 157 32 
-547 -607 75 177 1827 -1328 0 0 0 0 1 56 147 44 
-503 -478 -548 437 1781 -1311 0 0 0 0 1 41 150 24 
-390 -420 -1192 560 1880 -1254 0 0 0 0 1 48 133 17 
-352 -454 -1391 560 2057 -1121 0 0 0 0 1 49 142 20 
-372 -520 -1535 360 2182 -1043 0 0 0 0 1 30 130 16 
-477 -560 -1624 172 2162 -1088 0 0 0 0 1 27 128 8 
-550 -550 -1713 -160 1925 -1355 0 0 0 0 1 21 120 16 
-876 -778 -1585 -554 1548 -1867 0 0 0 0 1 22 111 3 
-1020 -828 -1550 -805 1265 -2328 0 0 0 0 1 10 121 8 
-1022 -720 -1609 -1057 836 -3049 0 0 0 0 1 5 111 8 
-970 -480 -1870 -1120 605 -3486 0 0 0 0 1 11 125 16 
-944 -247 -1969 -1167 394 -4056 0 0 0 0 1 15 111 10 
-1073 -20 -1839 -1239 350 -4407 0 0 0 0 1 16 130 11 
-1091 139 -1697 -1415 240 -4793 0 0 0 0 1 27 116 22 
-1129 154 -1674 -1531 126 -4907 0 0 0 0 1 34 118 19 
-1258 221 -1702 -1703 155 -4925 0 0 0 0 1 40 110 18 
-1704 333 -1656 -1904 338 -4890 0 0 0 0 1 44 130 13 
-1770 372 -1688 -2013 455 -4804 0 0 0 0 1 51 112 23 
-1777 450 -1638 -2177 812 -4666 0 0 0 0 1 55 109 24 
-2023 574 -1564 -2253 1171 -4641 0 0 0 0 1 64 114 31 
-2366 673 -1642 -2240 1616 -4717 0 0 0 0 1 66 125 20 
-2842 919 -1579 -2178 1599 -4676 0 0 0 0 1 63 117 34 
-2887 968 -1367 -2167 1403 -4488 0 0 0 0 1 58 115 25 
-3038 821 -1194 -2213 1206 -4088 0 0 0 0 1 43 121 19 
-3616 858 -995 -2257 1206 -3862 0 0 0 0 1 62 121 33 
-3719 918 -1048 -2216 1313 -3631 0 0 0 0 1 56 112 30 
-3821 816 -1399 -1987 1677 -3347 0 0 0 0 1 28 159 48 
-5398 -160 -1216 -2230 1785 -1719 0 0 0 0 1 17 153 38 
-5802 -293 -1160 -2253 1307 -2124 0 0 0 0 1 21 159 34 
-6036 -426 -1271 -2239 885 -2413 0 0 0 0 1 38 165 38 
-6157 -459 -1284 -2222 122 -2833 0 0 0 0 1 35 171 44 
-6103 -619 -1395 -2219 -339 -3022 0 0 0 0 1 38 182 57 
-5900 -846 -1448 -2203 -560 -3091 0 0 0 0 1 60 175 71 
-5636 -1181 -1789 -2051 -32 -2875 0 0 0 0 1 49 179 74 
-5286 -1371 -1988 -1830 981 -2361 0 0 0 0 1 61 179 67 
-5167 -1363 -2109 -1667 1642 -1852 0 0 0 0 1 56 186 74 
-5194 -970 -1610 -1709 2088 -913 0 0 0 0 1 66 193 69 
-5018 -555 -1401 -1851 1487 332 0 0 0 0 1 56 198 76 
-4904 -522 -1376 -1864 1384 1110 0 0 0 0 1 54 191 79 
-4902 -634 -1550 -1604 1740 2034 0 0 0 0 1 51 203 72 
-5148 -1244 -1119 -1400 2084 2484 0 0 0 0 1 43 204 68 
-5655 -1650 -508 -1031 2027 2854 0 0 0 0 1 20 217 80 
-6000 -1730 264 -485 611 3130 0 0 0 0 1 5 217 89 
-6444 -1894 1193 206 -1148 3427 0 0 0 0 1 9 215 86 
-6694 -1933 1120 2179 -4003 3858 0 0 0 0 1 15 222 80 
-6940 -2211 840 4762 -6394 4187 0 0 0 0 1 5 204 77 
-6530 -2219 300 6458 -8216 4595 0 0 0 0 1 25 201 67 
-6069 -2002 -343 8564 -11014 5685 0 0 0 0 1 46 187 54 
-5040 -3013 -899 9400 -11965 6847 0 0 0 0 1 56 164 55 
-4602 -3822 -936 9912 -12108 9000 0 0 0 0 1 76 155 64 
-4655 -5023 -2287 10406 -11670 10891 0 0 0 0 1 100 138 54 
-6079 -7401 -4560 11027 -11091 11468 0 0 0 0 1 119 123 71 
-7620 -10329 -7503 12125 -10229 11212 0 0 0 0 1 128 128 61 
-7104 -13072 -9882 12973 -8433 11614 0 0 0 0 1 138 116 73 
-2210 -14174 -13125 12962 -3246 12939 0 0 0 0 1 135 109 66 
4566 -8262 -17699 12975 6597 16787 0 0 0 0 1 109 128 52 
5285 -3925 -15816 7122 22644 16483 0 0 0 0 1 83 123 1 
-7381 -5929 -2936 1134 22869 10100 0 0 0 0 1 -33 122 -6 
-6559 -7507 4339 -4759 10967 180 0 0 0 0 1 -143 107 2 
-108 -6934 8883 -7606 -2426 -5194 0 0 0 0 1 -151 125 6 
576 -4805 5071 -7411 -7097 -7826 0 0 0 0 1 -119 163 17 
1369 -3779 1627 -4613 -6150 -10316 0 0 0 0 1 -68 179 32 
2290 -2699 -1035 -1576 -3648 -10329 0 0 0 0 1 -46 192 36 
1733 -2099 -386 -691 -3179 -9358 0 0 0 0 1 21 191 53 
1146 -1984 -480 -569 -3248 -7542 0 0 0 0 1 46 180 50 
355 -1718 -1199 -777 -2279 -6189 0 0 0 0 1 68 186 58 
-320 -1145 -2000 -789 -1404 -5639 0 0 0 0 1 80 174 62 
-576 -843 -2176 -678 -448 -5060 0 0 0 0 1 92 166 72 
-729 -515 -2647 -518 11 -4688 0 0 0 0 1 103 161 67 
-548 -469 -3187 -405 1328 -3964 0 0 0 0 1 117 147 62 
-417 -307 -3247 -785 2859 -3001 0 0 0 0 1 109 145 61 
-378 -293 -3352 -1204 3494 -2318 0 0 0 0 1 95 150 54 
-687 -215 -3460 -1743 3901 -1551 0 0 0 0 1 95 136 40 
-989 -162 -3437 -1978 3819 -1315 0 0 0 0 1 86 158 40 
-1361 -208 -3210 -2004 3572 -1439 0 0 0 0 1 84 149 41 
-1594 -236 -2979 -1956 3190 -1920 0 0 0 0 1 61 147 41 
-1448 -167 -2886 -1893 3041 -2431 0 0 0 0 1 51 154 37 
-1089 -40 -2763 -1976 2957 -2757 0 0 0 0 1 55 153 33 
-1152 162 -2390 -2155 2892 -2945 0 0 0 0 1 47 149 32 
-1322 247 -2178 -2500 2560 -3208 0 0 0 0 1 48 150 38 
-1570 368 -1634 -2753 2127 -3329 0 0 0 0 1 48 165 31 
-1657 363 -1493 -2971 1614 -3410 0 0 0 0 1 64 163 38 
-1660 597 -1466 -2820 1760 -3423 0 0 0 0 1 43 168 40 
-1640 846 -1557 -2527 2277 -3411 0 0 0 0 1 38 168 45 
-1900 972 -1579 -1930 3314 -3461 0 0 0 0 1 54 183 44 
-2534 1095 -1571 -1545 3751 -3520 0 0 0 0 1 42 171 58 
-3133 964 -1137 -1245 3789 -3567 0 0 0 0 1 38 175 50 
-3396 925 -657 -1388 2947 -3483 0 0 0 0 1 29 168 43 
-3651 841 -492 -1591 2126 -3385 0 0 0 0 1 33 171 48 
-3974 830 -1072 -1489 2532 -3319 0 0 0 0 1 36 172 59 
-4463 496 -1487 -1352 3050 -3293 0 0 0 0 1 24 185 47 
-5057 -201 -1602 -1315 3702 -3257 0 0 0 0 1 29 170 50 
-5569 -743 -1370 -1698 3773 -3273 0 0 0 0 1 24 177 40 
-6239 -1372 -1187 -2071 3432 -3315 0 0 0 0 1 15 168 54 
-6619 -1485 -1199 -2565 2771 -3464 0 0 0 0 1 11 186 55 
-6718 -1310 -1283 -2737 1681 -3414 0 0 0 0 1 20 190 61 
-6522 -1076 -1572 -2591 1115 -3262 0 0 0 0 1 21 198 69 
-6615 -1298 -1560 -2135 711 -3029 0 0 0 0 1 28 188 65 
-6848 -1539 -1280 -1514 -1841 -2404 0 0 0 0 1 27 197 71 
-7320 -979 683 -1227 -3464 -1672 0 0 0 0 1 51 191 90 
-6599 -1940 -326 -545 -2098 -883 0 0 0 0 1 48 197 89 
-6318 -1990 -1207 382 1066 -734 0 0 0 0 1 47 198 83 
-5853 -1437 -1467 710 1599 -709 0 0 0 0 1 48 207 84 
-5652 -1071 -657 410 -842 -532 0 0 0 0 1 43 190 80 
-5274 -618 122 19 -2511 -389 0 0 0 0 1 57 197 91 
-4658 -365 -970 138 -3359 -160 0 0 0 0 1 63 193 76 
-4340 -220 -1332 871 -2571 55 0 0 0 0 1 86 187 89 
-3965 -120 -1074 1258 -1994 232 0 0 0 0 1 86 182 91 
-3654 -163 -623 1433 -1875 566 0 0 0 0 1 84 186 104 
-3526 -217 -296 1146 -1859 831 0 0 0 0 1 100 182 91 
-3497 -518 -252 915 -1707 911 0 0 0 0 1 104 175 94 
-3445 -636 -376 767 -1036 874 0 0 0 0 1 104 180 94 
-3512 -794 -316 880 -200 687 0 0 0 0 1 106 179 97 
-3581 -768 -168 1060 134 568 0 0 0 0 1 114 175 82 
-3528 -779 43 1398 72 613 0 0 0 0 1 97 170 87 
-3533 -752 695 1718 -712 1013 0 0 0 0 1 101 164 83 
-3380 -388 711 2147 -1810 1573 0 0 0 0 1 110 176 88 
-3346 -355 295 3362 -3109 2658 0 0 0 0 1 100 168 98 
-3665 -398 429 4316 -3324 3446 0 0 0 0 1 108 161 86 
-3695 -460 494 5691 -4202 4978 0 0 0 0 1 113 159 76 
-3894 -328 497 6970 -6646 6782 0 0 0 0 1 122 157 76 
-4059 -683 514 7805 -8647 8069 0 0 0 0 1 127 149 88 
-4377 -973 -394 9623 -11334 9834 0 0 0 0 1 133 141 98 
-5123 -1509 -2161 11216 -12184 10830 0 0 0 0 1 153 147 97 
-5731 -2688 -3238 13877 -11395 12366 0 0 0 0 1 152 138 112 
-6349 -5165 -4545 16135 -6287 14196 0 0 0 0 1 159 143 122 
-6558 -6138 -5227 17013 -1388 15616 0 0 0 0 1 123 148 66 
-6299 -6304 -4824 16596 6013 17299 0 0 0 0 1 68 154 32 
-5860 -5718 -3220 14407 8743 16935 0 0 0 0 1 33 110 6 
-3508 -6027 -230 12753 7497 14837 0 0 0 0 1 -17 74 -5 
-505 -7767 2754 10340 3817 8980 0 0 0 0 1 -43 42 -29 
980 -7293 4154 7380 141 1263 0 0 0 0 1 -55 -3 -26 
582 -5592 1643 3606 -1400 -5517 0 0 0 0 1 -56 -44 -34 
118 -4329 -270 1050 -732 -8324 0 0 0 0 1 -46 -45 -24 
-452 -3452 -824 -2912 -279 -9975 0 0 0 0 1 -53 -33 -29 
-452 -2882 88 -7119 -2766 -8668 0 0 0 0 1 -58 -24 -23 
187 -1531 941 -9589 -4789 -6691 0 0 0 0 1 -43 -8 -36 
-263 -786 -468 -11438 -6963 -3785 0 0 0 0 1 1 52 -15 
-516 -1365 -2416 -10261 -6048 -2213 0 0 0 0 1 11 103 0 
-945 -3042 -4412 -7230 -2144 -2277 0 0 0 0 1 41 121 19 
-1259 -3407 -4191 -5062 1084 -2967 0 0 0 0 1 54 139 32 
-1384 -3284 -3661 -2286 4882 -4238 0 0 0 0 1 48 158 38 
-1400 -2761 -2050 -534 6646 -5164 0 0 0 0 1 51 157 37 
-1423 -2348 -1146 -72 6826 -5532 0 0 0 0 1 22 143 22 
-1258 -1939 -406 -292 5613 -5630 0 0 0 0 1 8 141 17 
-968 -1388 268 -1198 3551 -5467 0 0 0 0 1 2 127 11 
-955 -970 99 -1837 2359 -5426 0 0 0 0 1 0 144 4 
-991 -757 -360 -2392 1163 -5487 0 0 0 0 1 10 131 22 
-1153 -553 -1351 -2405 1011 -5633 0 0 0 0 1 5 143 19 
-1178 -413 -1945 -1947 1719 -5883 0 0 0 0 1 24 155 33 
-1361 -221 -2413 -1512 2587 -6038 0 0 0 0 1 29 141 22 
-1438 -167 -2376 -969 3872 -6173 0 0 0 0 1 23 142 9 
-1625 664 -1841 -787 4160 -6023 0 0 0 0 1 15 126 19 
-1581 996 -1444 -952 3553 -5615 0 0 0 0 1 25 134 18 
-2256 1442 -878 -2161 1099 -4363 0 0 0 0 1 7 134 11 
-2923 1262 -1354 -2333 902 -4236 0 0 0 0 1 15 141 17 
-3204 1190 -1778 -2140 1552 -4201 0 0 0 0 1 15 141 19 
-3298 1217 -2088 -1576 2591 -4075 0 0 0 0 1 15 138 22 
-3322 1403 -1980 -903 2950 -3646 0 0 0 0 1 12 145 22 
-3341 1698 -1781 -525 2657 -3204 0 0 0 0 1 7 139 27 
-3651 1829 -1725 -103 1947 -2549 0 0 0 0 1 2 134 18 
-4053 1781 -1614 70 1649 -2149 0 0 0 0 1 -5 136 19 
-4394 1632 -1575 184 1313 -1708 0 0 0 0 1 -16 144 13 
-4671 1194 -1661 141 1328 -1401 0 0 0 0 1 -5 138 26 
-4734 877 -1678 1 1595 -1210 0 0 0 0 1 -5 141 19 
-4758 622 -1714 -328 2085 -943 0 0 0 0 1 -12 131 10 
-4987 378 -1525 -808 2325 -820 0 0 0 0 1 -15 141 22 
-5125 387 -1352 -1137 2067 -805 0 0 0 0 1 -20 143 15 
-5140 461 -1259 -1541 1274 -813 0 0 0 0 1 -25 144 16 
-5031 607 -1334 -1689 509 -770 0 0 0 0 1 -35 152 25 
-4989 571 -1519 -1631 144 -727 0 0 0 0 1 -30 154 39 
-5025 472 -1644 -1409 20 -784 0 0 0 0 1 -28 161 25 
-5096 151 -1775 -1143 104 -911 0 0 0 0 1 -31 165 24 
-5180 142 -1616 -1065 167 -1074 0 0 0 0 1 -22 168 36 
-5154 111 -1558 -1051 -77 -1366 0 0 0 0 1 -23 164 39 
-5150 140 -1517 -1117 -564 -1706 0 0 0 0 1 -22 182 45 
-5028 144 -1544 -1174 -793 -1946 0 0 0 0 1 -7 171 46 
-4969 238 -1616 -1207 -1159 -2273 0 0 0 0 1 -12 177 57 
-4664 351 -1631 -1221 -1569 -2399 0 0 0 0 1 -5 177 47 
-4321 456 -1489 -1221 -1840 -2342 0 0 0 0 1 9 179 48 
-4143 556 -1345 -1200 -2149 -2104 0 0 0 0 1 23 186 58 
-3866 951 -851 -1197 -2537 -1658 0 0 0 0 1 40 193 69 
-3688 1048 -835 -1111 -2870 -1225 0 0 0 0 1 51 186 65 
-3505 1031 -785 -868 -2617 -546 0 0 0 0 1 66 191 79 
-3398 826 -538 -659 -1672 68 0 0 0 0 1 58 191 83 
-3503 656 71 -638 -1170 476 0 0 0 0 1 69 190 68 
-3803 922 916 -856 -1489 1416 0 0 0 0 1 75 206 90 
-3936 1313 1099 -727 -2257 2423 0 0 0 0 1 70 196 97 
-3782 1189 877 292 -2474 4362 0 0 0 0 1 75 215 102 
-4207 1138 1120 2022 -2158 6313 0 0 0 0 1 64 212 98 
-5178 1151 2118 3362 -2784 7385 0 0 0 0 1 56 213 95 
-6082 1299 2630 5580 -5226 8350 0 0 0 0 1 40 225 90 
-7007 1088 2180 7233 -7356 8609 0 0 0 0 1 36 212 89 
-7227 1319 1009 9707 -10164 9041 0 0 0 0 1 54 179 67 
-5597 792 -504 11413 -10760 11348 0 0 0 0 1 54 159 58 
-5441 -205 -696 12093 -7480 14846 0 0 0 0 1 54 152 53 
-7114 -864 11 11768 -4110 16842 0 0 0 0 1 44 154 39 
-9185 -1664 -463 10973 -2159 17722 0 0 0 0 1 34 138 24 
-11451 -5186 -1337 10038 -1397 15902 0 0 0 0 1 -1 104 1 
-10341 -7938 -1472 9099 321 14234 0 0 0 0 1 -10 72 -5 
-5296 -11338 -2281 7876 3262 12158 0 0 0 0 1 -27 57 -26 
-1116 -12312 -2067 7265 3706 9385 0 0 0 0 1 -47 22 -16 
1058 -10415 -101 6687 2212 5749 0 0 0 0 1 -63 0 -27 
275 -8176 1592 4339 589 -1711 0 0 0 0 1 -79 -18 -38 
-885 -5803 -356 1085 -340 -7242 0 0 0 0 1 -79 -47 -26 
-1016 -4672 -771 -3300 -2056 -8612 0 0 0 0 1 -79 -40 -24 
-622 -3972 363 -6730 -4212 -7657 0 0 0 0 1 -75 -9 -34 
-823 -2673 612 -11092 -5787 -5369 0 0 0 0 1 -46 13 -29 
-1021 -1825 -1051 -12420 -5194 -3768 0 0 0 0 1 -27 55 -19 
-1093 -2518 -3725 -10583 -3258 -3659 0 0 0 0 1 14 132 6 
-897 -2912 -3650 -8525 -1218 -4195 0 0 0 0 1 34 148 17 
-637 -3158 -3039 -5386 2154 -5178 0 0 0 0 1 35 181 39 
-469 -3078 -2059 -3606 3810 -5666 0 0 0 0 1 40 174 46 
-620 -2557 -1118 -1711 5174 -6031 0 0 0 0 1 44 181 44 
-621 -2069 -680 -795 4956 -5868 0 0 0 0 1 36 165 43 
-582 -1448 -40 -810 3784 -5381 0 0 0 0 1 21 176 39 
-589 -1171 92 -1176 2987 -5059 0 0 0 0 1 22 145 40 
-684 -938 -159 -1755 1947 -4778 0 0 0 0 1 30 164 44 
-1034 -657 -710 -1986 1566 -4815 0 0 0 0 1 31 170 43 
-1436 -452 -1433 -1931 1550 -5183 0 0 0 0 1 41 163 36 
-1634 -372 -1790 -1580 1933 -5730 0 0 0 0 1 43 165 43 
-1815 -378 -1871 -1355 2299 -6098 0 0 0 0 1 51 159 34 
-1831 -42 -1792 -1146 2701 -6456 0 0 0 0 1 53 143 38 
-1735 306 -1598 -1204 2499 -6337 0 0 0 0 1 57 143 38 
-1737 795 -1097 -1608 1585 -5745 0 0 0 0 1 62 141 38 
-2037 902 -884 -1944 860 -5259 0 0 0 0 1 66 142 41 
-2420 976 -1008 -2291 290 -4724 0 0 0 0 1 66 130 37 
-2888 849 -1556 -2302 524 -4537 0 0 0 0 1 75 134 37 
-3091 696 -1930 -2029 1720 -4330 0 0 0 0 1 76 141 47 
-3110 527 -1967 -1623 3066 -3970 0 0 0 0 1 81 126 40 
-3337 535 -1823 -1385 3500 -3631 0 0 0 0 1 70 132 44 
-3512 703 -1422 -1307 3217 -3006 0 0 0 0 1 64 128 43 
-3954 1023 -958 -1448 2106 -2387 0 0 0 0 1 61 134 37 
-4292 1022 -1109 -1513 1515 -2070 0 0 0 0 1 51 134 32 
-4553 807 -1414 -1471 1567 -1728 0 0 0 0 1 49 139 44 
-4833 429 -1565 -1407 2035 -1544 0 0 0 0 1 37 134 39 
-5005 198 -1382 -1393 2666 -1268 0 0 0 0 1 42 144 25 
-5066 172 -1192 -1498 2769 -1016 0 0 0 0 1 37 152 20 
-5198 255 -937 -1579 2523 -925 0 0 0 0 1 31 143 43 
-5287 379 -886 -1615 1778 -885 0 0 0 0 1 14 149 27 
-5493 353 -918 -1535 1178 -895 0 0 0 0 1 16 154 25 
-5944 147 -1092 -1302 516 -1033 0 0 0 0 1 27 168 38 
-6226 -91 -1167 -1054 217 -1296 0 0 0 0 1 23 164 44 
-6330 -292 -1142 -957 27 -1603 0 0 0 0 1 24 160 43 
-6169 -290 -1043 -1003 -252 -1766 0 0 0 0 1 25 169 44 
-6003 -253 -1036 -1125 -770 -1889 0 0 0 0 1 33 169 44 
-5691 -233 -1153 -1162 -1092 -1901 0 0 0 0 1 46 168 50 
-5705 -218 -1370 -1083 -1200 -1894 0 0 0 0 1 55 170 54 
-5726 -272 -1616 -890 -1139 -1861 0 0 0 0 1 61 171 58 
-5423 -382 -1678 -845 -890 -1753 0 0 0 0 1 55 170 64 
-5121 -319 -1632 -913 -963 -1660 0 0 0 0 1 79 168 64 
-4667 -185 -1519 -1067 -1370 -1493 0 0 0 0 1 71 165 64 
-4365 -85 -1570 -1062 -1657 -1295 0 0 0 0 1 90 163 84 
-3839 -7 -1411 -935 -1611 -1108 0 0 0 0 1 106 169 72 
-3704 28 -1239 -856 -1709 -1007 0 0 0 0 1 100 165 84 
-3519 -1 -1005 -830 -1958 -851 0 0 0 0 1 100 168 91 
-3104 -62 -609 -839 -2165 -678 0 0 0 0 1 109 165 96 
-2866 -222 -221 -874 -2091 -504 0 0 0 0 1 115 179 100 
-2561 -339 332 -993 -1602 5 0 0 0 0 1 129 164 111 
-2044 -518 1176 -1089 -1115 553 0 0 0 0 1 138 168 122 
-2022 -641 1886 -1183 -503 1576 0 0 0 0 1 125 174 128 
-2097 -1086 2538 -956 -244 2869 0 0 0 0 1 126 192 124 
-2714 -1575 2993 -456 -352 3818 0 0 0 0 1 126 195 122 
-3048 -1854 2976 1126 -1270 5403 0 0 0 0 1 128 204 133 
-3708 -1850 3079 2787 -2496 6470 0 0 0 0 1 109 202 124 
-4004 -1776 2546 6326 -4917 7864 0 0 0 0 1 92 208 114 
-4614 -1434 2169 10317 -7313 8605 0 0 0 0 1 82 201 111 
-4159 -1546 1169 12793 -9041 9117 0 0 0 0 1 82 206 88 
-3174 -2157 -117 16045 -10622 10564 0 0 0 0 1 90 172 75 
-2387 -3948 -2450 18203 -8564 12990 0 0 0 0 1 110 157 65 
-3568 -7327 -5605 17177 -352 15669 0 0 0 0 1 92 127 48 
-5784 -7786 -5451 13959 4713 16242 0 0 0 0 1 31 91 -8 
-6960 -10198 -5067 8442 8667 14504 0 0 0 0 1 -1 82 -17 
1870 -9580 -6904 5439 11258 11973 0 0 0 0 1 -35 56 -20 
2910 -7467 -6741 4902 11679 9174 0 0 0 0 1 -86 35 -24 
911 -5615 -872 3308 8194 2843 0 0 0 0 1 -130 25 -26 
1239 -6042 2908 -943 319 -2358 0 0 0 0 1 -140 18 -26 
2084 -4960 3747 -4225 -4126 -4314 0 0 0 0 1 -128 20 -19 
1137 -3794 657 -7278 -7260 -5931 0 0 0 0 1 -109 47 -19 
504 -3509 -2458 -6716 -5167 -6943 0 0 0 0 1 -73 83 -18 
502 -3554 -3729 -4660 -871 -7112 0 0 0 0 1 -60 99 -19 
368 -3525 -2604 -3624 1198 -6763 0 0 0 0 1 -50 121 -10 
-236 -3151 -877 -2996 1920 -6146 0 0 0 0 1 -33 134 4 
-433 -2879 -297 -3009 728 -5683 0 0 0 0 1 -18 147 6 
-632 -2433 -268 -3006 69 -5568 0 0 0 0 1 -20 158 24 
-888 -1966 -990 -2612 -272 -5693 0 0 0 0 1 -14 159 23 
-922 -1637 -1119 -2069 -95 -5876 0 0 0 0 1 0 166 23 
-858 -1147 -1209 -1651 36 -5833 0 0 0 0 1 20 150 43 
-704 -768 -1341 -1495 148 -5644 0 0 0 0 1 35 159 41 
-704 -524 -1423 -1391 437 -5260 0 0 0 0 1 36 163 24 
-880 -253 -1551 -1347 684 -5003 0 0 0 0 1 33 154 27 
-1215 -77 -1605 -1320 1137 -4692 0 0 0 0 1 43 158 33 
-1402 2 -1623 -1285 1640 -4462 0 0 0 0 1 46 168 38 
-1710 210 -1598 -1175 1945 -4257 0 0 0 0 1 49 149 37 
-1663 391 -1604 -1053 1993 -4045 0 0 0 0 1 48 150 40 
-1840 719 -1506 -877 1790 -3737 0 0 0 0 1 53 138 24 
-2044 1090 -1376 -747 1305 -3423 0 0 0 0 1 40 144 32 
-2214 912 -1418 -673 1134 -3236 0 0 0 0 1 51 139 20 
-2542 825 -1650 -487 1353 -3050 0 0 0 0 1 42 142 30 
-2696 701 -2210 -155 2123 -2763 0 0 0 0 1 46 136 33 
-2777 745 -2204 51 2748 -2489 0 0 0 0 1 -25 105 11 
-4883 1019 -1674 -502 1020 -1007 0 0 0 0 1 -27 106 3 
-5254 781 -1631 -883 339 -1178 0 0 0 0 1 -30 110 4 
-5614 562 -1726 -1314 36 -1641 0 0 0 0 1 -35 110 9 
-5827 340 -1991 -1572 412 -2102 0 0 0 0 1 -27 118 -1 
-5700 251 -2064 -1689 625 -2284 0 0 0 0 1 -33 107 9 
-5620 293 -2050 -1814 700 -2374 0 0 0 0 1 -20 128 22 
-5615 433 -2163 -1854 550 -2382 0 0 0 0 1 -17 131 19 
-5903 473 -2293 -1864 311 -2404 0 0 0 0 1 -16 134 20 
-6088 242 -2217 -1954 -167 -2466 0 0 0 0 1 -15 145 24 
-6015 53 -1929 -2224 -721 -2486 0 0 0 0 1 -7 137 34 
-5692 -68 -1734 -2400 -1128 -2440 0 0 0 0 1 8 153 33 
-5358 -96 -1774 -2504 -1440 -2271 0 0 0 0 1 14 154 34 
-4790 -7 -1829 -2423 -1434 -2029 0 0 0 0 1 30 164 55 
-4300 95 -1680 -2328 -1526 -1820 0 0 0 0 1 33 157 53 
-3828 94 -1326 -2217 -1713 -1495 0 0 0 0 1 31 175 57 
-3619 68 -1138 -2085 -1852 -1246 0 0 0 0 1 35 176 60 
-3313 45 -887 -1976 -1884 -1118 0 0 0 0 1 56 183 74 
-3072 -21 -648 -1819 -1860 -941 0 0 0 0 1 71 187 89 
-2924 -31 -381 -1660 -1805 -858 0 0 0 0 1 73 193 83 
-2907 -99 -112 -1541 -1795 -819 0 0 0 0 1 84 193 97 
-2805 -297 92 -1381 -1607 -663 0 0 0 0 1 92 196 102 
-2806 -452 778 -1354 -1243 -384 0 0 0 0 1 99 206 104 
-2776 -485 2079 -1449 -1191 41 0 0 0 0 1 87 201 116 
-2551 -487 2878 -1403 -1785 1456 0 0 0 0 1 99 203 114 
-2518 -1031 3586 -904 -2369 2801 0 0 0 0 1 99 218 125 
-3831 -859 3308 1237 -3711 4692 0 0 0 0 1 106 230 139 
-4730 -937 3025 4885 -5176 5893 0 0 0 0 1 100 224 126 
-5712 -1041 3279 7364 -6111 6293 0 0 0 0 1 86 224 133 
-5692 -1577 3159 10215 -8790 6935 0 0 0 0 1 93 217 117 
-5533 -2449 2446 11690 -12028 7853 0 0 0 0 1 93 207 110 
-4780 -3742 261 12425 -13186 8832 0 0 0 0 1 106 191 93 
-5073 -4663 -2002 13865 -11481 10736 0 0 0 0 1 117 183 88 
-5767 -6090 -4964 15679 -4779 12379 0 0 0 0 1 110 179 83 
-7368 -8170 -7801 16099 765 13337 0 0 0 0 1 88 158 61 
-8062 -9646 -8345 14698 6451 14485 0 0 0 0 1 58 132 27 
-3213 -10584 -8408 11980 10444 16129 0 0 0 0 1 24 109 1 
3042 -8528 -8375 10272 12762 16073 0 0 0 0 1 -87 49 -20 
-118 -5905 -4184 7848 11874 10106 0 0 0 0 1 -125 14 -27 
-1101 -6161 1161 3647 6390 724 0 0 0 0 1 -142 -23 -19 
289 -5577 6296 -476 1452 -4139 0 0 0 0 1 -174 -31 -11 
898 -4476 5818 -7195 -6353 -7569 0 0 0 0 1 -162 -12 -18 
118 -2979 2162 -10365 -9859 -8291 0 0 0 0 1 -107 62 -26 
-549 -2071 -3932 -9694 -8409 -8429 0 0 0 0 1 -64 109 -17 
-106 -2687 -5069 -6735 -3561 -8209 0 0 0 0 1 -37 132 2 
160 -2926 -4401 -3853 511 -7219 0 0 0 0 1 -15 148 8 
-92 -2857 -2723 -2339 2637 -6158 0 0 0 0 1 -25 139 9 
-681 -2389 -1073 -2085 2950 -5759 0 0 0 0 1 -18 152 9 
-1092 -1800 -181 -2290 2113 -5558 0 0 0 0 1 -3 150 29 
-1180 -1277 -17 -2567 694 -5455 0 0 0 0 1 -12 150 26 
-1089 -732 -599 -2528 -130 -5302 0 0 0 0 1 10 165 29 
-1013 -334 -1056 -2143 -782 -4951 0 0 0 0 1 8 168 33 
-895 -30 -1538 -1617 -798 -4473 0 0 0 0 1 33 174 37 
-945 129 -1812 -1330 -467 -4164 0 0 0 0 1 44 164 48 
-987 301 -1745 -1108 321 -3795 0 0 0 0 1 50 172 59 
-1184 366 -1618 -1158 1035 -3648 0 0 0 0 1 54 161 48 
-1647 266 -1481 -1259 1294 -3668 0 0 0 0 1 67 158 52 
-1984 362 -1338 -1468 1398 -3885 0 0 0 0 1 60 158 52 
-2442 601 -1102 -1693 1054 -4086 0 0 0 0 1 58 149 44 
-2452 781 -946 -1832 607 -4036 0 0 0 0 1 70 174 51 
-2351 878 -704 -2081 -42 -3685 0 0 0 0 1 74 158 57 
-2213 1044 -627 -2210 -265 -3392 0 0 0 0 1 80 152 69 
-2218 1255 -905 -2179 -171 -3041 0 0 0 0 1 81 163 57 
-2406 1186 -1106 -1936 452 -2894 0 0 0 0 1 104 158 64 
-2743 939 -1210 -1745 1162 -2899 0 0 0 0 1 97 158 73 
-2920 851 -1236 -1383 2262 -2935 0 0 0 0 1 103 161 65 
-3157 842 -1429 -919 3164 -2819 0 0 0 0 1 89 147 60 
-3057 1260 -874 -706 3498 -2538 0 0 0 0 1 88 158 50 
-2879 1563 -474 -587 2901 -1780 0 0 0 0 1 77 157 41 
-2842 1701 -324 -578 1895 -1205 0 0 0 0 1 79 148 50 
-3291 1339 -322 -542 478 -521 0 0 0 0 1 80 149 55 
-4148 382 -549 -408 969 -789 0 0 0 0 1 69 141 40 
-4435 168 -639 -192 2073 -1381 0 0 0 0 1 70 149 39 
-4664 305 -427 -81 2602 -1780 0 0 0 0 1 62 145 40 
-4645 558 -87 -127 2291 -2123 0 0 0 0 1 47 144 30 
-4498 826 241 -491 780 -2175 0 0 0 0 1 47 132 30 
-4963 516 578 -1145 -809 -2296 0 0 0 0 1 57 148 43 
-5267 304 496 -1608 -1404 -2517 0 0 0 0 1 64 141 45 
-5511 123 267 -2136 -1400 -2999 0 0 0 0 1 75 134 39 
-5335 -65 -170 -2328 -970 -3217 0 0 0 0 1 76 136 52 
-5102 -136 -268 -2418 -257 -3242 0 0 0 0 1 84 149 58 
-4840 -33 -331 -2387 168 -3038 0 0 0 0 1 88 148 64 
-4837 8 -274 -2362 270 -2868 0 0 0 0 1 93 148 75 
-5056 -71 -255 -2343 155 -2686 0 0 0 0 1 96 139 69 
-5197 -165 -320 -2336 -200 -2617 0 0 0 0 1 101 154 74 
-5245 -496 -800 -2232 -359 -2596 0 0 0 0 1 114 158 82 
-5132 -669 -969 -2138 -228 -2556 0 0 0 0 1 115 142 95 
-5073 -886 -1241 -1917 160 -2464 0 0 0 0 1 127 144 90 
-4957 -1189 -1636 -1652 771 -2427 0 0 0 0 1 130 143 91 
-4823 -1350 -1773 -1507 1147 -2389 0 0 0 0 1 138 131 96 
-4699 -1493 -1565 -1505 1262 -2253 0 0 0 0 1 141 139 104 
-4424 -1319 -653 -1700 643 -2022 0 0 0 0 1 146 144 95 
-3809 -1165 -117 -1985 -850 -1340 0 0 0 0 1 143 139 111 
-3513 -1066 -347 -1662 -1533 -555 0 0 0 0 1 145 138 112 
-3021 -1071 -131 -978 -1240 170 0 0 0 0 1 149 145 122 
-2721 -1382 390 -627 -945 703 0 0 0 0 1 158 144 111 
-2336 -1702 1120 -467 -360 1665 0 0 0 0 1 154 143 124 
-1875 -1898 1953 -488 140 2401 0 0 0 0 1 153 149 121 
-1976 -2306 2556 -490 1100 3549 0 0 0 0 1 139 159 111 
-2593 -2115 2795 -26 899 4678 0 0 0 0 1 136 181 114 
-3519 -1806 2664 800 -129 5510 0 0 0 0 1 119 185 108 
-4324 -1412 2631 3001 -2603 6895 0 0 0 0 1 114 199 105 
-4769 -981 2418 6298 -5189 8029 0 0 0 0 1 104 212 108 
-5155 -950 1955 8684 -6641 8581 0 0 0 0 1 99 213 114 
-4884 -494 1120 11870 -8933 9554 0 0 0 0 1 104 195 89 
-3789 -1414 -231 14371 -10420 11344 0 0 0 0 1 97 165 80 
-3395 -2455 -780 15362 -9737 13031 0 0 0 0 1 103 157 81 
-3497 -3723 -1374 15515 -5217 16023 0 0 0 0 1 100 153 61 
-7130 -6241 -3059 13212 1285 17125 0 0 0 0 1 84 147 39 
-9179 -7944 -2825 10542 2864 15749 0 0 0 0 1 53 123 10 
-8053 -11342 -2297 6713 3289 12748 0 0 0 0 1 22 114 3 
1308 -12823 -4998 5591 4346 11518 0 0 0 0 1 -35 83 -13 
5041 -9862 -5050 5307 6352 7900 0 0 0 0 1 -57 72 -24 
2927 -8201 -2251 3714 3233 292 0 0 0 0 1 -83 55 -24 
1711 -6857 674 -1229 -4297 -5735 0 0 0 0 1 -81 42 -29 
1949 -4775 281 -5729 -8509 -7338 0 0 0 0 1 -62 45 -31 
794 -2986 -3009 -10819 -9810 -7703 0 0 0 0 1 16 98 -4 
728 -2849 -6125 -10585 -4195 -7749 0 0 0 0 1 46 133 10 
1366 -3843 -7052 -8363 291 -7821 0 0 0 0 1 56 147 34 
1338 -4281 -5465 -5029 4902 -7703 0 0 0 0 1 64 150 50 
598 -4184 -2395 -3691 5548 -7377 0 0 0 0 1 62 153 40 
-8 -3666 82 -3791 4129 -7150 0 0 0 0 1 63 149 37 
-177 -3183 249 -4044 1834 -6821 0 0 0 0 1 74 160 38 
-187 -2462 -1098 -3413 1656 -6513 0 0 0 0 1 69 155 50 
-462 -1747 -2143 -2257 3104 -6078 0 0 0 0 1 86 150 54 
-538 -1523 -1966 -1626 4082 -5602 0 0 0 0 1 90 163 31 
-722 -1296 -1657 -1140 4689 -4803 0 0 0 0 1 89 152 41 
-1180 -1051 -1485 -972 4331 -4242 0 0 0 0 1 63 142 41 
-1894 -810 -1669 -886 3851 -4145 0 0 0 0 1 69 143 38 
-2251 -611 -1830 -726 3126 -4318 0 0 0 0 1 51 125 23 
-2741 -169 -1938 -577 2422 -4606 0 0 0 0 1 61 132 20 
-2748 100 -1834 -574 1908 -4680 0 0 0 0 1 55 131 22 
-2697 308 -1837 -665 1191 -4431 0 0 0 0 1 47 117 20 
-2637 625 -2137 -722 963 -4005 0 0 0 0 1 55 106 19 
-2663 720 -2219 -781 984 -3150 0 0 0 0 1 54 112 16 
-2942 837 -2371 -751 1158 -2331 0 0 0 0 1 44 110 23 
-3234 643 -2234 -760 1703 -1658 0 0 0 0 1 48 109 10 
-3433 494 -2104 -778 2022 -1291 0 0 0 0 1 34 116 15 
-3596 522 -2134 -929 1314 -144 0 0 0 0 1 -46 121 10 
-5199 162 -1741 -1179 518 -508 0 0 0 0 1 -46 118 8 
-5419 5 -1910 -1379 -541 -1115 0 0 0 0 1 -35 122 6 
-5472 -130 -2211 -1314 -960 -1710 0 0 0 0 1 -50 128 22 
-5578 -277 -2459 -1225 -887 -2124 0 0 0 0 1 -40 139 18 
-5610 -441 -2200 -1266 -929 -2696 0 0 0 0 1 -29 143 15 
-5631 -533 -1975 -1584 -1413 -3167 0 0 0 0 1 -21 144 16 
-5607 -577 -1836 -1846 -1682 -3432 0 0 0 0 1 3 145 19 
-5506 -508 -1887 -2072 -2016 -3649 0 0 0 0 1 18 164 30 
-5348 -313 -2299 -1901 -2168 -3599 0 0 0 0 1 10 153 47 
-4903 -147 -2328 -1691 -2139 -3379 0 0 0 0 1 29 163 50 
-4576 15 -1878 -1460 -2159 -2849 0 0 0 0 1 43 160 57 
-4242 109 -1528 -1435 -2409 -2100 0 0 0 0 1 57 168 45 
-3941 335 -1215 -1475 -2707 -1544 0 0 0 0 1 79 165 73 
-3834 452 -1091 -1578 -2742 -753 0 0 0 0 1 92 161 69 
-3568 515 -1048 -1650 -2548 -34 0 0 0 0 1 87 159 79 
-3454 243 -988 -1700 -2020 513 0 0 0 0 1 99 171 79 
-3396 26 -943 -1699 -1652 738 0 0 0 0 1 96 171 90 
-3471 -259 -281 -1760 -1115 963 0 0 0 0 1 104 172 96 
-3193 -598 251 -1750 -334 1499 0 0 0 0 1 110 191 114 
-2671 -656 1379 -1590 -171 2198 0 0 0 0 1 92 198 121 
-2779 -720 1806 -692 -683 3580 0 0 0 0 1 99 210 118 
-3529 -902 2251 1035 -1581 4958 0 0 0 0 1 84 218 118 
-4545 -1198 2880 2513 -2796 5807 0 0 0 0 1 90 217 117 
-5314 -1404 3281 4911 -5505 6890 0 0 0 0 1 81 234 124 
-6099 -976 3196 7154 -8889 7769 0 0 0 0 1 68 215 114 
-5843 -1084 2248 8509 -10658 8439 0 0 0 0 1 71 207 108 
-5178 -1055 975 10362 -11662 10170 0 0 0 0 1 80 206 102 
-4358 -2064 -525 11527 -11055 11871 0 0 0 0 1 74 197 89 
-5522 -3116 -2270 12981 -8352 14252 0 0 0 0 1 84 196 88 
-6735 -4728 -5224 14314 -3704 16234 0 0 0 0 1 69 175 66 
-8347 -5936 -5755 14089 1298 16374 0 0 0 0 1 14 147 13 
-9508 -7970 -3713 12398 3605 15140 0 0 0 0 1 -18 105 -4 
-7354 -9986 -2517 8986 6304 13095 0 0 0 0 1 -51 78 -11 
-611 -11389 -2843 7182 7355 10860 0 0 0 0 1 -76 57 -19 
1980 -8727 -2314 6861 6415 7885 0 0 0 0 1 -110 12 -25 
1437 -6771 1566 5163 3986 1680 0 0 0 0 1 -120 -9 -16 
1180 -6262 2812 1329 30 -3481 0 0 0 0 1 -151 -44 -13 
620 -3990 3000 -3708 -3523 -5691 0 0 0 0 1 -129 -22 -30 
92 -3140 1905 -6703 -5150 -5831 0 0 0 0 1 -123 -1 -31 
-880 -2185 -811 -8963 -5803 -5615 0 0 0 0 1 -113 29 -25 
-897 -2191 -2496 -8312 -4150 -5415 0 0 0 0 1 -82 58 -23 
-533 -2523 -3969 -6767 -2243 -5300 0 0 0 0 1 -47 127 -6 
-350 -2705 -3611 -4100 782 -5169 0 0 0 0 1 -46 138 -1 
-362 -2651 -2788 -2117 2758 -5076 0 0 0 0 1 -43 143 3 
-740 -2157 -1118 -1167 3186 -5188 0 0 0 0 1 -40 137 6 
-855 -1846 -523 -1035 2907 -5388 0 0 0 0 1 -48 153 22 
-887 -1479 -229 -1251 2179 -5734 0 0 0 0 1 -48 145 10 
-836 -1051 -296 -1431 1611 -5891 0 0 0 0 1 -31 138 17 
-696 -618 -739 -1516 662 -5911 0 0 0 0 1 -34 160 5 
-645 -339 -1152 -1346 -8 -5696 0 0 0 0 1 -23 161 23 
-592 95 -1587 -1055 -130 -5357 0 0 0 0 1 -14 154 25 
-702 362 -1713 -908 -15 -5158 0 0 0 0 1 -4 154 20 
-893 408 -1662 -894 388 -5055 0 0 0 0 1 -3 160 31 
-1457 392 -1504 -1049 846 -5198 0 0 0 0 1 16 149 27 
-1823 299 -1609 -1115 1047 -5385 0 0 0 0 1 25 154 37 
-1959 334 -1967 -1000 1251 -5595 0 0 0 0 1 25 152 37 
-1992 713 -2132 -716 1178 -5452 0 0 0 0 1 28 147 27 
-1675 1165 -1981 -574 847 -5050 0 0 0 0 1 24 150 26 
-1661 1331 -1879 -475 467 -4312 0 0 0 0 1 50 128 26 
-2167 1349 -1923 -380 463 -3892 0 0 0 0 1 40 112 23 
-2901 1153 -2327 -269 644 -3849 0 0 0 0 1 57 131 24 
-3219 922 -2429 -149 1385 -3913 0 0 0 0 1 61 115 23 
-3279 850 -2052 -263 1832 -3752 0 0 0 0 1 61 120 18 
-3194 1044 -1557 -461 1741 -3452 0 0 0 0 1 58 105 27 
-3300 1482 -1126 -868 1002 -2782 0 0 0 0 1 54 100 20 
-3489 1424 -1252 -1069 -217 -2040 0 0 0 0 1 60 106 19 
-3978 1169 -1516 -975 -906 -1650 0 0 0 0 1 55 109 31 
-4534 774 -1544 -860 -884 -1626 0 0 0 0 1 58 107 27 
-4746 512 -1604 -610 -337 -1749 0 0 0 0 1 58 110 25 
-4795 380 -1541 -469 464 -1834 0 0 0 0 1 71 109 33 
-4829 557 -1322 -389 1708 -1850 0 0 0 0 1 61 103 20 
-4713 939 -1066 -479 2185 -1571 0 0 0 0 1 54 110 13 
-4616 1065 -662 -674 2103 -1269 0 0 0 0 1 49 110 18 
-4786 964 -470 -1112 1720 -944 0 0 0 0 1 37 103 18 
-5439 499 -157 -1672 1237 -972 0 0 0 0 1 43 118 26 
-5670 232 -21 -2076 938 -1171 0 0 0 0 1 42 112 13 
-5862 141 -51 -2592 523 -1673 0 0 0 0 1 29 116 22 
-5971 79 -185 -2837 228 -2032 0 0 0 0 1 28 137 30 
-5809 34 -277 -3017 -193 -2434 0 0 0 0 1 42 125 25 
-5676 -154 -587 -2927 -494 -2737 0 0 0 0 1 51 142 41 
-5741 -390 -726 -2766 -525 -2963 0 0 0 0 1 46 143 45 
-5720 -512 -602 -2552 -554 -3275 0 0 0 0 1 67 155 50 
-5341 -716 -453 -2434 -981 -3313 0 0 0 0 1 71 148 54 
-4696 -840 -227 -2427 -1301 -3153 0 0 0 0 1 92 149 65 
-4381 -882 -249 -2375 -1519 -2742 0 0 0 0 1 93 153 77 
-3997 -896 -563 -2140 -1358 -2187 0 0 0 0 1 95 150 91 
-3477 -700 -667 -1818 -1049 -1534 0 0 0 0 1 110 154 83 
-3368 -622 -612 -1611 -918 -1085 0 0 0 0 1 121 150 87 
-3283 -643 -462 -1410 -757 -475 0 0 0 0 1 116 153 94 
-3310 -556 -488 -1310 -614 -159 0 0 0 0 1 123 163 105 
-3425 -406 -625 -1169 -393 236 0 0 0 0 1 134 164 97 
-3486 25 -799 -1122 -433 766 0 0 0 0 1 122 174 109 
-3444 319 -282 -1254 -635 1298 0 0 0 0 1 122 166 116 
-3004 497 626 -1690 -925 2611 0 0 0 0 1 126 175 105 
-2566 787 982 -1924 -677 4658 0 0 0 0 1 133 190 117 
-2709 1289 730 -1669 -232 6080 0 0 0 0 1 95 214 133 
-3211 1439 372 -739 563 7893 0 0 0 0 1 88 229 131 
-4519 1357 866 272 339 9208 0 0 0 0 1 58 247 137 
-5401 872 2076 734 -1009 9782 0 0 0 0 1 37 257 132 
-6248 421 3513 1546 -5417 10104 0 0 0 0 1 12 271 126 
-7568 -60 4413 2606 -9573 9785 0 0 0 0 1 -2 267 132 
-8402 -1202 3907 4854 -14995 8399 0 0 0 0 1 -2 260 137 
-7859 -2923 2631 6659 -16592 7104 0 0 0 0 1 22 256 119 
-5043 -4410 775 7433 -15645 7379 0 0 0 0 1 34 246 105 
-3693 -4942 -1205 9349 -12107 9352 0 0 0 0 1 43 239 98 
-4141 -5625 -5071 12587 -6375 11289 0 0 0 0 1 36 234 89 
-6071 -6789 -5985 14190 -2911 12226 0 0 0 0 1 16 206 51 
-8033 -8509 -6010 14574 1282 12748 0 0 0 0 1 0 166 27 
-8106 -9786 -5535 12379 4836 11965 0 0 0 0 1 -57 82 -3 
-3953 -11147 -5357 9377 7391 10459 0 0 0 0 1 -94 49 -23 
1771 -9752 -3838 7445 7018 8431 0 0 0 0 1 -127 19 -9 
1606 -7029 -349 4189 3337 2315 0 0 0 0 1 -151 -14 -23 
926 -5593 807 229 336 -4227 0 0 0 0 1 -143 -14 -13 
547 -3055 1426 -3937 -2176 -7513 0 0 0 0 1 -147 1 -22 
392 -2581 1154 -7307 -4813 -7720 0 0 0 0 1 -142 25 -19 
-356 -2551 -1177 -8322 -5327 -7197 0 0 0 0 1 -116 62 -24 
-732 -2620 -3416 -7775 -4210 -6407 0 0 0 0 1 -83 91 -26 
-836 -2922 -3998 -5781 -1528 -5948 0 0 0 0 1 -62 138 5 
-904 -2945 -3769 -3600 1028 -5928 0 0 0 0 1 -46 145 29 
-885 -2184 -2083 -2156 1944 -6169 0 0 0 0 1 -40 159 20 
-975 -1676 -1270 -1734 1805 -6460 0 0 0 0 1 -37 169 27 
-1020 -957 -636 -1673 1061 -6885 0 0 0 0 1 -31 160 22 
-871 -639 -721 -1828 127 -6808 0 0 0 0 1 -4 161 23 
-679 -396 -1254 -1826 -229 -6473 0 0 0 0 1 8 163 24 
-779 -171 -1800 -1432 43 -5916 0 0 0 0 1 20 168 33 
-1050 93 -2390 -712 1079 -5518 0 0 0 0 1 33 166 37 
-1335 274 -2273 -294 1915 -5374 0 0 0 0 1 20 170 33 
-1692 287 -2098 71 2705 -5369 0 0 0 0 1 33 152 25 
-2696 800 -1243 -36 2572 -5663 0 0 0 0 1 41 143 24 
-2941 891 -920 -353 2072 -5845 0 0 0 0 1 30 137 27 
-2973 1032 -852 -892 1231 -5826 0 0 0 0 1 38 138 29 
-2730 1087 -1447 -1101 1154 -5402 0 0 0 0 1 40 132 27 
-2653 1273 -2101 -969 1571 -5000 0 0 0 0 1 36 128 22 
-2682 1328 -2399 -474 2491 -4345 0 0 0 0 1 49 120 20 
-3030 1365 -2103 -179 3086 -3999 0 0 0 0 1 41 126 15 
-3290 1336 -1877 95 3545 -3695 0 0 0 0 1 25 107 16 
-3709 1175 -1735 187 3663 -3615 0 0 0 0 1 22 111 10 
-4031 1136 -1521 133 3668 -3642 0 0 0 0 1 9 103 9 
-4043 1187 -1414 -133 3321 -3600 0 0 0 0 1 -3 101 5 
-3975 1232 -1220 -625 2403 -3319 0 0 0 0 1 2 100 6 
-4039 1349 -943 -1027 1548 -3048 0 0 0 0 1 -2 98 0 
-4258 1443 -1032 -1477 311 -2657 0 0 0 0 1 -7 103 4 
-4465 1373 -1445 -1526 -175 -2275 0 0 0 0 1 -2 107 9 
-4560 987 -1686 -1248 171 -2007 0 0 0 0 1 2 115 11 
-4640 741 -1714 -997 647 -1924 0 0 0 0 1 -9 122 16 
-4810 488 -1559 -804 1275 -2005 0 0 0 0 1 1 99 5 
-5253 79 -1181 -893 1257 -2189 0 0 0 0 1 8 118 8 
-5467 -147 -1016 -1304 565 -2544 0 0 0 0 1 -7 127 11 
-5529 -379 -784 -1859 -469 -2844 0 0 0 0 1 0 122 18 
-5356 -391 -994 -2154 -1488 -2918 0 0 0 0 1 10 133 26 
-5065 -354 -1370 -2092 -1775 -2855 0 0 0 0 1 20 126 24 
-4911 -345 -1480 -1734 -1722 -2652 0 0 0 0 1 25 120 30 
-4598 -456 -1458 -1269 -1411 -2327 0 0 0 0 1 47 132 32 
-4573 -712 -1309 -1004 -1186 -2113 0 0 0 0 1 47 130 41 
-4735 -1013 -1173 -769 -1128 -1856 0 0 0 0 1 61 137 37 
-4923 -1442 -844 -719 -1327 -1663 0 0 0 0 1 73 154 41 
-5087 -1686 -641 -712 -1509 -1599 0 0 0 0 1 61 142 48 
-5220 -1609 -556 -662 -1844 -1587 0 0 0 0 1 74 138 43 
-4991 -1267 -542 -491 -2345 -1420 0 0 0 0 1 96 137 62 
-4787 -1093 -585 -288 -2647 -1154 0 0 0 0 1 103 127 62 
-4631 -947 -598 124 -2880 -588 0 0 0 0 1 106 134 69 
-4396 -730 -742 461 -2920 -129 0 0 0 0 1 129 120 62 
-4188 -504 -766 984 -2818 576 0 0 0 0 1 128 123 75 
-4033 -394 -626 1365 -2687 1243 0 0 0 0 1 134 120 83 
-3804 -300 -167 1447 -2708 1704 0 0 0 0 1 135 123 87 
-3463 -295 471 1163 -2721 2690 0 0 0 0 1 147 128 96 
-2153 374 1810 684 -3119 4487 0 0 0 0 1 148 132 107 
-1914 570 1242 924 -3284 5916 0 0 0 0 1 153 147 102 
-2185 625 1347 2004 -2134 7888 0 0 0 0 1 136 157 107 
-2924 769 2156 3132 -1651 9094 0 0 0 0 1 130 172 103 
-4578 1149 2234 5554 -2244 10312 0 0 0 0 1 120 183 102 
-5307 929 1974 8255 -3624 10856 0 0 0 0 1 92 186 95 
-5597 196 2292 9503 -5152 11062 0 0 0 0 1 75 179 69 
-5906 -324 2265 10285 -8581 11337 0 0 0 0 1 74 170 73 
-5910 -3440 1577 10032 -8561 11561 0 0 0 0 1 74 180 54 
-6122 -5492 -177 9530 -6886 11598 0 0 0 0 1 79 168 52 
-7244 -8071 -2409 8173 -2335 10756 0 0 0 0 1 67 153 38 
-7740 -10610 -4915 7885 717 9530 0 0 0 0 1 48 155 24 
-2172 -13335 -8584 8555 3433 10240 0 0 0 0 1 7 122 9 
4074 -10171 -9616 9716 8942 12314 0 0 0 0 1 -21 110 -13 
3152 -6925 -6930 8980 9999 10088 0 0 0 0 1 -71 60 -15 
332 -6408 817 6571 6746 5971 0 0 0 0 1 -107 38 -19 
405 -6687 4339 861 964 -590 0 0 0 0 1 -121 13 -19 
34 -5012 5043 -4734 -4010 -5396 0 0 0 0 1 -103 51 -9 
-691 -2989 2404 -7928 -6147 -7793 0 0 0 0 1 -84 63 -25 
-636 -2041 -1408 -8135 -5882 -8253 0 0 0 0 1 -43 89 -5 
-424 -2087 -3643 -6127 -3553 -7975 0 0 0 0 1 -29 118 -5 
-314 -2204 -3863 -3085 -180 -6948 0 0 0 0 1 -12 126 10 
-354 -2422 -3453 -1309 1905 -6006 0 0 0 0 1 4 144 20 
-656 -2442 -2806 305 3847 -4752 0 0 0 0 1 1 136 19 
-1363 -2281 -1644 656 3888 -4266 0 0 0 0 1 -2 117 4 
-2176 -1851 -838 434 3171 -4450 0 0 0 0 1 -16 120 11 
-2289 -1571 -758 -41 2192 -4958 0 0 0 0 1 -7 110 6 
-1976 -1183 -1364 -215 1700 -5169 0 0 0 0 1 -9 120 -2 
-1524 -830 -2008 -118 1577 -5025 0 0 0 0 1 -10 114 5 
-1052 -481 -2449 217 1542 -4373 0 0 0 0 1 -18 103 -4 
-888 -320 -2723 654 1644 -3492 0 0 0 0 1 -20 104 1 
-1024 -39 -2957 1076 2072 -2820 0 0 0 0 1 -16 95 2 
-1347 -52 -3001 1282 2411 -2547 0 0 0 0 1 -11 95 -13 
-1428 -17 -2850 1397 2636 -2397 0 0 0 0 1 -29 77 -22 
-1940 145 -2699 1385 2460 -2526 0 0 0 0 1 -37 66 -13 
-2225 402 -2666 1312 1921 -2883 0 0 0 0 1 -53 57 -10 
-2072 496 -2729 1223 1437 -3111 0 0 0 0 1 -49 66 -9 
-1860 559 -2832 1170 1207 -3020 0 0 0 0 1 -49 56 -11 
-1530 878 -3193 1228 1177 -2795 0 0 0 0 1 -50 45 -15 
-1257 1178 -3593 1484 1357 -2262 0 0 0 0 1 -60 40 -22 
-1282 1313 -3755 1838 1950 -1670 0 0 0 0 1 -82 31 -23 
-1706 1455 -3709 2047 2326 -1389 0 0 0 0 1 -80 14 -20 
-2139 1505 -3529 2180 2441 -1227 0 0 0 0 1 -97 28 -24 
-2404 1520 -3057 2041 2136 -1193 0 0 0 0 1 -101 2 -9 
-2240 1483 -2818 1875 1797 -1134 0 0 0 0 1 -110 0 -13 
-1954 1502 -2793 1627 1257 -917 0 0 0 0 1 -107 -3 -12 
-1821 1408 -2770 1455 771 -753 0 0 0 0 1 -115 -24 -18 
-2382 1384 -2647 1325 266 -910 0 0 0 0 1 -114 -23 -17 
-2844 1298 -2482 1201 -259 -1246 0 0 0 0 1 -122 -29 -9 
-2954 1106 -2331 1122 -615 -1465 0 0 0 0 1 -127 -34 -13 
-2884 952 -2067 973 -1211 -1753 0 0 0 0 1 -110 -44 -9 
-2760 831 -1945 808 -1850 -1984 0 0 0 0 1 -104 -23 -1 
-2780 626 -1746 635 -2549 -2276 0 0 0 0 1 -108 -41 4 
-3140 491 -1485 490 -2996 -2551 0 0 0 0 1 -100 -47 -12 
-3247 402 -1373 259 -3584 -2989 0 0 0 0 1 -86 -40 -19 
-3348 346 -1259 -2 -4276 -3371 0 0 0 0 1 -56 -44 -18 
-3112 291 -1097 -261 -4926 -3571 0 0 0 0 1 -54 -39 -25 
-2880 209 -1133 -385 -5254 -3581 0 0 0 0 1 -33 -36 -20 
-2467 -817 -927 1890 2160 1377 0 0 0 0 1 70 -100 13 
-2413 -790 -761 2140 1782 1486 0 0 0 0 1 68 -107 20 
-2329 -911 -669 2299 1219 1470 0 0 0 0 1 53 -118 26 
-2105 -991 -534 2358 721 1410 0 0 0 0 1 60 -111 33 
-1994 -1062 -407 2372 16 1244 0 0 0 0 1 49 -132 37 
-2046 -1104 -419 2330 -335 1026 0 0 0 0 1 60 -126 33 
-2035 -1143 -518 2332 -492 805 0 0 0 0 1 57 -143 38 
-1958 -1143 -584 2335 -510 668 0 0 0 0 1 62 -145 50 
-1952 -1134 -597 2318 -431 467 0 0 0 0 1 73 -147 55 
-1961 -1131 -563 2244 -335 309 0 0 0 0 1 66 -159 65 
-1831 -1162 -513 2160 -285 261 0 0 0 0 1 64 -172 52 
-1792 -1206 -456 1980 -175 241 0 0 0 0 1 73 -183 67 
-1792 -1242 -390 1770 19 224 0 0 0 0 1 63 -193 69 
-1901 -1371 -413 1639 176 184 0 0 0 0 1 64 -190 61 
-1961 -1465 -418 1466 473 65 0 0 0 0 1 75 -188 72 
-2070 -1540 -413 1320 826 -146 0 0 0 0 1 61 -196 72 
-2169 -1490 -334 1228 1059 -343 0 0 0 0 1 67 -192 71 
-2153 -1278 -345 1122 1303 -696 0 0 0 0 1 55 -202 77 
-2094 -1117 -340 1050 1356 -1030 0 0 0 0 1 50 -202 73 
-1917 -931 -362 1019 1281 -1203 0 0 0 0 1 42 -225 83 
-1747 -877 -427 998 1060 -1357 0 0 0 0 1 31 -209 80 
-1654 -890 -471 1001 840 -1414 0 0 0 0 1 28 -225 76 
-1544 -953 -499 1009 720 -1404 0 0 0 0 1 20 -224 71 
-1506 -1021 -510 1005 549 -1336 0 0 0 0 1 22 -244 77 
-1459 -1113 -543 1000 345 -1238 0 0 0 0 1 15 -236 75 
-1517 -1218 -575 993 195 -1173 0 0 0 0 1 16 -237 95 
-1551 -1322 -566 961 10 -1074 0 0 0 0 1 7 -245 88 
-1602 -1450 -556 913 -69 -995 0 0 0 0 1 -1 -253 101 
-1631 -1499 -611 884 -106 -940 0 0 0 0 1 -2 -240 102 
-1637 -1502 -744 897 -208 -859 0 0 0 0 1 -7 -260 95 
-1245 -1134 -947 1706 1597 338 0 0 0 0 1 -17 -298 140 
-1250 -1132 -921 1664 1741 568 0 0 0 0 1 -23 -291 139 
-1280 -1180 -813 1571 1825 759 0 0 0 0 1 -20 -295 138 
-1328 -1221 -760 1475 1877 850 0 0 0 0 1 -22 -302 150 
-1367 -1241 -717 1313 1863 922 0 0 0 0 1 -27 -302 145 
-1480 -1295 -694 1147 1697 916 0 0 0 0 1 -27 -307 166 
