Data Quantity : 14  Accelerometer : 3  Gyroscope : 3  FSR : 5







-1488 1367 -473 -141 -45 274 0 0 0 0 1 127 112 74 
-1493 1363 -469 -131 -85 282 0 0 0 0 1 127 103 90 
-1491 1341 -449 -120 -98 262 0 0 0 0 1 127 105 90 
-1481 1335 -422 -118 -83 237 0 0 0 0 1 138 114 96 
-1458 1304 -406 -111 -69 196 0 0 0 0 1 130 118 80 
-1454 1290 -392 -103 -60 141 0 0 0 0 1 141 105 88 
-1455 1294 -383 -98 -58 104 0 0 0 0 1 139 117 90 
-1454 1291 -383 -94 -47 54 0 0 0 0 1 135 111 94 
-1449 1284 -375 -88 -25 26 0 0 0 0 1 138 104 80 
-1454 1279 -365 -95 29 -2 0 0 0 0 1 133 109 91 
-1433 1302 -390 -82 25 -3 0 0 0 0 1 139 107 93 
-1460 1300 -375 -85 -1 -1 0 0 0 0 1 136 100 90 
-1465 1297 -384 -85 -37 10 0 0 0 0 1 129 117 93 
-1484 1313 -409 -77 -44 17 0 0 0 0 1 141 117 88 
-1481 1317 -407 -68 -18 29 0 0 0 0 1 140 116 91 
-1468 1323 -412 -54 -8 37 0 0 0 0 1 129 120 90 
-1496 1337 -429 -41 -20 32 0 0 0 0 1 135 114 91 
-1487 1331 -424 -23 -44 17 0 0 0 0 1 133 106 89 
-1516 1320 -427 -9 -50 -1 0 0 0 0 1 127 122 81 
-1535 1327 -439 9 -35 -24 0 0 0 0 1 126 109 103 
-1501 1325 -426 19 -6 -26 0 0 0 0 1 134 112 83 
-1477 1306 -396 21 35 -15 0 0 0 0 1 136 107 86 
-1453 1290 -384 14 42 16 0 0 0 0 1 130 118 84 
-1406 1253 -354 -3 25 36 0 0 0 0 1 142 121 80 
-1394 1241 -326 -31 0 35 0 0 0 0 1 136 120 83 
-1411 1254 -308 -47 -22 5 0 0 0 0 1 134 105 104 
-1455 1263 -297 -76 -41 -89 0 0 0 0 1 138 109 94 
-1460 1278 -263 -93 -43 -144 0 0 0 0 1 136 105 88 
-1420 1272 -229 -121 -18 -202 0 0 0 0 1 133 106 91 
-1419 1288 -229 -137 17 -245 0 0 0 0 1 132 120 83 
-1464 1326 -237 -130 22 -278 0 0 0 0 1 145 101 87 
-1495 1377 -216 -105 50 -321 0 0 0 0 1 147 106 80 
-1514 1440 -243 -66 78 -335 0 0 0 0 1 133 109 84 
-1521 1493 -228 -1 117 -327 0 0 0 0 1 149 109 89 
-1553 1600 -144 30 170 -274 0 0 0 0 1 138 106 87 
-1558 1679 -131 50 195 -229 0 0 0 0 1 139 117 93 
-1567 1751 -67 51 214 -158 0 0 0 0 1 142 104 82 
-1589 1832 43 12 185 -122 0 0 0 0 1 136 115 86 
-1593 1895 105 -107 88 -84 0 0 0 0 1 138 109 84 
-1601 1987 165 -213 31 -75 0 0 0 0 1 139 103 95 
-1570 2024 161 -383 10 -55 0 0 0 0 1 140 104 87 
-1505 2050 89 -494 40 -36 0 0 0 0 1 145 101 82 
-1441 2042 14 -627 140 -2 0 0 0 0 1 139 100 76 
-1405 2010 -144 -705 287 -4 0 0 0 0 1 140 121 73 
-1356 1957 -193 -857 609 -37 0 0 0 0 1 141 110 90 
-1280 1776 -314 -1024 812 -94 0 0 0 0 1 134 117 90 
-1185 1572 -428 -1136 885 -150 0 0 0 0 1 135 131 91 
-1091 1427 -499 -1302 992 -267 0 0 0 0 1 119 133 94 
-967 1244 -680 -1416 1128 -393 0 0 0 0 1 122 130 90 
-857 1012 -786 -1604 1532 -671 0 0 0 0 1 139 134 76 
-748 839 -853 -1798 1949 -1016 0 0 0 0 1 119 133 80 
-590 568 -1080 -1903 2198 -1392 0 0 0 0 1 117 139 97 
-510 352 -1193 -1941 2354 -1672 0 0 0 0 1 121 143 82 
-507 209 -1186 -2026 2561 -2117 0 0 0 0 1 108 152 86 
-657 -4 -1053 -2131 2652 -2461 0 0 0 0 1 109 143 84 
-808 -60 -916 -2372 2664 -3019 0 0 0 0 1 106 142 62 
-1015 -180 -793 -2663 2549 -3566 0 0 0 0 1 103 144 79 
-1173 -224 -743 -2861 2460 -3910 0 0 0 0 1 112 131 66 
-1300 -184 -732 -3136 2262 -4330 0 0 0 0 1 108 127 74 
-1528 -161 -694 -3327 2157 -4567 0 0 0 0 1 107 136 68 
-1657 -140 -641 -3591 2178 -4879 0 0 0 0 1 126 136 71 
-1885 -142 -760 -3686 2344 -5072 0 0 0 0 1 112 145 87 
-2070 -134 -900 -3621 2943 -5384 0 0 0 0 1 130 136 91 
-8413 -1174 -608 -835 600 -5907 0 0 0 0 1 112 126 66 
-7674 -1754 -427 -67 -1712 -5196 0 0 0 0 1 117 132 60 
-7203 -1988 -472 229 -2866 -3732 0 0 0 0 1 132 112 62 
-6348 -2576 -1167 607 -2578 -2458 0 0 0 0 1 140 109 71 
-5693 -2848 -1369 1564 -1161 -269 0 0 0 0 1 155 95 86 
-5037 -3319 -1079 2669 73 1927 0 0 0 0 1 151 88 86 
-5068 -3619 514 3273 256 4110 0 0 0 0 1 146 90 88 
-5313 -3605 1343 3567 -869 5678 0 0 0 0 1 136 90 81 
-5645 -3604 1463 4692 -3027 8033 0 0 0 0 1 139 90 74 
-6286 -3688 1764 6041 -4738 9708 0 0 0 0 1 140 96 75 
-6866 -3837 907 9066 -7508 12236 0 0 0 0 1 151 112 74 
-7493 -4442 -83 11914 -7414 14148 0 0 0 0 1 153 120 95 
-7395 -5929 -1996 12952 -6244 15185 0 0 0 0 1 130 123 82 
-6724 -7391 -2528 12895 -5124 17011 0 0 0 0 1 133 141 80 
-4825 -10365 -6273 13081 -3210 19339 0 0 0 0 1 113 159 67 
-3147 -11631 -8507 13695 719 21211 0 0 0 0 1 80 157 44 
-1564 -12166 -9639 13570 10483 23261 0 0 0 0 1 44 149 23 
-288 -10787 -6722 9816 15022 19740 0 0 0 0 1 -94 98 -18 
-2797 -9129 1531 6042 11269 12827 0 0 0 0 1 -155 56 -23 
-1705 -9724 5392 123 1582 1330 0 0 0 0 1 -171 42 -12 
737 -8202 4616 -5558 -7468 -5595 0 0 0 0 1 -148 39 -23 
1456 -4771 -78 -8279 -9703 -7480 0 0 0 0 1 -116 72 -15 
2101 -2673 -3447 -8734 -7382 -7786 0 0 0 0 1 -46 143 -8 
2827 -2234 -4262 -6406 -2513 -6837 0 0 0 0 1 -17 150 8 
1688 -2582 -2831 -4527 315 -6342 0 0 0 0 1 -14 174 25 
1170 -2155 -1451 -2740 1186 -5198 0 0 0 0 1 -4 183 39 
1515 -1317 -186 -2352 -554 -3179 0 0 0 0 1 5 185 38 
1313 -712 -567 -2207 -362 -2071 0 0 0 0 1 14 186 39 
1015 -715 -1177 -1584 1066 -1094 0 0 0 0 1 20 199 50 
485 -603 -1287 -830 1959 -823 0 0 0 0 1 12 197 40 
183 -603 -1170 -456 1875 -878 0 0 0 0 1 9 201 48 
13 -555 -1162 -300 1306 -1266 0 0 0 0 1 5 207 47 
92 -646 -1532 -373 961 -1618 0 0 0 0 1 7 183 58 
239 -729 -1964 -553 912 -2233 0 0 0 0 1 15 192 47 
265 -599 -2169 -658 1206 -2899 0 0 0 0 1 10 199 47 
527 -493 -2235 -710 1462 -3257 0 0 0 0 1 23 183 48 
613 -407 -2089 -852 1695 -3698 0 0 0 0 1 31 192 45 
439 -309 -1882 -1023 1467 -4188 0 0 0 0 1 33 188 51 
-33 -293 -1916 -1108 1102 -4599 0 0 0 0 1 35 188 48 
-443 -262 -2113 -1129 575 -5286 0 0 0 0 1 38 185 59 
-740 -43 -2384 -1118 409 -5646 0 0 0 0 1 53 182 54 
-881 130 -2428 -1086 610 -5924 0 0 0 0 1 61 174 62 
-818 517 -2195 -1177 1142 -5854 0 0 0 0 1 71 163 64 
-1153 742 -1902 -1316 1357 -5707 0 0 0 0 1 86 150 61 
-1447 726 -1654 -1639 1433 -5434 0 0 0 0 1 94 139 53 
-2424 713 -1472 -1876 1245 -5287 0 0 0 0 1 93 145 64 
-2941 606 -1251 -2243 1038 -4976 0 0 0 0 1 92 139 65 
-3100 506 -1241 -2462 1088 -4515 0 0 0 0 1 107 148 59 
-3501 421 -1256 -2467 1261 -4225 0 0 0 0 1 104 131 68 
-3708 382 -1126 -2365 1758 -3904 0 0 0 0 1 101 137 60 
-4132 295 -926 -2201 2218 -3760 0 0 0 0 1 106 130 58 
-4581 163 -659 -2129 2370 -3696 0 0 0 0 1 102 136 59 
-4839 -33 -353 -2204 2288 -3570 0 0 0 0 1 106 137 53 
-4936 -157 12 -2448 1839 -3335 0 0 0 0 1 103 122 58 
-4823 -150 -25 -2595 1495 -3114 0 0 0 0 1 100 138 59 
-4710 -203 -148 -2662 1389 -2789 0 0 0 0 1 99 130 58 
-4825 -419 -551 -2527 1848 -2600 0 0 0 0 1 99 139 69 
-5047 -795 -600 -2421 2265 -2535 0 0 0 0 1 97 128 75 
-5127 -921 -514 -2339 2527 -2473 0 0 0 0 1 102 148 66 
-5155 -1011 -451 -2331 2414 -2456 0 0 0 0 1 97 141 73 
-5339 -1119 -582 -2360 1965 -2538 0 0 0 0 1 79 150 66 
-5458 -1280 -704 -2400 1573 -2760 0 0 0 0 1 90 145 64 
-5583 -1409 -774 -2428 1386 -2939 0 0 0 0 1 80 149 69 
-5463 -1412 -800 -2451 1012 -3098 0 0 0 0 1 83 153 71 
-5090 -1336 -769 -2430 544 -3016 0 0 0 0 1 96 152 79 
-4920 -1378 -839 -2341 255 -2823 0 0 0 0 1 92 161 76 
-4877 -1447 -939 -2072 148 -2480 0 0 0 0 1 102 143 77 
-4855 -1583 -1019 -1827 300 -2239 0 0 0 0 1 109 158 91 
-4755 -1683 -796 -1506 583 -1801 0 0 0 0 1 97 153 91 
-4709 -1687 -542 -1321 639 -1273 0 0 0 0 1 110 154 88 
-4752 -1713 -286 -1235 588 -893 0 0 0 0 1 114 143 94 
-4876 -1805 -156 -1129 767 -331 0 0 0 0 1 115 159 88 
-4809 -2063 313 -1146 1501 365 0 0 0 0 1 116 150 94 
-4796 -2134 795 -1118 1785 896 0 0 0 0 1 106 169 76 
-5152 -2179 696 -665 1432 1627 0 0 0 0 1 92 161 86 
-5714 -2279 856 -90 961 2060 0 0 0 0 1 103 166 86 
-6099 -2433 1119 1168 95 2761 0 0 0 0 1 92 174 93 
-6520 -2485 1246 2895 -757 3509 0 0 0 0 1 88 168 73 
-6672 -2191 1095 4185 -1649 3998 0 0 0 0 1 68 166 65 
-6554 -2046 885 5981 -3625 4951 0 0 0 0 1 80 166 69 
-6204 -1813 631 6916 -5232 5792 0 0 0 0 1 87 152 65 
-5814 -1834 7 8069 -7637 7331 0 0 0 0 1 81 136 50 
-5320 -2194 -498 8902 -9023 9183 0 0 0 0 1 90 131 61 
-4982 -2940 -1147 9521 -9448 10581 0 0 0 0 1 115 125 69 
-5037 -3203 -2508 11317 -9911 12662 0 0 0 0 1 133 116 64 
-4883 -5154 -4693 13849 -7799 14661 0 0 0 0 1 126 118 59 
-4402 -7861 -6817 15282 -3600 15930 0 0 0 0 1 126 126 66 
-2409 -9513 -7782 15384 4489 18372 0 0 0 0 1 102 106 40 
-677 -9570 -6728 11345 11943 19652 0 0 0 0 1 67 101 3 
972 -9798 -2807 7320 13233 17612 0 0 0 0 1 -51 83 -32 
1184 -9726 212 2921 4529 9547 0 0 0 0 1 -89 56 -39 
2291 -9230 2988 638 -2461 2864 0 0 0 0 1 -82 61 -30 
1048 -8557 1385 -4211 -9145 -5897 0 0 0 0 1 -54 66 -27 
265 -6825 526 -10563 -10948 -9987 0 0 0 0 1 -9 83 -20 
425 -3761 -3599 -12395 -7735 -9945 0 0 0 0 1 36 96 1 
1658 -2495 -5499 -10536 -4558 -8826 0 0 0 0 1 100 158 54 
1356 -2233 -4211 -6160 1333 -7065 0 0 0 0 1 113 154 60 
926 -1816 -2880 -3102 4190 -5095 0 0 0 0 1 116 155 68 
333 -1658 -359 -2631 3843 -3627 0 0 0 0 1 116 148 57 
-340 -1571 93 -2973 2123 -2048 0 0 0 0 1 102 141 71 
-1641 -1501 -1190 -2822 2243 -1712 0 0 0 0 1 102 158 66 
-1986 -1236 -1836 -2294 2990 -1940 0 0 0 0 1 97 160 73 
-2130 -866 -2086 -1486 3594 -2295 0 0 0 0 1 93 155 68 
-1899 -554 -2103 -1207 3518 -2335 0 0 0 0 1 89 159 65 
-1775 -499 -2138 -1242 2947 -2225 0 0 0 0 1 80 164 58 
-1666 -595 -2045 -1609 2441 -2164 0 0 0 0 1 87 159 53 
-1623 -606 -1989 -1820 2216 -2262 0 0 0 0 1 74 141 59 
-1678 -394 -2013 -1937 1974 -2661 0 0 0 0 1 82 164 53 
-1753 -258 -1825 -1938 1935 -3123 0 0 0 0 1 71 160 57 
-1869 -121 -1594 -1914 1847 -3400 0 0 0 0 1 76 160 52 
-2082 88 -1364 -1908 1502 -3665 0 0 0 0 1 80 154 53 
-1923 349 -1073 -1919 1141 -3580 0 0 0 0 1 81 158 54 
-1903 597 -817 -1951 618 -3232 0 0 0 0 1 84 157 60 
-2012 745 -656 -1979 406 -2984 0 0 0 0 1 89 154 67 
-2186 752 -501 -1994 412 -2921 0 0 0 0 1 100 158 59 
-2407 680 -481 -1976 568 -2963 0 0 0 0 1 108 154 74 
-2680 542 -373 -1975 812 -3034 0 0 0 0 1 97 155 87 
-2887 566 -429 -1904 1182 -3090 0 0 0 0 1 103 157 74 
-2937 738 -446 -1705 1327 -2853 0 0 0 0 1 97 155 68 
-2784 824 -261 -1549 1411 -2535 0 0 0 0 1 89 139 60 
-2862 930 -113 -1274 1580 -2048 0 0 0 0 1 103 149 74 
-3239 831 -16 -1068 1665 -1818 0 0 0 0 1 110 147 72 
-3817 629 -83 -726 1750 -1676 0 0 0 0 1 95 148 75 
-4050 466 -133 -411 2036 -1649 0 0 0 0 1 102 138 71 
-4290 338 -115 -284 2311 -1595 0 0 0 0 1 96 137 65 
-4347 380 -22 -248 2467 -1398 0 0 0 0 1 83 141 61 
-4369 451 1 -421 2103 -1107 0 0 0 0 1 84 130 51 
-4489 402 -16 -744 1395 -832 0 0 0 0 1 73 137 39 
-4627 298 -102 -972 1042 -714 0 0 0 0 1 66 144 62 
-4777 128 -176 -1251 1000 -643 0 0 0 0 1 63 142 48 
-4926 -63 -490 -1304 1223 -653 0 0 0 0 1 70 137 51 
-5206 -90 -760 -1426 -255 -598 0 0 0 0 1 81 160 71 
-4439 240 -275 -1357 -358 -321 0 0 0 0 1 84 164 76 
-4341 270 -37 -1262 -556 -2 0 0 0 0 1 84 179 76 
-4225 230 341 -1178 -548 252 0 0 0 0 1 83 165 80 
-3939 55 662 -1124 -263 437 0 0 0 0 1 81 175 87 
-3764 -40 971 -1027 461 743 0 0 0 0 1 88 185 91 
-3687 -258 1201 -761 1032 1123 0 0 0 0 1 84 196 88 
-3886 -440 1651 -486 1223 1403 0 0 0 0 1 79 190 82 
-4205 -627 1895 176 832 1904 0 0 0 0 1 86 185 87 
-5318 -646 2549 1232 -458 2493 0 0 0 0 1 68 186 102 
-5691 -429 2359 2358 -2075 3113 0 0 0 0 1 67 197 80 
-5872 -181 1823 4856 -4804 4455 0 0 0 0 1 76 182 77 
-6059 256 669 6781 -6083 5466 0 0 0 0 1 79 170 75 
-6119 644 -102 9292 -7745 7220 0 0 0 0 1 93 172 71 
-5649 412 -753 10914 -10017 9776 0 0 0 0 1 93 143 52 
-5570 -304 -1556 11849 -11433 11927 0 0 0 0 1 95 143 57 
-5729 -1424 -3350 14225 -10714 15694 0 0 0 0 1 107 133 66 
-7112 -4680 -6281 16825 -2752 19450 0 0 0 0 1 117 134 60 
-7820 -5651 -6468 17206 4498 21580 0 0 0 0 1 42 122 13 
-8864 -6111 -4707 14035 10739 21974 0 0 0 0 1 1 77 -15 
-8723 -7612 601 10299 9866 19079 0 0 0 0 1 -49 56 -25 
-5584 -9680 4345 4849 4935 11319 0 0 0 0 1 -87 26 -27 
113 -11126 5237 1553 546 3210 0 0 0 0 1 -101 -4 -27 
1662 -9224 605 73 -1467 -3285 0 0 0 0 1 -95 -1 -36 
420 -7471 -1555 -721 -2098 -6445 0 0 0 0 1 -75 2 -37 
-321 -6142 -2342 -2968 -2243 -8574 0 0 0 0 1 -69 11 -31 
-487 -4501 -1092 -6700 -2821 -7620 0 0 0 0 1 -64 25 -22 
-658 -3158 -107 -9027 -3505 -6024 0 0 0 0 1 -46 57 -22 
-1042 -2511 -822 -10468 -3615 -4022 0 0 0 0 1 -31 96 -24 
-1517 -2620 -2198 -9459 -1873 -3425 0 0 0 0 1 -2 144 18 
-1645 -2581 -1469 -8185 -533 -3698 0 0 0 0 1 10 175 24 
-1660 -2664 -1158 -5953 513 -4294 0 0 0 0 1 20 172 45 
-1261 -2334 -818 -3878 1551 -4644 0 0 0 0 1 27 195 64 
-1105 -1739 -954 -2638 2471 -4773 0 0 0 0 1 36 199 57 
-1144 -1243 -1244 -1039 3895 -4872 0 0 0 0 1 35 198 65 
-1170 -307 -1319 8 4930 -4732 0 0 0 0 1 42 196 62 
-1051 -139 -967 245 4833 -4236 0 0 0 0 1 23 206 55 
-1075 63 -456 23 4008 -3803 0 0 0 0 1 33 186 46 
-1081 215 -335 -517 2402 -3244 0 0 0 0 1 28 186 48 
-1523 396 -590 -807 1476 -3119 0 0 0 0 1 23 179 48 
-1816 513 -983 -939 774 -3324 0 0 0 0 1 22 175 52 
-2048 616 -1633 -756 898 -3737 0 0 0 0 1 22 172 50 
-2088 685 -1796 -539 1275 -3992 0 0 0 0 1 37 169 55 
-2015 847 -1775 -272 1821 -4206 0 0 0 0 1 40 166 51 
-2009 1260 -1358 -257 1926 -4242 0 0 0 0 1 50 168 45 
-1572 1449 -962 -499 1392 -3979 0 0 0 0 1 46 163 40 
-1500 1512 -875 -839 554 -3530 0 0 0 0 1 47 159 46 
-1908 1440 -1151 -976 265 -3343 0 0 0 0 1 44 152 39 
-2238 1248 -1536 -910 526 -3258 0 0 0 0 1 57 150 43 
-2726 1013 -1955 -623 1659 -3357 0 0 0 0 1 63 142 44 
-2941 921 -2010 -394 2546 -3443 0 0 0 0 1 54 137 34 
-3047 1038 -1837 -171 3409 -3542 0 0 0 0 1 55 136 33 
-3059 1550 -1061 -247 3225 -3506 0 0 0 0 1 48 131 29 
-2985 1506 -531 -658 1769 -3235 0 0 0 0 1 37 139 37 
-3738 1269 -606 -1105 390 -3092 0 0 0 0 1 49 127 25 
-4074 1059 -956 -1273 232 -3140 0 0 0 0 1 48 131 26 
-4361 857 -1342 -1240 733 -3189 0 0 0 0 1 47 130 34 
-4331 837 -1399 -1100 1843 -3159 0 0 0 0 1 55 126 33 
-4199 783 -1265 -1026 2378 -3050 0 0 0 0 1 46 126 40 
-4401 817 -1226 -991 2512 -2875 0 0 0 0 1 48 118 29 
-4780 612 -868 -1159 2239 -2716 0 0 0 0 1 29 106 29 
-4997 509 -647 -1386 1798 -2655 0 0 0 0 1 36 123 19 
-5092 443 -550 -1743 767 -2567 0 0 0 0 1 42 142 30 
-5075 364 -719 -1874 195 -2521 0 0 0 0 1 44 137 37 
-5091 282 -929 -1839 -79 -2509 0 0 0 0 1 37 134 44 
-5062 8 -1221 -1646 228 -2533 0 0 0 0 1 50 141 31 
-5134 -138 -1198 -1554 442 -2560 0 0 0 0 1 54 137 32 
-5172 -257 -1032 -1622 283 -2574 0 0 0 0 1 51 149 41 
-5188 -396 -811 -1877 -253 -2555 0 0 0 0 1 67 143 47 
-5159 -611 -749 -2048 -503 -2549 0 0 0 0 1 68 147 48 
-5098 -700 -819 -2163 -741 -2561 0 0 0 0 1 73 147 60 
-5053 -708 -916 -2048 -934 -2589 0 0 0 0 1 76 158 66 
-4932 -755 -1035 -1789 -991 -2584 0 0 0 0 1 95 150 64 
-4652 -769 -1075 -1603 -923 -2522 0 0 0 0 1 97 148 77 
-4501 -794 -989 -1424 -807 -2344 0 0 0 0 1 115 149 88 
-4302 -871 -1069 -1275 -813 -2082 0 0 0 0 1 113 144 86 
-4425 -916 -1109 -1122 -603 -1833 0 0 0 0 1 127 144 86 
-4477 -1212 -927 -1066 -363 -1629 0 0 0 0 1 122 147 100 
-4561 -1280 -621 -1153 47 -1222 0 0 0 0 1 135 145 94 
-4275 -1435 378 -1383 243 -726 0 0 0 0 1 140 153 94 
-4141 -1215 1316 -1779 240 425 0 0 0 0 1 134 147 90 
-3998 -1258 1865 -1764 -282 2299 0 0 0 0 1 133 168 101 
-4081 -1562 2275 -1343 -478 4003 0 0 0 0 1 128 168 98 
-4701 -1677 2557 252 -1242 6754 0 0 0 0 1 123 177 101 
-5769 -1672 2101 2170 -2619 8547 0 0 0 0 1 102 197 110 
-6742 -1639 2212 5864 -5289 10770 0 0 0 0 1 96 206 104 
-7164 -2170 2386 9510 -7777 11758 0 0 0 0 1 74 204 105 
-7097 -3272 2813 12179 -11580 11951 0 0 0 0 1 77 186 83 
-5760 -5265 2533 13364 -13878 12165 0 0 0 0 1 94 174 69 
-4495 -6476 486 15414 -13725 13139 0 0 0 0 1 109 163 66 
-3759 -10355 -6112 17428 -5586 14808 0 0 0 0 1 109 153 68 
-4161 -11977 -7448 17071 925 16086 0 0 0 0 1 93 136 40 
-5126 -12605 -6657 13024 7170 15909 0 0 0 0 1 27 94 3 
-1784 -12115 -5132 9620 7997 14011 0 0 0 0 1 -14 68 -20 
2729 -9835 -5461 6298 6505 8954 0 0 0 0 1 -44 56 -23 
2993 -7716 -5653 4182 4919 2113 0 0 0 0 1 -61 29 -27 
1346 -6201 -1253 1530 2790 -1872 0 0 0 0 1 -71 8 -24 
1281 -4859 1424 -3799 -2235 -5100 0 0 0 0 1 -81 11 -38 
1286 -3706 1420 -8140 -6482 -5689 0 0 0 0 1 -41 67 -24 
625 -2658 -2806 -9127 -6758 -5570 0 0 0 0 1 -8 89 -22 
476 -2717 -4450 -7555 -3545 -5467 0 0 0 0 1 5 106 -3 
446 -2803 -4380 -4791 500 -5267 0 0 0 0 1 11 125 11 
430 -2556 -2888 -3423 2042 -4856 0 0 0 0 1 24 133 12 
112 -2292 -1101 -2655 2639 -4136 0 0 0 0 1 35 139 13 
-279 -2133 -311 -2868 2229 -3891 0 0 0 0 1 25 144 25 
-718 -1792 203 -3097 1901 -4066 0 0 0 0 1 31 145 22 
-745 -1502 6 -3067 1347 -4543 0 0 0 0 1 25 157 16 
-665 -1090 -524 -2797 925 -4839 0 0 0 0 1 40 169 41 
-513 -797 -793 -2301 331 -5106 0 0 0 0 1 49 164 46 
-442 -631 -1040 -1825 -193 -5148 0 0 0 0 1 46 160 47 
-531 -420 -1509 -1533 -371 -5107 0 0 0 0 1 55 158 50 
-663 -346 -1753 -1229 -166 -4999 0 0 0 0 1 61 159 44 
-829 -217 -1959 -1125 680 -4878 0 0 0 0 1 83 155 52 
-957 -102 -1743 -1211 1299 -4802 0 0 0 0 1 88 138 52 
-903 -76 -1421 -1583 1798 -4670 0 0 0 0 1 87 134 53 
-1407 379 -622 -2167 1457 -4690 0 0 0 0 1 89 142 48 
-1538 474 -449 -2571 774 -4673 0 0 0 0 1 90 138 45 
-1611 279 -615 -2914 -224 -4504 0 0 0 0 1 100 133 64 
-2062 319 -940 -2902 -551 -4344 0 0 0 0 1 104 121 66 
-2402 376 -1085 -2742 -386 -4267 0 0 0 0 1 121 136 73 
-2482 422 -1000 -2417 310 -4177 0 0 0 0 1 123 131 80 
-2581 584 -770 -2194 820 -4129 0 0 0 0 1 132 127 76 
-2783 629 -711 -1916 1125 -4109 0 0 0 0 1 119 131 75 
-5351 -1425 -389 -1846 2962 -850 0 0 0 0 1 102 121 57 
-5572 -1584 -418 -1959 2352 -814 0 0 0 0 1 99 122 55 
-5861 -1638 -694 -1915 1828 -894 0 0 0 0 1 89 130 51 
-5952 -1662 -1107 -1640 1322 -1040 0 0 0 0 1 86 123 57 
-5990 -1681 -1221 -1437 1074 -1162 0 0 0 0 1 83 128 54 
-6003 -1721 -1246 -1235 613 -1354 0 0 0 0 1 87 125 55 
-5763 -1873 -1076 -1262 107 -1480 0 0 0 0 1 87 139 60 
-5603 -1943 -916 -1401 -232 -1517 0 0 0 0 1 102 148 61 
-5470 -1907 -885 -1579 -744 -1524 0 0 0 0 1 101 137 62 
-5211 -1767 -994 -1558 -1050 -1496 0 0 0 0 1 101 134 62 
-4789 -1503 -1044 -1444 -1134 -1414 0 0 0 0 1 115 132 69 
-4375 -1355 -1002 -1197 -1153 -1153 0 0 0 0 1 125 134 72 
-3925 -1151 -763 -991 -1235 -834 0 0 0 0 1 110 137 81 
-3653 -1093 -558 -893 -1429 -642 0 0 0 0 1 129 134 95 
-3531 -1209 -448 -786 -1614 -429 0 0 0 0 1 130 148 91 
-3370 -1276 -338 -657 -1497 -296 0 0 0 0 1 129 137 95 
-3175 -1289 -300 -546 -1322 -222 0 0 0 0 1 148 132 104 
-3051 -1304 -145 -398 -912 -139 0 0 0 0 1 130 138 105 
-2991 -1297 -2 -281 -614 -117 0 0 0 0 1 149 153 112 
-2934 -1357 62 -16 -111 -107 0 0 0 0 1 160 134 111 
-2976 -1508 412 247 516 -35 0 0 0 0 1 149 145 112 
-3093 -1614 1549 375 619 199 0 0 0 0 1 152 133 105 
-3055 -1687 1616 861 -88 1096 0 0 0 0 1 153 122 104 
-3295 -1995 1802 1994 -635 2334 0 0 0 0 1 134 149 107 
-4169 -2021 2490 3082 -790 3243 0 0 0 0 1 138 136 91 
-4421 -2171 2253 5633 -2675 5033 0 0 0 0 1 129 154 100 
-5140 -1296 1794 8784 -5454 6816 0 0 0 0 1 146 132 97 
-5270 -1295 1152 10864 -6939 7938 0 0 0 0 1 146 120 95 
-5067 -1119 353 13659 -9012 9859 0 0 0 0 1 162 115 90 
-4365 -2544 -1386 15291 -9445 11562 0 0 0 0 1 160 115 95 
-4230 -4076 -3268 16962 -6658 14693 0 0 0 0 1 167 112 97 
-4851 -5346 -4987 17749 -446 18103 0 0 0 0 1 171 109 84 
-5346 -7753 -7019 16280 8960 20783 0 0 0 0 1 87 122 30 
-5070 -9223 -6725 13765 13956 20735 0 0 0 0 1 25 98 -4 
-669 -10069 -3519 9486 16102 16951 0 0 0 0 1 -53 67 -26 
802 -10197 1913 5508 10210 8336 0 0 0 0 1 -101 34 -27 
2055 -9259 8849 2947 2265 1392 0 0 0 0 1 -129 22 -25 
890 -6782 5369 -1470 -11058 -7034 0 0 0 0 1 -117 14 -18 
64 -4317 976 -7265 -15976 -10275 0 0 0 0 1 -25 39 -25 
-1384 -1860 -5229 -10018 -13433 -9902 0 0 0 0 1 44 66 -6 
-769 -1183 -7486 -10196 -6332 -7533 0 0 0 0 1 70 85 9 
642 -2018 -7157 -7389 -336 -4968 0 0 0 0 1 76 111 29 
130 -2591 -5167 -5320 2540 -3905 0 0 0 0 1 90 133 38 
-459 -2652 -3690 -3339 4761 -3169 0 0 0 0 1 77 134 41 
-1065 -2590 758 -3257 5331 -3231 0 0 0 0 1 67 138 31 
-1529 -2253 1728 -3573 4259 -3694 0 0 0 0 1 60 131 31 
-1747 -1754 1556 -3505 1854 -4436 0 0 0 0 1 61 147 37 
-1185 -1051 410 -2736 441 -4464 0 0 0 0 1 69 150 40 
-533 -667 -736 -2053 81 -4083 0 0 0 0 1 71 150 40 
-361 -388 -1283 -1134 336 -3277 0 0 0 0 1 79 153 54 
-327 -263 -1882 -605 1509 -2489 0 0 0 0 1 81 141 57 
-794 -344 -1755 -583 2579 -2169 0 0 0 0 1 73 137 48 
-1164 -404 -1568 -888 3515 -2051 0 0 0 0 1 73 139 34 
-1573 -517 -1155 -1169 3486 -2151 0 0 0 0 1 56 132 32 
-1914 -427 -1023 -1459 2762 -2569 0 0 0 0 1 55 143 36 
-2281 -208 -1149 -1504 1716 -3110 0 0 0 0 1 41 145 43 
-2253 103 -1387 -1451 1108 -3397 0 0 0 0 1 54 137 30 
-2178 337 -1500 -1372 643 -3632 0 0 0 0 1 66 142 44 
-1854 730 -1340 -1408 508 -3588 0 0 0 0 1 62 133 36 
-1811 791 -1161 -1507 484 -3495 0 0 0 0 1 77 130 41 
-1930 793 -994 -1688 397 -3432 0 0 0 0 1 62 143 43 
-2183 665 -983 -1740 270 -3449 0 0 0 0 1 76 131 40 
-2423 481 -1037 -1713 282 -3582 0 0 0 0 1 80 127 46 
-2855 259 -1038 -1608 403 -3848 0 0 0 0 1 88 133 47 
-3239 468 -782 -1535 200 -4120 0 0 0 0 1 101 120 51 
-3215 545 -477 -1547 -51 -4198 0 0 0 0 1 90 136 50 
-3123 638 -217 -1643 -441 -4132 0 0 0 0 1 100 101 52 
-5777 -1032 -539 -1873 836 -1156 0 0 0 0 1 92 117 60 
-6216 -1394 -1211 -1362 1167 -1077 0 0 0 0 1 107 121 54 
-6429 -1795 -1344 -1077 1825 -1189 0 0 0 0 1 92 125 58 
-6333 -1870 -1099 -1170 1763 -1283 0 0 0 0 1 88 128 47 
-6177 -1886 -827 -1680 852 -1438 0 0 0 0 1 90 118 54 
-6057 -1784 -522 -2282 -315 -1656 0 0 0 0 1 89 125 58 
-5820 -1750 -1039 -2397 -1034 -1814 0 0 0 0 1 101 122 58 
-5708 -1669 -1317 -2163 -1040 -1876 0 0 0 0 1 103 137 58 
-5468 -1614 -1347 -1650 -834 -1801 0 0 0 0 1 122 130 67 
-4750 -1465 -1116 -1217 -834 -1521 0 0 0 0 1 110 130 74 
-4568 -1409 -937 -1059 -1028 -1343 0 0 0 0 1 120 125 79 
-4255 -1343 -873 -963 -1378 -1149 0 0 0 0 1 126 136 91 
-4151 -1379 -892 -913 -1447 -1060 0 0 0 0 1 135 123 84 
-4119 -1479 -879 -839 -1454 -1067 0 0 0 0 1 132 127 93 
-4146 -1595 -759 -649 -1391 -1108 0 0 0 0 1 148 127 97 
-4057 -1728 -131 -403 -1141 -1068 0 0 0 0 1 158 112 95 
-3574 -1861 598 -307 -704 -706 0 0 0 0 1 161 116 112 
-2955 -1925 1738 -194 -151 762 0 0 0 0 1 158 122 123 
-2777 -1888 2506 804 -840 2980 0 0 0 0 1 161 126 112 
-3869 -1690 2363 2331 -1697 4501 0 0 0 0 1 158 127 114 
-4616 -1990 1992 5864 -3441 6707 0 0 0 0 1 143 127 111 
-6349 -2396 2003 8360 -4143 7761 0 0 0 0 1 155 139 116 
-7043 -2135 1823 11263 -6391 9143 0 0 0 0 1 160 147 100 
-6757 -1847 1043 13215 -10214 11085 0 0 0 0 1 153 125 109 
-5544 -1578 -1066 14323 -10760 12990 0 0 0 0 1 162 132 109 
-5227 -2126 -3008 16225 -7816 16897 0 0 0 0 1 154 136 103 
-6834 -4544 -6618 18023 1011 20244 0 0 0 0 1 152 150 96 
-9272 -6633 -7314 17640 6533 21247 0 0 0 0 1 61 144 25 
-9865 -8766 -4928 13403 8763 20008 0 0 0 0 1 -3 123 -1 
-6119 -13030 1561 6301 7355 15454 0 0 0 0 1 -49 100 -18 
-211 -13792 3230 1848 2925 8444 0 0 0 0 1 -73 71 -16 
4236 -11078 1908 1007 515 3639 0 0 0 0 1 -88 67 -24 
5032 -9028 1053 403 -2436 -2259 0 0 0 0 1 -83 67 -15 
2756 -6218 306 -2076 -6160 -5472 0 0 0 0 1 -55 57 -26 
1094 -4112 -88 -4811 -7346 -5737 0 0 0 0 1 -20 74 -12 
509 -3245 -904 -7917 -6071 -4647 0 0 0 0 1 4 93 -6 
-145 -2571 -2656 -7705 -3336 -3890 0 0 0 0 1 25 112 2 
-253 -2486 -3276 -6232 -1116 -3851 0 0 0 0 1 37 144 39 
-242 -2248 -2768 -3767 1953 -4000 0 0 0 0 1 47 152 41 
-6 -1951 -948 -2524 3352 -3914 0 0 0 0 1 42 159 44 
-153 -1707 1077 -2435 3183 -3943 0 0 0 0 1 36 165 47 
-397 -1447 1351 -2598 2114 -4231 0 0 0 0 1 46 180 47 
-343 -1339 796 -2443 1301 -4467 0 0 0 0 1 46 175 54 
-187 -1059 -294 -2134 950 -4460 0 0 0 0 1 60 163 59 
-89 -943 -936 -1567 622 -4178 0 0 0 0 1 68 174 55 
-163 -765 -1867 -1050 739 -3784 0 0 0 0 1 61 169 65 
-298 -768 -1970 -842 1142 -3599 0 0 0 0 1 80 169 62 
-435 -871 -1766 -950 1984 -3569 0 0 0 0 1 87 164 48 
-683 -894 -1175 -1302 2253 -3761 0 0 0 0 1 73 159 58 
-1028 -849 -890 -1947 1941 -4316 0 0 0 0 1 77 164 58 
-1205 -796 -882 -2440 1294 -5003 0 0 0 0 1 81 158 54 
-1328 -536 -1241 -2579 854 -5354 0 0 0 0 1 99 134 60 
-1107 -362 -1877 -2457 514 -5498 0 0 0 0 1 94 137 79 
-936 -113 -2042 -2078 852 -5244 0 0 0 0 1 107 138 71 
-881 354 -1913 -1812 1258 -4960 0 0 0 0 1 116 121 71 
-1144 441 -1689 -1587 1729 -4612 0 0 0 0 1 115 132 58 
-1796 485 -1140 -1716 1617 -4417 0 0 0 0 1 112 123 68 
-2393 114 -857 -1967 1237 -4314 0 0 0 0 1 109 126 57 
-2777 -92 -886 -2408 1080 -4252 0 0 0 0 1 121 123 57 
-3295 -69 -1190 -2608 1413 -4243 0 0 0 0 1 129 132 60 
-3320 38 -1386 -2688 2174 -4041 0 0 0 0 1 117 110 62 
-3358 278 -1586 -2576 2890 -3559 0 0 0 0 1 120 107 55 
-3353 484 -1685 -2427 3175 -3074 0 0 0 0 1 116 106 59 
-3765 345 -1658 -1947 1073 -1843 0 0 0 0 1 36 145 33 
-6908 -1218 -1727 -1906 972 -2060 0 0 0 0 1 30 157 51 
-6792 -1315 -1478 -2013 636 -2275 0 0 0 0 1 28 157 30 
-6454 -1328 -1143 -2257 153 -2295 0 0 0 0 1 33 164 44 
-6117 -1393 -935 -2380 -94 -2227 0 0 0 0 1 47 166 44 
-5924 -1484 -979 -2316 -311 -2083 0 0 0 0 1 37 159 53 
-5762 -1646 -730 -2034 -621 -1938 0 0 0 0 1 38 168 61 
-5668 -1815 -635 -1764 -953 -1816 0 0 0 0 1 56 164 58 
-5492 -1876 -581 -1258 -1169 -1597 0 0 0 0 1 62 168 66 
-5125 -1927 -432 -922 -1197 -1403 0 0 0 0 1 69 170 73 
-5010 -1921 -312 -489 -1459 -1077 0 0 0 0 1 73 169 74 
-4891 -1936 -80 -108 -2080 -607 0 0 0 0 1 83 168 89 
-4598 -1999 178 192 -2446 -108 0 0 0 0 1 90 177 77 
-4025 -1797 290 894 -2697 1025 0 0 0 0 1 97 180 82 
-3971 -1262 51 2076 -2678 2404 0 0 0 0 1 110 164 90 
-4112 -868 -341 3043 -2626 3377 0 0 0 0 1 106 164 95 
-4192 -488 -868 4357 -2339 5043 0 0 0 0 1 109 172 82 
-4129 293 -384 4767 -2292 6580 0 0 0 0 1 100 170 75 
-4179 836 -750 5190 -2920 9575 0 0 0 0 1 96 164 76 
-4641 1614 -885 5608 -2365 12693 0 0 0 0 1 73 186 72 
-6043 2449 -1856 6158 -2186 14391 0 0 0 0 1 62 175 59 
-6873 2479 -2234 7136 -2558 16268 0 0 0 0 1 30 183 53 
-7289 2332 -2413 7636 -4675 18025 0 0 0 0 1 -9 169 37 
-7245 1137 -2774 7759 -6060 19420 0 0 0 0 1 -12 153 22 
-7789 -880 -3852 7850 -4811 20703 0 0 0 0 1 -24 136 8 
-9778 -3386 -4080 6157 -1550 18951 0 0 0 0 1 -58 120 -13 
-10854 -6391 -2545 3685 305 16355 0 0 0 0 1 -77 110 -9 
-8653 -9804 -2836 519 1672 12789 0 0 0 0 1 -93 89 -26 
1072 -12937 -3346 420 1663 10108 0 0 0 0 1 -123 77 -17 
2637 -11770 -2483 1728 1298 7234 0 0 0 0 1 -136 51 -11 
1648 -10172 -815 2397 -1105 934 0 0 0 0 1 -140 52 -10 
-581 -7246 -516 704 -3678 -2983 0 0 0 0 1 -127 41 -20 
-1502 -4880 -2145 -4622 -5329 -6473 0 0 0 0 1 -106 36 -25 
-962 -4106 -2165 -10317 -3870 -7113 0 0 0 0 1 -76 74 -26 
-289 -2648 -3997 -11659 -2589 -7206 0 0 0 0 1 -41 148 -5 
389 -2600 -4350 -10078 -2149 -7207 0 0 0 0 1 -34 172 33 
765 -2570 -3890 -6571 -237 -6862 0 0 0 0 1 -3 199 61 
1121 -2705 -2756 -4649 1360 -6169 0 0 0 0 1 -1 214 64 
773 -2849 -921 -3177 2344 -4802 0 0 0 0 1 14 213 76 
241 -2693 67 -2842 1730 -4027 0 0 0 0 1 12 214 73 
-683 -1999 106 -2530 1122 -4132 0 0 0 0 1 28 215 95 
-750 -1806 -154 -2157 1135 -4380 0 0 0 0 1 38 229 94 
-623 -1384 -778 -1643 1638 -4639 0 0 0 0 1 44 225 88 
-577 -1032 -1061 -1430 1957 -4699 0 0 0 0 1 58 223 104 
-624 -740 -1303 -1313 2365 -4667 0 0 0 0 1 61 215 109 
-602 -591 -1315 -1376 2902 -4586 0 0 0 0 1 74 209 94 
-650 -433 -1477 -1384 3160 -4569 0 0 0 0 1 79 202 89 
-685 -319 -1541 -1239 3604 -4554 0 0 0 0 1 67 199 87 
-736 -180 -1357 -1062 3693 -4581 0 0 0 0 1 82 198 90 
-1539 190 -1027 -1026 3298 -4758 0 0 0 0 1 75 183 86 
-1767 445 -832 -1131 2365 -4955 0 0 0 0 1 84 188 83 
-1902 394 -844 -1256 1935 -4979 0 0 0 0 1 75 183 76 
-2084 567 -920 -1447 2214 -4945 0 0 0 0 1 84 176 74 
-2198 534 -994 -1568 2950 -4808 0 0 0 0 1 90 165 66 
-2369 471 -1007 -1602 3322 -4689 0 0 0 0 1 97 163 66 
-2595 481 -925 -1638 3556 -4509 0 0 0 0 1 87 159 67 
-3396 507 -631 -1766 2913 -4400 0 0 0 0 1 95 150 68 
-3543 599 -613 -1910 2270 -4299 0 0 0 0 1 84 149 60 
-3618 511 -697 -2110 1644 -4045 0 0 0 0 1 88 148 59 
-3932 575 -939 -2206 1624 -3868 0 0 0 0 1 88 150 64 
-4179 342 -1220 -2219 1872 -3768 0 0 0 0 1 97 150 64 
-4421 163 -1146 -2311 2244 -3691 0 0 0 0 1 84 144 67 
-5186 -90 -935 -2463 2161 -3717 0 0 0 0 1 88 141 68 
-5412 -550 -762 -2832 2079 -3777 0 0 0 0 1 79 141 68 
-6081 -718 -330 -3240 1697 -3843 0 0 0 0 1 94 149 69 
-6050 -705 -243 -3420 1131 -3714 0 0 0 0 1 106 152 72 
-5911 -723 -333 -3357 518 -3311 0 0 0 0 1 113 159 81 
-5957 -932 -598 -2891 431 -2835 0 0 0 0 1 115 159 79 
-6041 -1458 -572 -2542 598 -2530 0 0 0 0 1 119 163 91 
-6239 -1835 -511 -2164 690 -2176 0 0 0 0 1 108 159 90 
-6443 -2427 -365 -2059 548 -1981 0 0 0 0 1 113 161 100 
-6505 -2654 -39 -2084 184 -1721 0 0 0 0 1 113 166 97 
-6267 -2630 291 -2076 -313 -1503 0 0 0 0 1 116 158 103 
-5941 -2406 336 -1756 -1100 -1067 0 0 0 0 1 128 160 96 
-5294 -2002 293 -1057 -1584 -522 0 0 0 0 1 136 164 118 
-4775 -1739 265 -500 -1647 -169 0 0 0 0 1 140 168 124 
-4593 -1764 189 272 -1296 223 0 0 0 0 1 138 165 119 
-4533 -2068 400 736 -824 399 0 0 0 0 1 142 168 124 
-4642 -2174 620 859 -689 409 0 0 0 0 1 146 171 130 
-4626 -2220 852 940 -594 421 0 0 0 0 1 148 154 121 
-4154 -2325 1316 1035 -308 602 0 0 0 0 1 138 148 129 
-3976 -2137 1344 1543 -30 1138 0 0 0 0 1 140 163 112 
-3709 -2004 1751 2390 -229 2198 0 0 0 0 1 140 168 117 
-3794 -1676 2517 3195 -1280 3243 0 0 0 0 1 125 149 114 
-4176 -1616 2024 5293 -3462 4877 0 0 0 0 1 132 147 109 
-5042 -1811 1427 7895 -4337 6159 0 0 0 0 1 132 154 109 
-5722 -1940 658 9512 -4975 6979 0 0 0 0 1 141 147 109 
-5792 -1781 541 11242 -6668 8589 0 0 0 0 1 142 150 94 
-5631 -2331 151 12407 -8230 10745 0 0 0 0 1 142 138 94 
-5937 -3121 -1014 13169 -8448 12317 0 0 0 0 1 136 127 93 
-6097 -4752 -2373 14497 -5899 14874 0 0 0 0 1 142 131 87 
-6496 -6881 -5397 15633 795 17186 0 0 0 0 1 128 145 73 
-5844 -8166 -7619 15640 5985 18491 0 0 0 0 1 92 142 41 
-3895 -7944 -7451 13801 12061 19494 0 0 0 0 1 1 91 -10 
-671 -7517 -2148 10484 11739 16433 0 0 0 0 1 -62 52 -17 
-726 -7850 1413 8222 8196 11079 0 0 0 0 1 -99 22 -27 
137 -8454 4432 3646 1242 1517 0 0 0 0 1 -126 -3 -24 
-144 -7355 4373 -2305 -5059 -6005 0 0 0 0 1 -104 -18 -29 
-352 -4323 976 -6456 -8459 -8280 0 0 0 0 1 -89 -2 -32 
-597 -2219 -2871 -11035 -9650 -8391 0 0 0 0 1 -23 68 -18 
-253 -1254 -5429 -11528 -6964 -7138 0 0 0 0 1 22 99 1 
768 -1768 -5523 -9038 -3352 -5596 0 0 0 0 1 35 127 16 
1045 -2310 -4608 -6828 -787 -4819 0 0 0 0 1 51 149 30 
728 -2362 -3816 -4079 1791 -3997 0 0 0 0 1 64 158 54 
479 -2563 -1867 -3178 2663 -3522 0 0 0 0 1 63 159 53 
20 -2633 -36 -3045 3026 -3201 0 0 0 0 1 53 180 50 
-414 -2412 367 -3260 2500 -3501 0 0 0 0 1 44 176 46 
-492 -1852 34 -3194 2161 -3785 0 0 0 0 1 71 177 59 
-352 -1544 -398 -2744 2045 -4003 0 0 0 0 1 56 174 62 
-174 -912 -1124 -2085 1932 -3958 0 0 0 0 1 67 175 66 
-207 -770 -1317 -1711 1840 -3837 0 0 0 0 1 74 170 64 
-349 -697 -1465 -1306 1765 -3681 0 0 0 0 1 73 174 62 
-681 -606 -1594 -1099 1823 -3643 0 0 0 0 1 75 179 67 
-966 -650 -1639 -1071 2007 -3695 0 0 0 0 1 79 172 64 
-1123 -574 -1524 -1213 2375 -3871 0 0 0 0 1 81 165 57 
-1227 -312 -1299 -1450 2500 -4040 0 0 0 0 1 74 158 66 
-1292 -54 -1238 -1570 2516 -4138 0 0 0 0 1 82 159 53 
-1386 122 -1274 -1591 2456 -4241 0 0 0 0 1 73 154 55 
-1655 474 -1293 -1508 2209 -4235 0 0 0 0 1 73 159 46 
-1644 696 -1318 -1314 1518 -3931 0 0 0 0 1 84 147 46 
-1618 725 -1323 -1080 1056 -3427 0 0 0 0 1 83 153 59 
-1904 829 -1395 -899 1135 -3173 0 0 0 0 1 83 145 47 
-2234 887 -1593 -531 1576 -3023 0 0 0 0 1 80 130 46 
-2657 733 -1717 -294 1922 -3021 0 0 0 0 1 89 139 60 
-3092 544 -1519 -124 2124 -3058 0 0 0 0 1 80 139 48 
-3417 509 -1303 -277 1582 -3079 0 0 0 0 1 87 122 44 
-3669 466 -1162 -488 1125 -3033 0 0 0 0 1 75 120 39 
-3717 505 -1264 -749 841 -2859 0 0 0 0 1 92 112 37 
-3793 628 -1391 -899 1018 -2626 0 0 0 0 1 75 120 34 
-3969 614 -1464 -958 1280 -2494 0 0 0 0 1 73 115 32 
-4153 575 -1437 -1103 1561 -2351 0 0 0 0 1 77 115 32 
-4530 181 -1250 -1289 1691 -2280 0 0 0 0 1 76 111 29 
-4662 -93 -971 -1707 1856 -2159 0 0 0 0 1 64 116 24 
-5065 -277 -682 -2113 1618 -2078 0 0 0 0 1 75 115 32 
-5042 -243 -686 -2271 1311 -1987 0 0 0 0 1 57 121 26 
-4939 -268 -728 -2274 827 -1776 0 0 0 0 1 67 126 29 
-5007 -271 -815 -2136 487 -1681 0 0 0 0 1 63 137 55 
-5268 -400 -961 -1797 113 -1718 0 0 0 0 1 81 138 38 
-5249 -618 -952 -1525 172 -1772 0 0 0 0 1 62 133 43 
-5223 -1020 -851 -1485 296 -1789 0 0 0 0 1 80 139 60 
-5281 -1105 -833 -1614 256 -1809 0 0 0 0 1 66 142 58 
-5181 -1255 -743 -1892 91 -1740 0 0 0 0 1 75 147 58 
-5154 -1307 -686 -2050 -68 -1697 0 0 0 0 1 87 157 60 
-5182 -1282 -713 -2115 -485 -1661 0 0 0 0 1 75 142 58 
-5206 -1332 -842 -1939 -932 -1601 0 0 0 0 1 87 149 74 
-5120 -1471 -899 -1711 -1027 -1524 0 0 0 0 1 108 154 74 
-4988 -1597 -834 -1323 -948 -1373 0 0 0 0 1 102 153 77 
-4885 -1650 -747 -962 -977 -1199 0 0 0 0 1 119 158 89 
-4714 -1636 -647 -725 -1075 -1081 0 0 0 0 1 119 141 82 
-4653 -1581 -552 -397 -1163 -857 0 0 0 0 1 113 154 102 
-4578 -1598 -324 -196 -1204 -645 0 0 0 0 1 120 157 93 
-4487 -1513 -55 79 -1368 -143 0 0 0 0 1 129 142 88 
-4356 -1499 325 324 -1416 687 0 0 0 0 1 130 153 96 
-3886 -1159 909 709 -1445 1877 0 0 0 0 1 140 138 101 
-3729 -1041 921 1180 -1367 2816 0 0 0 0 1 141 142 104 
-3658 -1046 901 2155 -518 4242 0 0 0 0 1 134 154 109 
-4123 -438 1201 2851 -217 5252 0 0 0 0 1 119 160 108 
-4238 -34 1424 3960 -1185 7196 0 0 0 0 1 122 166 90 
-4947 865 1085 4862 -1890 8482 0 0 0 0 1 109 177 89 
-5653 710 838 6279 -2973 10179 0 0 0 0 1 86 170 80 
-6339 738 569 7583 -5231 11401 0 0 0 0 1 66 176 58 
-6383 219 938 8796 -8555 12272 0 0 0 0 1 77 166 58 
-6873 -1260 -3 9674 -10354 12446 0 0 0 0 1 64 170 47 
-6758 -2596 -1038 10766 -10778 12484 0 0 0 0 1 76 168 54 
-6095 -4854 -1948 11101 -9542 12691 0 0 0 0 1 97 143 54 
-5930 -7240 -2786 10607 -4681 12874 0 0 0 0 1 80 132 48 
-6192 -8695 -3374 8975 206 12039 0 0 0 0 1 75 134 41 
-3077 -10764 -4747 8092 1933 11366 0 0 0 0 1 51 127 13 
691 -10223 -5154 7385 2579 9860 0 0 0 0 1 37 105 0 
1572 -8106 -3694 6213 605 5543 0 0 0 0 1 4 95 -2 
656 -6364 -2629 4537 -665 1942 0 0 0 0 1 -11 85 -13 
730 -5602 -1983 180 -1485 -2169 0 0 0 0 1 8 55 -3 
69 -4358 -483 -3418 -2419 -3830 0 0 0 0 1 20 69 -1 
162 -3375 465 -8447 -4455 -4716 0 0 0 0 1 35 80 0 
487 -2715 -196 -10868 -4858 -4494 0 0 0 0 1 64 104 26 
1122 -2399 -2412 -10382 -4170 -4131 0 0 0 0 1 79 145 47 
1490 -2553 -3393 -7525 -1831 -3554 0 0 0 0 1 96 157 72 
1319 -2646 -3237 -5244 451 -3260 0 0 0 0 1 109 165 91 
1012 -2659 -1692 -2710 3213 -2737 0 0 0 0 1 106 174 88 
590 -2490 -329 -1839 3946 -2357 0 0 0 0 1 101 171 81 
-224 -2245 951 -2035 3416 -2561 0 0 0 0 1 103 176 83 
-764 -1862 1013 -2257 3118 -2963 0 0 0 0 1 96 181 79 
-801 -1725 391 -2192 3011 -3560 0 0 0 0 1 88 177 68 
-882 -1501 -507 -1732 3091 -3997 0 0 0 0 1 97 180 68 
-921 -1108 -1033 -1362 2992 -4169 0 0 0 0 1 99 166 74 
-875 -838 -1234 -945 2504 -4157 0 0 0 0 1 96 169 65 
-795 -639 -1583 -829 2090 -3919 0 0 0 0 1 97 150 71 
-782 -669 -1739 -908 2075 -3729 0 0 0 0 1 90 145 68 
-763 -770 -1800 -1209 2381 -3561 0 0 0 0 1 102 150 59 
-1084 -637 -1843 -1567 2662 -3750 0 0 0 0 1 101 159 60 
-1509 -517 -2145 -1703 2810 -4024 0 0 0 0 1 93 133 54 
-1641 -397 -2346 -1710 2990 -4430 0 0 0 0 1 82 127 41 
-1754 59 -2287 -1677 2772 -4582 0 0 0 0 1 97 126 47 
-1701 282 -2034 -1761 1980 -4513 0 0 0 0 1 104 126 47 
-1524 556 -1722 -1968 1245 -4121 0 0 0 0 1 88 128 40 
-1666 579 -1875 -2022 1196 -3852 0 0 0 0 1 88 123 52 
-1970 549 -2288 -1839 1921 -3617 0 0 0 0 1 84 137 39 
-2581 412 -2626 -1621 2647 -3551 0 0 0 0 1 86 121 40 
-2858 356 -2414 -1433 3240 -3406 0 0 0 0 1 76 118 38 
-3219 295 -1954 -1552 3034 -3234 0 0 0 0 1 82 112 37 
-3575 702 -1232 -1917 2315 -2990 0 0 0 0 1 69 118 33 
-3655 747 -1457 -2088 1901 -2732 0 0 0 0 1 63 122 20 
-3703 746 -1774 -2092 2081 -2290 0 0 0 0 1 60 118 43 
-3900 549 -2003 -1987 2566 -2011 0 0 0 0 1 56 125 32 
-4391 190 -1959 -1847 3191 -1726 0 0 0 0 1 48 136 43 
-4876 129 -1778 -1832 3385 -1733 0 0 0 0 1 40 144 23 
-5325 87 -1395 -1916 3149 -1770 0 0 0 0 1 25 139 27 
-5430 74 -1238 -2074 2490 -1760 0 0 0 0 1 30 130 23 
-5514 131 -1352 -2106 2080 -1738 0 0 0 0 1 23 144 30 
-5608 139 -1535 -1967 1615 -1773 0 0 0 0 1 23 152 39 
-5895 58 -1734 -1806 1457 -1877 0 0 0 0 1 11 159 39 
-6126 -253 -1723 -1634 1259 -2070 0 0 0 0 1 25 164 46 
-6382 -503 -1567 -1710 776 -2309 0 0 0 0 1 15 160 45 
-6543 -813 -1402 -1865 396 -2458 0 0 0 0 1 25 166 46 
-6412 -1059 -1315 -2143 55 -2608 0 0 0 0 1 28 164 53 
-6186 -1124 -1258 -2332 -178 -2600 0 0 0 0 1 28 171 51 
-5901 -1101 -1237 -2300 -526 -2503 0 0 0 0 1 40 188 53 
-5782 -1125 -1250 -2180 -744 -2406 0 0 0 0 1 44 179 72 
-5615 -1254 -1260 -1856 -964 -2168 0 0 0 0 1 46 190 75 
-5447 -1325 -1203 -1579 -985 -1986 0 0 0 0 1 73 191 90 
-5188 -1247 -1238 -1105 -1049 -1674 0 0 0 0 1 67 182 77 
-5002 -1090 -1007 -768 -1239 -1273 0 0 0 0 1 70 186 88 
-4863 -780 -597 -630 -2081 -771 0 0 0 0 1 84 193 90 
-4906 -566 -505 -577 -2918 -364 0 0 0 0 1 95 180 98 
-4878 -256 -587 -286 -4023 449 0 0 0 0 1 103 181 104 
-4774 -153 -1069 126 -4160 1052 0 0 0 0 1 113 188 118 
-4551 -515 -706 733 -2932 1986 0 0 0 0 1 110 181 118 
-4464 -522 -438 1196 -1780 2957 0 0 0 0 1 116 180 115 
-4238 -625 1021 1358 -1590 3765 0 0 0 0 1 117 191 123 
-4162 -860 1778 2035 -2352 5178 0 0 0 0 1 109 204 136 
-5340 -1283 2072 3958 -3525 6103 0 0 0 0 1 95 209 124 
-6207 -1424 2437 5566 -4561 6253 0 0 0 0 1 87 220 114 
-6550 -1622 2680 7657 -7723 6444 0 0 0 0 1 92 203 109 
-6762 -1395 2472 8652 -10367 6766 0 0 0 0 1 90 192 103 
-6501 -1816 1651 10131 -13344 7936 0 0 0 0 1 115 188 111 
-5745 -2573 -3360 12388 -11019 10020 0 0 0 0 1 122 179 116 
-5773 -3347 -5006 13829 -7612 12095 0 0 0 0 1 117 186 121 
-6451 -4639 -5571 14245 -1780 14803 0 0 0 0 1 88 170 68 
-8521 -6586 -4517 12968 244 15305 0 0 0 0 1 67 165 40 
-7280 -10466 -4317 10248 1158 14564 0 0 0 0 1 29 158 17 
-3204 -12328 -4621 7861 3694 13420 0 0 0 0 1 2 159 11 
2483 -12124 -4501 6925 5122 11680 0 0 0 0 1 -34 128 -5 
2077 -8983 -2256 5822 4078 5875 0 0 0 0 1 -53 101 -10 
1786 -7302 -941 3086 654 -391 0 0 0 0 1 -80 83 -20 
1978 -5572 26 -31 -1340 -2953 0 0 0 0 1 -73 63 -13 
738 -3698 196 -5276 -4174 -4896 0 0 0 0 1 -49 78 -25 
-88 -2420 -480 -8726 -5214 -5691 0 0 0 0 1 -36 106 -3 
114 -1582 -2075 -9136 -4167 -5750 0 0 0 0 1 -3 118 5 
460 -1226 -2295 -7467 -1895 -5413 0 0 0 0 1 12 150 19 
790 -821 -1512 -4621 -250 -4596 0 0 0 0 1 23 169 34 
781 -629 -812 -2775 535 -3865 0 0 0 0 1 40 191 58 
561 -748 -176 -850 1598 -2806 0 0 0 0 1 48 182 57 
-118 -820 502 -164 1930 -2353 0 0 0 0 1 48 175 52 
-549 -775 355 376 2030 -2076 0 0 0 0 1 46 165 47 
-674 -548 -217 723 2353 -2054 0 0 0 0 1 49 176 53 
-585 -405 -612 921 2612 -2009 0 0 0 0 1 48 170 61 
-513 -284 -855 1089 2706 -1775 0 0 0 0 1 36 163 40 
-371 -33 -1054 1067 2497 -1517 0 0 0 0 1 34 160 36 
-278 -60 -1189 849 2095 -1050 0 0 0 0 1 23 157 20 
-291 -195 -1325 629 1938 -779 0 0 0 0 1 20 143 29 
-525 -416 -1446 320 1787 -577 0 0 0 0 1 11 149 13 
-734 -498 -1593 182 1672 -659 0 0 0 0 1 15 145 19 
-876 -496 -1805 207 1622 -817 0 0 0 0 1 15 150 19 
-829 -433 -1963 390 1752 -1067 0 0 0 0 1 0 144 0 
-660 -358 -2187 588 1965 -1210 0 0 0 0 1 -2 142 13 
-695 -253 -2189 926 2356 -1456 0 0 0 0 1 -4 130 -2 
-880 -235 -1982 1170 2611 -1705 0 0 0 0 1 -27 123 5 
-734 -223 -1807 1240 2518 -1770 0 0 0 0 1 -27 126 -5 
-730 -94 -1721 1254 1946 -1752 0 0 0 0 1 -25 117 6 
-919 88 -1740 1248 1503 -1755 0 0 0 0 1 -27 106 1 
-1062 239 -1908 1321 1026 -1829 0 0 0 0 1 -30 105 -9 
-1136 366 -2242 1527 1078 -1947 0 0 0 0 1 -40 100 -11 
-1236 495 -2515 1712 1308 -2037 0 0 0 0 1 -41 84 -8 
-1292 597 -2567 1993 1572 -2160 0 0 0 0 1 -28 76 -9 
-1541 701 -2576 2214 1527 -2334 0 0 0 0 1 -44 63 -16 
-1782 892 -2501 2279 1366 -2440 0 0 0 0 1 -49 58 -11 
-1770 971 -2514 2291 1066 -2479 0 0 0 0 1 -56 46 -13 
-1603 1177 -2696 2283 806 -2318 0 0 0 0 1 -58 36 -25 
-1444 1281 -2970 2304 699 -2023 0 0 0 0 1 -103 -56 -16 
-2098 1212 -2887 1695 -343 -953 0 0 0 0 1 -101 -61 -9 
-2490 1052 -2913 1593 -764 -1124 0 0 0 0 1 -100 -69 -5 
-3367 884 -2658 1365 -1280 -1659 0 0 0 0 1 -100 -67 -5 
-3548 670 -2161 1093 -1699 -2024 0 0 0 0 1 -102 -89 -8 
-3265 545 -1831 599 -2431 -2356 0 0 0 0 1 -83 -77 -1 
-2960 540 -1782 205 -3065 -2364 0 0 0 0 1 -71 -87 -5 
-2305 532 -1859 41 -3444 -2112 0 0 0 0 1 -73 -80 -6 
-2047 499 -1884 82 -3545 -1864 0 0 0 0 1 -64 -84 -3 
-1839 475 -1843 301 -3440 -1474 0 0 0 0 1 -47 -90 -4 
-1647 358 -1674 613 -3094 -1164 0 0 0 0 1 -41 -94 -3 
-1606 208 -1492 938 -2664 -978 0 0 0 0 1 -25 -98 2 
-1557 33 -1339 1129 -2388 -907 0 0 0 0 1 -23 -105 2 
-1492 -140 -1140 1336 -2040 -842 0 0 0 0 1 -20 -109 3 
-1425 -227 -1014 1434 -1779 -792 0 0 0 0 1 -8 -111 -1 
-1372 -340 -823 1454 -1649 -761 0 0 0 0 1 -3 -123 17 
-1388 -405 -704 1407 -1524 -725 0 0 0 0 1 2 -122 6 
-1269 -464 -586 3428 243 -481 0 0 0 0 1 18 -203 65 
-2277 -1570 -1050 3613 299 -849 0 0 0 0 1 5 -219 80 
-2535 -1600 -995 3675 169 -1330 0 0 0 0 1 7 -235 83 
-2898 -1570 -876 3642 -72 -1699 0 0 0 0 1 0 -237 97 
-3101 -1524 -803 3446 -616 -2283 0 0 0 0 1 -5 -244 103 
-3185 -1380 -743 3103 -1288 -2787 0 0 0 0 1 -4 -267 107 
-3137 -1168 -820 2635 -2014 -3107 0 0 0 0 1 -21 -274 118 
