Data Quantity : 14  Accelerometer : 3  Gyroscope : 3  FSR : 5







-1479 1408 -188 -440 182 -171 0 0 0 0 1 185 77 119 
-1515 1421 -178 -500 165 -168 0 0 0 0 1 179 90 118 
-1506 1411 -192 -527 151 -168 0 0 0 0 1 186 85 121 
-1519 1406 -147 -564 136 -175 0 0 0 0 1 189 82 117 
-1516 1389 -127 -629 71 -169 0 0 0 0 1 184 93 128 
-1489 1371 -124 -688 -43 -144 0 0 0 0 1 176 78 118 
-1467 1385 -116 -725 -119 -125 0 0 0 0 1 175 77 122 
-1445 1372 -127 -748 -215 -93 0 0 0 0 1 188 83 128 
-1509 1377 -150 -748 -243 -91 0 0 0 0 1 173 91 126 
-1535 1364 -174 -698 -235 -88 0 0 0 0 1 182 87 126 
-1571 1374 -207 -592 -204 -87 0 0 0 0 1 184 90 128 
-1580 1388 -234 -498 -191 -70 0 0 0 0 1 189 94 122 
-1549 1357 -250 -356 -154 -19 0 0 0 0 1 187 91 133 
-1531 1341 -274 -247 -126 23 0 0 0 0 1 185 96 126 
-1504 1342 -286 -80 -103 77 0 0 0 0 1 185 106 140 
-1487 1330 -290 21 -87 97 0 0 0 0 1 185 94 129 
-1477 1333 -295 142 -66 102 0 0 0 0 1 186 93 135 
-1460 1338 -285 217 -37 86 0 0 0 0 1 182 87 138 
-1469 1324 -278 241 -17 64 0 0 0 0 1 185 96 145 
-1458 1324 -280 251 -17 30 0 0 0 0 1 188 100 132 
-1432 1319 -284 245 -32 22 0 0 0 0 1 179 95 132 
-1420 1320 -295 230 -50 25 0 0 0 0 1 182 96 133 
-1390 1315 -298 216 -50 40 0 0 0 0 1 192 99 126 
-1381 1338 -303 190 -22 55 0 0 0 0 1 191 90 139 
-1378 1391 -327 170 4 59 0 0 0 0 1 184 85 146 
-1387 1453 -342 141 63 36 0 0 0 0 1 181 88 139 
-1364 1607 -354 103 187 -8 0 0 0 0 1 191 88 139 
-1377 1707 -351 57 354 -83 0 0 0 0 1 180 87 133 
-1358 1749 -354 29 465 -127 0 0 0 0 1 187 89 129 
-1262 1888 -358 -27 620 -136 0 0 0 0 1 189 94 129 
-1166 2010 -290 -97 706 -108 0 0 0 0 1 176 85 123 
-1163 2081 -306 -251 759 -42 0 0 0 0 1 185 91 124 
-1109 2220 -276 -381 747 6 0 0 0 0 1 185 87 122 
-1033 2329 -269 -596 662 109 0 0 0 0 1 171 99 124 
-896 2407 -336 -809 587 225 0 0 0 0 1 176 100 116 
-864 2355 -465 -939 615 277 0 0 0 0 1 172 110 111 
-851 2243 -521 -1173 950 252 0 0 0 0 1 165 110 116 
-755 1998 -575 -1368 1316 166 0 0 0 0 1 166 104 108 
-744 1801 -655 -1654 1767 -114 0 0 0 0 1 161 104 101 
-670 1463 -904 -1790 1886 -372 0 0 0 0 1 156 116 110 
-592 1181 -1094 -1883 1829 -795 0 0 0 0 1 160 112 107 
-372 525 -1475 -1922 1675 -1187 0 0 0 0 1 160 110 123 
-301 244 -1579 -1982 1624 -1445 0 0 0 0 1 146 115 102 
-285 -29 -1687 -2202 1685 -1837 0 0 0 0 1 149 118 103 
-306 -457 -1747 -2452 1896 -2120 0 0 0 0 1 153 127 97 
-330 -697 -1644 -3017 2496 -2621 0 0 0 0 1 155 130 104 
-454 -976 -1348 -3765 3037 -3265 0 0 0 0 1 141 115 104 
-638 -1148 -1012 -4287 3162 -3763 0 0 0 0 1 145 116 103 
-848 -1191 -904 -4968 2969 -4533 0 0 0 0 1 134 125 90 
-1203 -1215 -945 -5285 2711 -5005 0 0 0 0 1 130 121 98 
-1438 -1215 -1054 -5533 2447 -5559 0 0 0 0 1 151 127 109 
-1757 -1163 -1306 -5500 2496 -5836 0 0 0 0 1 152 116 115 
-2085 -1281 -1461 -5380 2758 -5892 0 0 0 0 1 155 117 109 
-2376 -1359 -1351 -5209 3425 -5897 0 0 0 0 1 154 118 105 
-2785 -1367 -1108 -5136 3848 -5861 0 0 0 0 1 146 122 109 
-2939 -1421 -881 -5136 4090 -5679 0 0 0 0 1 139 107 104 
-3217 -1568 -497 -5209 3975 -5483 0 0 0 0 1 155 120 93 
-3412 -1545 -245 -5435 3562 -5148 0 0 0 0 1 153 103 102 
-3736 -1438 -40 -5678 2900 -4773 0 0 0 0 1 141 117 93 
-4066 -1457 13 -5786 2456 -4519 0 0 0 0 1 142 109 89 
-4317 -1746 -99 -5764 1877 -4136 0 0 0 0 1 143 110 95 
-4749 -1959 5 -5657 1734 -3921 0 0 0 0 1 136 115 107 
-4848 -2045 20 -5335 1874 -3733 0 0 0 0 1 149 128 101 
-5018 -2191 78 -4807 2066 -3568 0 0 0 0 1 141 120 102 
-5046 -2302 107 -4348 2157 -3428 0 0 0 0 1 142 128 110 
-5088 -2452 133 -3543 2183 -3160 0 0 0 0 1 155 130 111 
-5148 -2560 59 -2616 1960 -2845 0 0 0 0 1 152 133 117 
-5216 -2683 0 -1962 1752 -2628 0 0 0 0 1 140 123 119 
-5246 -2741 -148 -929 1526 -2304 0 0 0 0 1 165 132 111 
-5081 -2802 -328 -255 1486 -2002 0 0 0 0 1 152 111 112 
-4975 -2935 -447 673 1727 -1421 0 0 0 0 1 149 126 110 
-4912 -3163 -578 1208 2158 -1012 0 0 0 0 1 154 109 96 
-4830 -3458 -656 1844 3148 -383 0 0 0 0 1 135 101 80 
-4826 -4034 -570 2296 3920 118 0 0 0 0 1 128 99 61 
-5285 -4471 -356 2479 3869 281 0 0 0 0 1 123 89 57 
-5489 -4143 795 2287 1218 935 0 0 0 0 1 115 83 55 
-5006 -4679 1264 2396 -1495 1953 0 0 0 0 1 108 71 48 
-5037 -5277 777 3985 -3062 3651 0 0 0 0 1 126 82 52 
-5969 -5475 445 7232 -3732 5605 0 0 0 0 1 132 73 60 
-5977 -5346 -707 10282 -5547 7507 0 0 0 0 1 140 57 57 
-5668 -4616 -1544 14747 -6553 10671 0 0 0 0 1 158 24 74 
-5390 -4123 -3091 16825 -6175 13112 0 0 0 0 1 175 15 80 
-5433 -4393 -3703 18247 -5279 17331 0 0 0 0 1 175 28 94 
-7463 -6648 -4896 18086 -494 21027 0 0 0 0 1 176 26 93 
-8938 -9425 -7462 17270 4359 23134 0 0 0 0 1 151 71 69 
-7784 -11754 -9159 15031 12529 25728 0 0 0 0 1 125 88 41 
-7112 -11907 -8291 10657 21087 24471 0 0 0 0 1 -20 79 -24 
-4043 -11089 -2850 7101 22302 20601 0 0 0 0 1 -101 51 -25 
-2214 -8934 5622 2831 13996 10853 0 0 0 0 1 -156 33 -5 
776 -6687 9115 -766 -869 1048 0 0 0 0 1 -184 14 -13 
2565 -6399 7581 -3599 -9345 -3251 0 0 0 0 1 -171 13 -29 
503 -4468 -285 -7436 -15111 -6357 0 0 0 0 1 -122 51 -25 
-389 -3168 -3662 -9271 -9878 -6416 0 0 0 0 1 -27 94 -17 
452 -877 -213 658 1942 1280 0 0 0 0 1 -17 199 38 
505 -942 -744 503 2004 787 0 0 0 0 1 -21 179 39 
559 -975 -928 317 2313 278 0 0 0 0 1 -24 185 33 
528 -890 -1097 229 2413 -84 0 0 0 0 1 -34 190 43 
511 -813 -1225 177 2229 -627 0 0 0 0 1 -46 190 43 
372 -903 -1539 178 1988 -997 0 0 0 0 1 -55 190 40 
197 -908 -1661 190 1518 -1656 0 0 0 0 1 -44 186 30 
98 -896 -1794 157 859 -2344 0 0 0 0 1 -40 191 39 
-24 -924 -2031 100 208 -2916 0 0 0 0 1 -42 181 41 
-40 -1016 -2425 51 -173 -3176 0 0 0 0 1 -31 185 36 
-178 -1232 -2455 -148 -301 -3468 0 0 0 0 1 -24 177 26 
-287 -1292 -2375 -511 -11 -3723 0 0 0 0 1 -9 171 32 
-464 -1134 -2238 -912 400 -4026 0 0 0 0 1 -3 168 43 
-808 -779 -2054 -1156 711 -4278 0 0 0 0 1 3 185 43 
-895 -508 -1857 -1475 934 -4533 0 0 0 0 1 10 170 43 
-778 -277 -1633 -1640 857 -4571 0 0 0 0 1 8 180 45 
-947 -41 -1502 -1803 592 -4598 0 0 0 0 1 20 177 52 
-1242 268 -1309 -1881 125 -4567 0 0 0 0 1 30 186 60 
-1418 326 -1221 -1888 -146 -4463 0 0 0 0 1 41 182 64 
-1382 332 -1315 -1775 -34 -4243 0 0 0 0 1 57 172 68 
-1994 638 -1105 -1698 383 -4226 0 0 0 0 1 61 174 55 
-2228 819 -798 -1619 1133 -4317 0 0 0 0 1 63 164 69 
-2387 773 -514 -1586 1641 -4417 0 0 0 0 1 68 169 65 
-2409 775 -101 -1568 1828 -4399 0 0 0 0 1 63 171 58 
-2514 508 -97 -1391 1915 -4228 0 0 0 0 1 83 163 61 
-2703 423 -207 -960 1979 -3977 0 0 0 0 1 67 148 66 
-3070 377 -185 -423 2274 -3772 0 0 0 0 1 77 161 60 
-3544 473 2 -74 2464 -3721 0 0 0 0 1 77 147 69 
-3822 692 -134 457 2635 -3693 0 0 0 0 1 77 144 55 
-3786 905 -224 768 2830 -3544 0 0 0 0 1 76 141 52 
-3525 836 -511 1193 3279 -3003 0 0 0 0 1 62 128 47 
-3916 593 -895 1401 3618 -2655 0 0 0 0 1 49 115 32 
-4641 340 -793 1361 3893 -2482 0 0 0 0 1 47 107 34 
-5899 157 -15 817 3204 -2675 0 0 0 0 1 34 104 33 
-5986 201 120 310 2097 -2749 0 0 0 0 1 29 101 10 
-5677 446 -101 -222 337 -2525 0 0 0 0 1 11 90 13 
-4849 691 -982 -234 -231 -2141 0 0 0 0 1 28 85 20 
-4456 776 -1551 210 16 -1511 0 0 0 0 1 35 80 18 
-4495 894 -2062 614 642 -1252 0 0 0 0 1 27 87 24 
-4738 789 -1979 945 1514 -1130 0 0 0 0 1 23 80 13 
-5092 274 -1352 672 1425 -1223 0 0 0 0 1 25 80 -4 
-5356 -9 -812 210 803 -1369 0 0 0 0 1 3 65 10 
-5263 -75 -715 -595 -241 -1594 0 0 0 0 1 14 71 6 
-5103 -7 -951 -1152 -858 -1760 0 0 0 0 1 22 72 15 
-4838 171 -1357 -1340 -1038 -1850 0 0 0 0 1 16 76 9 
-4709 233 -1513 -1483 -1213 -1967 0 0 0 0 1 38 79 26 
-4699 85 -1372 -1583 -1303 -2042 0 0 0 0 1 43 87 24 
-4630 -217 -1103 -1824 -1394 -2133 0 0 0 0 1 60 82 24 
-4554 -413 -1001 -2060 -1373 -2202 0 0 0 0 1 49 93 27 
-4397 -609 -892 -2178 -1257 -2261 0 0 0 0 1 63 95 27 
-4308 -696 -793 -2301 -1173 -2382 0 0 0 0 1 77 100 32 
-4096 -849 -683 -2335 -1173 -2538 0 0 0 0 1 73 110 34 
-4050 -957 -518 -2356 -1102 -2679 0 0 0 0 1 77 98 39 
-3919 -1101 -372 -2362 -993 -2885 0 0 0 0 1 82 103 48 
-3901 -1229 -179 -2345 -973 -3047 0 0 0 0 1 97 106 61 
-4029 -1365 -102 -2236 -948 -3362 0 0 0 0 1 116 121 61 
-4137 -1435 32 -2065 -789 -3721 0 0 0 0 1 129 107 65 
-4394 -1482 299 -1940 -691 -3911 0 0 0 0 1 122 95 62 
-4562 -1693 616 -1788 -453 -4014 0 0 0 0 1 127 98 74 
-4817 -1883 1301 -1666 100 -3673 0 0 0 0 1 139 85 76 
-4285 -2391 2180 -1408 465 -2872 0 0 0 0 1 143 90 83 
-7652 -10897 -7978 16918 7750 20870 0 0 0 0 1 184 76 88 
-5901 -11565 -8411 15353 13132 22798 0 0 0 0 1 120 100 44 
-3501 -11719 -7118 10988 20901 23126 0 0 0 0 1 55 104 -3 
-1221 -10741 -1560 6041 18357 17024 0 0 0 0 1 -28 85 -20 
-118 -9889 8333 2021 6664 6690 0 0 0 0 1 -139 49 -16 
1402 -8068 9054 -13 -3738 271 0 0 0 0 1 -128 45 -24 
1564 -7286 5837 -3664 -14643 -6478 0 0 0 0 1 -93 47 -29 
-764 -4791 -2637 -7653 -14655 -9365 0 0 0 0 1 -40 56 -32 
-954 -2607 -6142 93 1121 -738 0 0 0 0 1 110 157 81 
-666 -166 -822 417 1061 -703 0 0 0 0 1 102 145 64 
-808 -267 -1549 438 1045 -803 0 0 0 0 1 106 139 67 
-962 -398 -1884 261 1095 -944 0 0 0 0 1 95 143 59 
-929 -454 -2059 -148 1402 -1139 0 0 0 0 1 95 153 54 
-520 -484 -2046 -454 1811 -1201 0 0 0 0 1 97 141 59 
-306 -473 -2033 -820 2307 -1359 0 0 0 0 1 93 145 54 
-431 -488 -2047 -978 2242 -1772 0 0 0 0 1 88 148 50 
-1024 -428 -1878 -1034 1843 -2241 0 0 0 0 1 89 139 44 
-1386 -348 -1911 -1092 753 -2960 0 0 0 0 1 73 130 55 
-1516 -293 -1930 -1207 -53 -3478 0 0 0 0 1 83 143 54 
-1406 -224 -1875 -1351 -100 -3629 0 0 0 0 1 100 126 61 
-995 -139 -1800 -1576 472 -3495 0 0 0 0 1 100 126 45 
-637 95 -1788 -1666 1199 -3252 0 0 0 0 1 102 126 57 
-1653 216 -1793 -1629 1478 -3282 0 0 0 0 1 108 120 48 
-2316 160 -1559 -1537 1490 -3685 0 0 0 0 1 103 112 48 
-2730 143 -1257 -1552 1243 -4154 0 0 0 0 1 109 99 50 
-2782 332 -1054 -1591 1080 -4249 0 0 0 0 1 93 101 57 
-2413 500 -997 -1603 1099 -3856 0 0 0 0 1 61 78 32 
-3491 1015 -337 -571 593 -1067 0 0 0 0 1 -8 69 1 
-5209 420 -1585 -721 2260 -1234 0 0 0 0 1 -36 74 -1 
-3592 15 -1414 -2676 -640 -3055 0 0 0 0 1 -10 133 24 
-3254 93 -1422 -2682 -1101 -3308 0 0 0 0 1 7 147 30 
-3103 17 -1401 -2537 -1406 -3679 0 0 0 0 1 9 152 41 
-3312 -23 -1232 -2310 -1529 -4157 0 0 0 0 1 17 150 38 
-3505 -82 -1329 -2037 -1831 -4408 0 0 0 0 1 36 158 52 
-3593 -284 -1229 -1520 -2035 -4657 0 0 0 0 1 57 153 57 
-4274 -564 -949 -946 -1723 -4961 0 0 0 0 1 84 154 62 
-4909 -1016 -291 -424 -1039 -4971 0 0 0 0 1 87 147 62 
-4971 -1621 1071 -123 -695 -4638 0 0 0 0 1 93 136 75 
-5112 -1686 1963 508 -1433 -3598 0 0 0 0 1 115 134 62 
-5010 -1708 2931 1442 -3403 -2296 0 0 0 0 1 121 111 71 
-5922 -2703 2279 4445 -6059 -203 0 0 0 0 1 141 103 93 
-6567 -3266 2604 8391 -6047 1535 0 0 0 0 1 159 91 98 
-6830 -3333 1814 11031 -6176 2882 0 0 0 0 1 181 68 100 
-6802 -3132 1155 14059 -7005 5710 0 0 0 0 1 185 35 94 
-6314 -2877 -707 15419 -7458 8387 0 0 0 0 1 198 24 114 
-6452 -2759 -2217 17026 -6594 13109 0 0 0 0 1 207 36 121 
-7785 -3155 -4510 18465 -2629 17557 0 0 0 0 1 209 58 132 
-9618 -5679 -5738 18901 1592 20244 0 0 0 0 1 168 101 96 
-10691 -7189 -7027 18401 8754 23377 0 0 0 0 1 129 132 60 
-11846 -9861 -6772 15267 16179 23831 0 0 0 0 1 81 128 24 
-9516 -11717 -2624 11332 19959 21917 0 0 0 0 1 -8 118 -10 
-3691 -13124 4865 4929 18192 15532 0 0 0 0 1 -100 82 -5 
-889 -10896 9633 1065 5611 5982 0 0 0 0 1 -185 38 -3 
3730 -9022 8854 -1921 -7217 -2967 0 0 0 0 1 -181 39 -20 
3000 -6778 2847 -3341 -9993 -5138 0 0 0 0 1 -140 47 -15 
-321 -4240 -2271 -5452 -9793 -7071 0 0 0 0 1 -68 78 -23 
-1216 -3151 -3615 -7285 -6072 -7415 0 0 0 0 1 -35 107 -23 
-876 -2388 -2947 -8104 -3115 -6483 0 0 0 0 1 -15 116 3 
-736 -1983 -2321 -7899 -2043 -5699 0 0 0 0 1 14 149 16 
-485 -1678 -1792 -6806 -830 -4729 0 0 0 0 1 16 161 27 
-152 -1462 -657 -5916 -141 -4308 0 0 0 0 1 101 186 104 
-726 -545 -1430 -1456 1773 -2478 0 0 0 0 1 96 191 114 
-865 -425 -1569 -1569 1658 -2728 0 0 0 0 1 107 187 110 
-1002 -340 -1596 -1644 1679 -2920 0 0 0 0 1 114 175 108 
-1082 -295 -1668 -1686 1817 -3198 0 0 0 0 1 113 181 114 
-1141 -127 -1707 -1672 2045 -3354 0 0 0 0 1 113 181 104 
-671 -118 -1572 -1665 2138 -3287 0 0 0 0 1 109 182 105 
-566 53 -1457 -1697 2189 -3138 0 0 0 0 1 116 175 108 
-1085 269 -1406 -1717 2046 -3234 0 0 0 0 1 112 177 98 
-2120 235 -1411 -1675 1977 -3533 0 0 0 0 1 117 159 102 
-2534 155 -1415 -1613 2064 -3732 0 0 0 0 1 123 158 105 
-2764 189 -1371 -1478 2545 -3919 0 0 0 0 1 126 163 103 
-2643 400 -1082 -1342 3257 -3868 0 0 0 0 1 116 143 91 
-2591 509 -911 -1310 3586 -3736 0 0 0 0 1 115 149 88 
-2598 690 -820 -1321 3306 -3456 0 0 0 0 1 116 136 82 
-3342 495 -672 -1383 2666 -3318 0 0 0 0 1 121 138 82 
-3921 332 -399 -1659 1803 -3201 0 0 0 0 1 110 130 72 
-4665 200 -264 -1930 1619 -3100 0 0 0 0 1 101 142 67 
-4694 330 -446 -1980 1835 -2968 0 0 0 0 1 114 123 71 
-4538 340 -859 -1787 2585 -2645 0 0 0 0 1 96 134 58 
-4452 433 -914 -1506 3455 -2277 0 0 0 0 1 101 130 62 
-4482 512 -895 -1367 3535 -2031 0 0 0 0 1 97 126 75 
-4761 269 -528 -1491 2883 -1688 0 0 0 0 1 80 125 58 
-5237 -305 129 -1883 2095 -1390 0 0 0 0 1 79 136 59 
-5774 -448 201 -2068 1785 -1260 0 0 0 0 1 74 133 47 
-6035 -449 56 -2051 1573 -1185 0 0 0 0 1 63 132 60 
-5895 -466 -350 -1730 1702 -1168 0 0 0 0 1 62 131 54 
-5757 -336 -494 -1466 1891 -1223 0 0 0 0 1 61 144 67 
-5688 -346 -494 -1237 1764 -1442 0 0 0 0 1 70 152 51 
-5921 -717 65 -1375 1312 -1693 0 0 0 0 1 56 139 58 
-6152 -1291 766 -2022 153 -2102 0 0 0 0 1 55 145 61 
-6215 -1486 993 -2824 -965 -2400 0 0 0 0 1 63 147 67 
-5960 -1614 640 -3129 -1374 -2464 0 0 0 0 1 79 158 73 
-5572 -1463 150 -3039 -1369 -2368 0 0 0 0 1 76 165 87 
-4959 -1119 -511 -2376 -873 -2192 0 0 0 0 1 96 154 93 
-4708 -944 -843 -1800 -562 -2164 0 0 0 0 1 97 163 103 
-4853 -1094 -849 -1057 -306 -2355 0 0 0 0 1 106 174 104 
-4924 -1476 -622 -789 -161 -2521 0 0 0 0 1 104 155 101 
-4808 -1938 -464 -731 36 -2663 0 0 0 0 1 113 164 102 
-4665 -2071 -348 -903 399 -2699 0 0 0 0 1 134 152 109 
-4396 -2015 -308 -1014 596 -2723 0 0 0 0 1 123 141 101 
-4426 -1788 -569 -889 382 -2811 0 0 0 0 1 139 134 109 
-4460 -1766 -907 -571 225 -2852 0 0 0 0 1 147 136 108 
-4646 -1854 -773 101 46 -2908 0 0 0 0 1 146 139 121 
-5076 -1990 -832 1036 -386 -2943 0 0 0 0 1 147 123 101 
-5234 -1976 -710 1708 -724 -2918 0 0 0 0 1 153 105 111 
-5097 -2076 -349 2624 -1278 -2464 0 0 0 0 1 166 101 103 
-4594 -1903 -8 3224 -1955 -1778 0 0 0 0 1 184 71 102 
-4025 -1649 438 4247 -3297 -96 0 0 0 0 1 193 68 118 
-3396 -1657 723 5686 -4099 2545 0 0 0 0 1 189 55 112 
-3148 -2218 868 6992 -3597 4537 0 0 0 0 1 208 57 126 
-3506 -2398 1124 9267 -2471 7447 0 0 0 0 1 197 62 129 
-4762 -2086 1142 11795 -3561 10007 0 0 0 0 1 206 57 131 
-5313 -2036 977 13510 -5154 11403 0 0 0 0 1 193 76 130 
-5438 -2682 -154 16351 -6888 13212 0 0 0 0 1 197 87 133 
-5284 -4237 -2498 18307 -6540 14380 0 0 0 0 1 192 104 147 
-4740 -6733 -4421 20530 -2526 16600 0 0 0 0 1 186 120 125 
-5163 -9029 -4573 20260 5956 18969 0 0 0 0 1 169 125 93 
-4410 -10340 -5074 18017 11660 19969 0 0 0 0 1 116 136 45 
-2883 -10763 -3408 11923 15166 17876 0 0 0 0 1 56 112 0 
-492 -10422 841 8060 11678 12882 0 0 0 0 1 -20 89 -12 
1755 -8733 4344 3459 2402 2912 0 0 0 0 1 -68 49 -44 
3082 -7808 3800 -1625 -6833 -3764 0 0 0 0 1 -43 45 -38 
2414 -5254 -31 -5279 -10316 -5348 0 0 0 0 1 -14 56 -18 
937 -3115 -3380 -9525 -10319 -5049 0 0 0 0 1 21 80 2 
463 -2477 -4717 -10344 -5251 -4232 0 0 0 0 1 55 111 1 
482 -2417 -4128 -9251 -1765 -3993 0 0 0 0 1 81 131 36 
365 -2319 -2852 -6709 1343 -3805 0 0 0 0 1 93 158 66 
407 -1826 -1308 -4507 2211 -3213 0 0 0 0 1 96 164 79 
610 -1456 533 -3666 2402 -2714 0 0 0 0 1 94 166 69 
414 -1190 1187 -2910 2139 -2343 0 0 0 0 1 104 177 75 
17 -876 899 -2371 1669 -2325 0 0 0 0 1 99 169 79 
-8 -746 373 -1442 1287 -2315 0 0 0 0 1 103 174 76 
-84 -536 -467 -616 1180 -2195 0 0 0 0 1 96 176 81 
-295 -346 -1114 -281 1101 -2061 0 0 0 0 1 97 163 77 
-385 -407 -1463 -237 1252 -1799 0 0 0 0 1 106 169 76 
-483 -625 -1589 -717 1909 -1601 0 0 0 0 1 112 160 82 
-576 -707 -1766 -1113 2333 -1564 0 0 0 0 1 101 161 76 
-563 -807 -1932 -1481 2874 -1674 0 0 0 0 1 104 163 66 
-684 -773 -2139 -1506 3109 -1897 0 0 0 0 1 89 166 72 
-824 -692 -2227 -1285 2945 -2432 0 0 0 0 1 83 160 68 
-1134 -560 -1968 -1114 2206 -3123 0 0 0 0 1 83 153 71 
-1126 -356 -1614 -1121 1586 -3516 0 0 0 0 1 89 157 55 
-872 -155 -1424 -1317 853 -3770 0 0 0 0 1 94 144 60 
-548 -60 -1352 -1564 697 -3707 0 0 0 0 1 93 153 71 
-427 -79 -1599 -1618 903 -3599 0 0 0 0 1 97 136 54 
-993 3 -1891 -1470 1448 -3579 0 0 0 0 1 99 130 58 
-1498 -138 -1959 -1192 2155 -3678 0 0 0 0 1 99 127 67 
-1946 -213 -1850 -1022 2617 -3789 0 0 0 0 1 96 134 58 
-2338 -102 -1620 -950 3034 -4008 0 0 0 0 1 95 123 52 
-2617 275 -1249 -1014 2989 -4096 0 0 0 0 1 83 114 64 
-2526 466 -986 -1263 2531 -3972 0 0 0 0 1 100 116 45 
-2391 553 -837 -1472 2217 -3747 0 0 0 0 1 92 107 48 
-2652 535 -1130 -1652 1833 -3386 0 0 0 0 1 79 101 43 
-3204 370 -1470 -1557 1852 -3197 0 0 0 0 1 79 116 47 
-3882 52 -1629 -1406 2325 -3139 0 0 0 0 1 66 115 37 
-4366 -78 -1644 -1124 3442 -3052 0 0 0 0 1 77 105 34 
-4373 25 -1500 -934 4367 -2818 0 0 0 0 1 61 105 44 
-4210 342 -1282 -889 4434 -2571 0 0 0 0 1 36 99 36 
-4197 493 -1209 -1014 3532 -2225 0 0 0 0 1 47 103 27 
-5712 -335 -1217 -884 987 -1306 0 0 0 0 1 -8 131 33 
-6066 -528 -848 -1218 -116 -1919 0 0 0 0 1 -9 137 37 
-5977 -738 -505 -1703 -1401 -2339 0 0 0 0 1 10 155 29 
-5445 -675 -668 -1924 -2110 -2426 0 0 0 0 1 14 137 34 
-4867 -503 -1096 -1963 -2586 -2381 0 0 0 0 1 16 159 51 
-4475 -395 -1370 -1677 -2376 -2221 0 0 0 0 1 33 144 55 
-4059 -287 -1759 -1361 -2013 -2113 0 0 0 0 1 50 158 57 
-3937 -358 -1835 -871 -1416 -1999 0 0 0 0 1 57 145 59 
-3783 -584 -1771 -521 -916 -1920 0 0 0 0 1 66 152 67 
-3556 -742 -1601 -408 -720 -1900 0 0 0 0 1 67 138 71 
-3459 -749 -1533 -410 -903 -1947 0 0 0 0 1 80 144 65 
-3141 -628 -1628 -535 -1556 -2091 0 0 0 0 1 77 157 67 
-3129 -591 -1767 -617 -2017 -2279 0 0 0 0 1 86 145 71 
-3121 -654 -1916 -704 -2421 -2696 0 0 0 0 1 113 149 83 
-3266 -839 -2069 -743 -2350 -3211 0 0 0 0 1 121 136 87 
-3209 -949 -1955 -756 -2045 -3491 0 0 0 0 1 136 132 95 
-3128 -977 -1651 -802 -1467 -3678 0 0 0 0 1 146 117 97 
-3001 -1268 -420 -967 -791 -3502 0 0 0 0 1 151 105 102 
-3086 -1384 322 -1108 -325 -3216 0 0 0 0 1 159 109 110 
-3283 -1641 982 -1116 92 -2540 0 0 0 0 1 160 107 107 
-3682 -2279 1805 -789 314 -1973 0 0 0 0 1 160 103 111 
-4423 -2771 2189 527 537 -1228 0 0 0 0 1 169 90 111 
-5938 -3613 4123 2795 -531 -315 0 0 0 0 1 171 79 103 
-6505 -4101 4628 4892 -2309 513 0 0 0 0 1 167 80 100 
-6523 -3846 5293 8529 -5877 2199 0 0 0 0 1 176 58 111 
-5974 -4081 3717 11333 -8259 3630 0 0 0 0 1 195 46 128 
-5233 -4461 2401 15245 -8731 6135 0 0 0 0 1 202 24 135 
-4273 -4649 -1271 18166 -7222 9474 0 0 0 0 1 224 31 172 
-4340 -4876 -2322 19574 -5788 12061 0 0 0 0 1 235 46 174 
-5666 -6203 -4575 20702 -1566 15717 0 0 0 0 1 222 84 168 
-8655 -10158 -7255 19690 6116 18281 0 0 0 0 1 206 101 147 
-8265 -10904 -7894 17356 11369 19488 0 0 0 0 1 163 123 105 
-6867 -10950 -8081 12734 18444 20126 0 0 0 0 1 107 138 59 
-2621 -8573 -6911 9605 22852 19378 0 0 0 0 1 34 126 5 
-1938 -8063 -4003 5192 24889 14793 0 0 0 0 1 -156 79 -1 
-3104 -6487 4517 1048 16206 6715 0 0 0 0 1 -231 51 25 
42 -6566 11776 -1613 6416 1968 0 0 0 0 1 -257 58 34 
614 -61 -1635 -1963 -437 -2614 0 0 0 0 1 73 183 79 
394 -503 -708 -1604 917 -2092 0 0 0 0 1 84 193 76 
-215 -409 -395 -1389 1124 -2022 0 0 0 0 1 71 180 77 
-384 -286 -466 -1036 783 -2080 0 0 0 0 1 83 197 87 
-280 -188 -607 -883 530 -2089 0 0 0 0 1 92 181 72 
-215 -224 -821 -775 84 -2077 0 0 0 0 1 88 187 89 
-283 -229 -1109 -850 -338 -2140 0 0 0 0 1 89 179 74 
-159 -329 -1449 -1005 -411 -2209 0 0 0 0 1 99 174 83 
-210 -403 -1719 -1133 -198 -2312 0 0 0 0 1 108 169 83 
-256 -406 -1823 -1384 292 -2525 0 0 0 0 1 115 166 93 
-347 -478 -1909 -1584 556 -2665 0 0 0 0 1 119 170 91 
-486 -454 -2076 -1836 969 -2843 0 0 0 0 1 117 157 97 
-490 -474 -2324 -1861 1423 -2893 0 0 0 0 1 117 161 95 
-429 -290 -2473 -1767 1669 -2813 0 0 0 0 1 132 169 102 
-388 -245 -2401 -1587 1987 -2594 0 0 0 0 1 114 165 94 
-482 -28 -2295 -1425 2411 -2483 0 0 0 0 1 113 164 93 
-780 80 -2238 -1354 2786 -2512 0 0 0 0 1 122 157 76 
-1649 41 -2049 -1348 3253 -2776 0 0 0 0 1 115 139 79 
-2217 -55 -1714 -1478 3458 -3078 0 0 0 0 1 115 144 81 
-2337 -146 -1459 -1603 3472 -3152 0 0 0 0 1 115 147 62 
-2428 -77 -1182 -1771 3311 -3160 0 0 0 0 1 109 143 80 
-2666 319 -1161 -1760 2809 -3168 0 0 0 0 1 100 138 64 
-2709 384 -1330 -1631 2502 -3163 0 0 0 0 1 92 134 58 
-2822 319 -1600 -1314 2586 -3144 0 0 0 0 1 89 137 55 
-3607 86 -1449 -1175 2986 -3200 0 0 0 0 1 92 127 65 
-4010 -62 -1132 -1246 3308 -3296 0 0 0 0 1 68 122 58 
-4410 -111 -784 -1585 2828 -3313 0 0 0 0 1 75 125 46 
-4358 50 -902 -1807 2483 -3219 0 0 0 0 1 70 130 46 
-4011 172 -1139 -1951 2482 -2798 0 0 0 0 1 71 128 47 
-3922 298 -1500 -1899 2680 -2440 0 0 0 0 1 69 131 40 
-4382 245 -1511 -1721 2880 -1988 0 0 0 0 1 63 130 44 
-4939 26 -1202 -1669 2678 -1814 0 0 0 0 1 44 134 37 
-5624 -308 -902 -1679 2269 -1804 0 0 0 0 1 50 133 43 
-5796 -405 -894 -1666 1742 -1810 0 0 0 0 1 38 143 52 
-5715 -365 -982 -1607 1666 -1780 0 0 0 0 1 43 141 45 
-5422 -281 -1094 -1429 1768 -1611 0 0 0 0 1 31 143 52 
-5221 -181 -1169 -1299 1740 -1414 0 0 0 0 1 34 150 43 
-5335 -266 -899 -1318 1465 -1326 0 0 0 0 1 30 154 41 
-5541 -434 -679 -1528 501 -1295 0 0 0 0 1 38 150 45 
-5738 -761 -523 -1751 -557 -1295 0 0 0 0 1 22 155 50 
-5554 -860 -594 -1799 -845 -1252 0 0 0 0 1 30 147 55 
-5243 -836 -732 -1644 -774 -1099 0 0 0 0 1 37 166 60 
-4643 -709 -942 -1413 -629 -940 0 0 0 0 1 35 166 76 
-4189 -542 -1024 -997 -419 -708 0 0 0 0 1 48 168 73 
-3931 -448 -1043 -633 -386 -565 0 0 0 0 1 54 169 72 
-3610 -427 -1093 -445 -425 -523 0 0 0 0 1 66 171 69 
-3305 -578 -1035 -272 -363 -517 0 0 0 0 1 63 166 76 
-3205 -682 -963 -211 -293 -647 0 0 0 0 1 55 172 80 
-3249 -749 -931 -228 -494 -973 0 0 0 0 1 75 174 72 
-3295 -788 -952 -269 -719 -1259 0 0 0 0 1 70 164 79 
-3416 -887 -928 -360 -930 -1770 0 0 0 0 1 74 170 84 
-3522 -966 -841 -469 -926 -2324 0 0 0 0 1 83 170 84 
-3698 -1073 -669 -545 -934 -2692 0 0 0 0 1 88 160 75 
-3751 -1097 -546 -624 -1202 -3115 0 0 0 0 1 94 161 90 
-3959 -1136 -348 -620 -1564 -3284 0 0 0 0 1 114 153 89 
-4001 -1199 -325 -496 -1669 -3217 0 0 0 0 1 120 139 100 
-4304 -1376 -349 -86 -1348 -2971 0 0 0 0 1 138 141 101 
-4873 -1867 112 256 -637 -2738 0 0 0 0 1 140 128 115 
-5462 -1935 763 856 175 -2277 0 0 0 0 1 148 122 100 
-5770 -1821 1173 1718 -601 -1554 0 0 0 0 1 154 116 96 
-5817 -1598 1710 2415 -1765 -794 0 0 0 0 1 160 107 102 
-5412 -1645 2096 4079 -4017 1164 0 0 0 0 1 160 103 111 
-5374 -1887 1603 5870 -4947 2672 0 0 0 0 1 173 96 119 
-5708 -2183 1516 8955 -4500 4815 0 0 0 0 1 181 95 116 
-6021 -1957 105 11504 -4371 7079 0 0 0 0 1 176 76 118 
-5753 -2407 -126 12445 -5158 9985 0 0 0 0 1 186 80 102 
-5931 -2599 -1116 12735 -6168 12053 0 0 0 0 1 179 80 123 
-6559 -3464 -2918 13693 -5777 14398 0 0 0 0 1 189 99 117 
-7340 -5561 -5268 14201 -3815 15454 0 0 0 0 1 161 136 108 
-7317 -6849 -6291 13403 -266 16960 0 0 0 0 1 139 152 100 
-5549 -9233 -6594 10984 4399 18495 0 0 0 0 1 115 164 72 
-1837 -9091 -7505 9701 7525 19028 0 0 0 0 1 73 171 44 
521 -8345 -6108 8240 9961 17890 0 0 0 0 1 8 170 31 
423 -6725 -1433 6504 7092 12615 0 0 0 0 1 -43 138 -1 
-195 -6831 3181 4688 3975 7685 0 0 0 0 1 -103 112 -2 
242 -7288 4009 865 -766 849 0 0 0 0 1 -114 89 -12 
288 -6098 2042 -1829 -3433 -2676 0 0 0 0 1 -94 98 -16 
-53 -3588 -753 -5500 -5992 -5835 0 0 0 0 1 -63 115 -9 
274 -2320 -2188 -7694 -5391 -6188 0 0 0 0 1 -44 130 0 
1084 -1346 -3192 -7556 -3469 -4999 0 0 0 0 1 -18 169 18 
1127 -944 -2360 -6584 -2055 -4203 0 0 0 0 1 16 198 60 
833 -818 -1464 -4699 -554 -3515 0 0 0 0 1 41 204 77 
580 -686 -1006 -2877 -185 -3045 0 0 0 0 1 34 202 61 
679 -862 -760 -1999 338 -2672 0 0 0 0 1 35 208 83 
548 -964 -245 -1316 1289 -2202 0 0 0 0 1 51 210 88 
342 -860 89 -1188 1442 -2037 0 0 0 0 1 46 219 94 
41 -636 134 -1178 1208 -2106 0 0 0 0 1 47 210 81 
-15 -535 5 -1131 822 -2259 0 0 0 0 1 56 223 93 
105 -402 -357 -1051 363 -2293 0 0 0 0 1 51 213 95 
254 -355 -788 -1028 37 -2287 0 0 0 0 1 63 213 83 
76 -375 -1128 -1019 -281 -2443 0 0 0 0 1 75 208 93 
-318 -487 -1670 -1082 -100 -2818 0 0 0 0 1 81 209 101 
-544 -652 -2180 -1216 628 -3076 0 0 0 0 1 84 203 107 
-579 -687 -2263 -1516 2087 -3374 0 0 0 0 1 90 202 103 
-560 -505 -2330 -1726 3069 -3544 0 0 0 0 1 104 197 98 
-522 -441 -2247 -1774 3362 -3579 0 0 0 0 1 97 190 115 
-489 -388 -2155 -1734 3201 -3563 0 0 0 0 1 101 191 100 
-759 -309 -1849 -1714 2754 -3616 0 0 0 0 1 88 190 105 
-1380 -212 -1549 -1764 1809 -3943 0 0 0 0 1 100 190 98 
-1561 -173 -1584 -1796 1007 -4313 0 0 0 0 1 115 171 90 
-1803 69 -1735 -1794 923 -4492 0 0 0 0 1 113 171 100 
-1756 143 -1723 -1757 1449 -4518 0 0 0 0 1 120 169 102 
-1653 190 -1543 -1742 1993 -4434 0 0 0 0 1 125 161 97 
-2159 195 -1221 -1775 2616 -4407 0 0 0 0 1 133 160 98 
-2772 35 -1135 -1835 2661 -4546 0 0 0 0 1 122 157 90 
-3052 -64 -1153 -1826 2660 -4627 0 0 0 0 1 121 153 87 
-3122 -216 -940 -1765 2817 -4493 0 0 0 0 1 130 133 89 
-3107 -141 -555 -1732 2643 -4067 0 0 0 0 1 120 122 81 
-3258 -91 -368 -1806 2222 -3856 0 0 0 0 1 117 120 67 
-3919 10 -34 -1988 1281 -3843 0 0 0 0 1 114 123 66 
-4118 -20 -366 -2026 942 -3887 0 0 0 0 1 116 118 89 
-4159 -68 -928 -1797 1579 -3835 0 0 0 0 1 121 111 80 
-4316 -444 -1058 -1506 3270 -3523 0 0 0 0 1 127 122 74 
-4919 -885 -568 -1454 4205 -3245 0 0 0 0 1 109 109 54 
-5345 -875 -257 -1643 4207 -2873 0 0 0 0 1 96 103 65 
-5768 -737 170 -2059 2536 -2609 0 0 0 0 1 94 107 72 
-5950 -683 -91 -2277 1206 -2507 0 0 0 0 1 92 93 53 
-6102 -686 -412 -2385 228 -2461 0 0 0 0 1 89 98 51 
-6439 -1166 -466 -2418 474 -2385 0 0 0 0 1 90 111 59 
-6473 -1606 -180 -2457 875 -2218 0 0 0 0 1 96 117 65 
-6350 -1747 46 -2541 1246 -1838 0 0 0 0 1 95 118 61 
-6134 -1642 112 -2529 884 -1476 0 0 0 0 1 87 117 65 
-6015 -1506 102 -2458 403 -1353 0 0 0 0 1 99 122 67 
-6039 -1593 166 -2315 -369 -1429 0 0 0 0 1 94 127 67 
-6064 -1760 157 -2187 -945 -1617 0 0 0 0 1 97 128 87 
-5959 -1840 229 -1984 -1729 -1943 0 0 0 0 1 108 125 88 
-5436 -1936 194 -1756 -1902 -2128 0 0 0 0 1 125 134 95 
-4736 -1635 -245 -1519 -1974 -2160 0 0 0 0 1 126 128 98 
-4049 -1394 -389 -1144 -2028 -2122 0 0 0 0 1 133 128 112 
-3709 -1462 -669 -906 -2072 -2077 0 0 0 0 1 140 121 115 
-3711 -1546 -697 -640 -1983 -2099 0 0 0 0 1 156 121 117 
-3527 -1854 -642 -521 -1619 -2151 0 0 0 0 1 160 120 137 
-3302 -1975 -688 -425 -1219 -2255 0 0 0 0 1 166 111 133 
-3375 -2025 -725 -348 -1022 -2412 0 0 0 0 1 182 101 138 
-3426 -2102 -753 -181 -733 -2746 0 0 0 0 1 181 100 137 
-3305 -2178 -806 -29 -429 -2950 0 0 0 0 1 191 95 149 
-3215 -2274 -685 219 78 -3158 0 0 0 0 1 194 79 145 
-3353 -2192 -419 394 -104 -3199 0 0 0 0 1 194 77 145 
-3480 -2298 -173 514 -592 -3047 0 0 0 0 1 197 57 147 
-3600 -2441 79 799 -885 -2506 0 0 0 0 1 206 42 138 
-3565 -2864 346 1177 -494 -1861 0 0 0 0 1 193 39 153 
-3134 -2961 1481 1973 650 -150 0 0 0 0 1 212 26 146 
-2521 -3178 2587 3375 614 2964 0 0 0 0 1 206 20 150 
-2643 -2990 2901 5053 -544 5453 0 0 0 0 1 187 33 138 
-3888 -2430 2595 9208 -2796 8768 0 0 0 0 1 207 29 142 
1796 -8106 2221 3769 5100 7995 0 0 0 0 1 -97 141 3 
2100 -7599 4005 759 -2361 171 0 0 0 0 1 -113 115 -4 
2815 -6240 2255 -1822 -6302 -3326 0 0 0 0 1 -75 112 -6 
1389 -4406 -1423 -5712 -8324 -6232 0 0 0 0 1 -40 142 2 
156 -2875 -3792 -7604 -5723 -7465 0 0 0 0 1 -14 157 11 
601 -1758 -4610 -7228 -2801 -6865 0 0 0 0 1 11 159 41 
1153 -1179 -3101 -6266 -1513 -5959 0 0 0 0 1 20 197 50 
846 -292 -1784 -4536 -459 -4659 0 0 0 0 1 64 197 80 
-338 -196 -1932 -1320 1556 -1884 0 0 0 0 1 100 192 98 
-582 -291 -2066 -1434 1659 -2106 0 0 0 0 1 110 191 97 
-735 -319 -2091 -1581 1616 -2518 0 0 0 0 1 107 195 112 
-970 -246 -2115 -1710 1366 -2846 0 0 0 0 1 108 186 97 
-888 -216 -2152 -1776 1364 -2911 0 0 0 0 1 106 179 107 
-699 -300 -2172 -1788 1801 -2747 0 0 0 0 1 108 181 107 
-594 -64 -2119 -1667 2479 -2544 0 0 0 0 1 114 180 115 
-1018 41 -1914 -1558 2715 -2565 0 0 0 0 1 120 169 109 
-1545 60 -1647 -1481 2454 -2889 0 0 0 0 1 107 172 108 
-2212 58 -1144 -1540 2066 -3199 0 0 0 0 1 114 177 98 
-2344 119 -955 -1725 1382 -3448 0 0 0 0 1 121 163 108 
-2172 126 -1065 -1825 1143 -3261 0 0 0 0 1 116 165 98 
-1987 330 -1274 -1792 1386 -2995 0 0 0 0 1 120 154 97 
-2086 453 -1316 -1644 2082 -2639 0 0 0 0 1 130 158 105 
-2609 440 -1132 -1490 2601 -2460 0 0 0 0 1 122 164 88 
-2912 373 -1035 -1451 2719 -2478 0 0 0 0 1 114 138 103 
-3541 135 -660 -1527 2734 -2557 0 0 0 0 1 116 153 98 
-3981 -72 -54 -1675 2515 -2582 0 0 0 0 1 101 157 90 
-4035 -35 119 -1918 1822 -2528 0 0 0 0 1 107 148 73 
-4008 351 -55 -1987 1351 -2460 0 0 0 0 1 107 138 75 
-3862 509 -549 -1854 997 -2293 0 0 0 0 1 104 153 84 
-3888 447 -789 -1533 1417 -2088 0 0 0 0 1 106 139 88 
-4397 141 -620 -1349 2136 -2014 0 0 0 0 1 101 152 90 
-4799 -135 -226 -1270 3301 -1935 0 0 0 0 1 100 145 89 
-4989 -267 353 -1321 3565 -1788 0 0 0 0 1 100 148 80 
-4908 -181 354 -1377 2776 -1394 0 0 0 0 1 88 145 80 
-4752 3 314 -1349 1493 -968 0 0 0 0 1 83 150 75 
-4971 246 -158 -1288 866 -856 0 0 0 0 1 84 149 72 
-5338 80 -593 -1061 524 -1043 0 0 0 0 1 77 159 79 
-5712 -302 -634 -997 1203 -1501 0 0 0 0 1 86 163 66 
-5940 -985 -108 -1319 1926 -1904 0 0 0 0 1 75 154 74 
-6104 -1160 298 -1670 1771 -2129 0 0 0 0 1 83 153 75 
-6207 -1020 416 -2231 618 -2442 0 0 0 0 1 80 147 69 
-5852 -658 336 -2536 -378 -2544 0 0 0 0 1 84 152 81 
-5509 -517 -8 -2673 -1501 -2515 0 0 0 0 1 88 163 96 
-5082 -603 -581 -2424 -1599 -2419 0 0 0 0 1 102 170 96 
-5009 -850 -521 -2187 -1197 -2364 0 0 0 0 1 101 159 109 
-4849 -1018 -489 -1820 -502 -2274 0 0 0 0 1 109 170 108 
-4670 -1107 -549 -1574 -267 -2216 0 0 0 0 1 114 168 101 
-4660 -1386 -325 -1298 -85 -2157 0 0 0 0 1 128 153 119 
-4616 -1576 4 -1276 42 -2093 0 0 0 0 1 132 147 118 
-4675 -1686 392 -1347 -198 -2050 0 0 0 0 1 139 154 109 
-4742 -1750 418 -1359 -927 -2051 0 0 0 0 1 141 142 132 
-4834 -1606 381 -1124 -1320 -2105 0 0 0 0 1 148 154 132 
-4758 -1553 281 -774 -1410 -2068 0 0 0 0 1 156 145 129 
-4763 -1488 284 -20 -1372 -1867 0 0 0 0 1 163 136 133 
-4707 -1541 540 590 -1299 -1636 0 0 0 0 1 173 128 140 
-4874 -1588 859 1677 -1448 -1236 0 0 0 0 1 189 133 145 
-4818 -1735 1343 2786 -1946 -645 0 0 0 0 1 180 114 138 
-4826 -1829 1789 4009 -3280 258 0 0 0 0 1 187 104 150 
-4806 -2003 1849 4924 -4311 1054 0 0 0 0 1 188 98 158 
-4442 -2640 2685 6307 -5429 2965 0 0 0 0 1 198 105 169 
-4115 -3426 3507 7604 -6721 4656 0 0 0 0 1 211 91 182 
-4803 -3105 3000 10796 -9940 6694 0 0 0 0 1 221 112 202 
-6124 -3489 1625 14638 -11961 7861 0 0 0 0 1 219 110 216 
-7044 -4548 -1284 16958 -11731 8697 0 0 0 0 1 214 125 228 
-7387 -5998 -3396 19415 -6405 10651 0 0 0 0 1 207 139 239 
-8373 -7316 -6257 19722 2640 13446 0 0 0 0 1 188 181 214 
-7582 -7963 -8211 18567 7457 15493 0 0 0 0 1 110 203 95 
-4771 -7999 -8283 15335 11342 17953 0 0 0 0 1 58 196 53 
1705 -8175 -3532 10954 11489 17503 0 0 0 0 1 -7 183 18 
775 -7244 -431 8192 7729 13484 0 0 0 0 1 -66 149 2 
-196 -6681 2413 3983 1079 3856 0 0 0 0 1 -88 118 -1 
944 -7013 1706 -1169 -3580 -3025 0 0 0 0 1 -102 104 -5 
1246 -5076 -769 -4948 -5421 -5122 0 0 0 0 1 -67 121 -1 
259 -3167 -2725 -9149 -4723 -6226 0 0 0 0 1 -28 157 13 
765 -1930 -4580 -9774 -2762 -5587 0 0 0 0 1 1 195 38 
1249 -1527 -3564 -8690 -1737 -4888 0 0 0 0 1 9 208 65 
1040 -1196 -2638 -6178 -249 -4115 0 0 0 0 1 17 219 82 
843 -1039 -1690 -3960 1109 -3325 0 0 0 0 1 28 225 86 
876 -1349 -412 -3077 1680 -2709 0 0 0 0 1 44 233 109 
710 -1375 -113 -2295 1848 -2046 0 0 0 0 1 58 245 123 
330 -1212 -193 -1903 1962 -1916 0 0 0 0 1 55 244 115 
130 -1012 -427 -1347 2224 -1961 0 0 0 0 1 47 242 125 
37 -745 -749 -901 2491 -2002 0 0 0 0 1 42 245 102 
-169 -445 -1039 -721 2505 -2006 0 0 0 0 1 54 240 111 
-217 -279 -1109 -712 2146 -1941 0 0 0 0 1 49 250 118 
-154 -192 -1207 -950 1570 -1846 0 0 0 0 1 50 236 126 
-324 -310 -1343 -1146 1289 -1870 0 0 0 0 1 57 236 115 
-576 -449 -1594 -1340 1130 -2070 0 0 0 0 1 55 236 122 
-682 -559 -1848 -1342 1238 -2342 0 0 0 0 1 68 237 116 
-756 -560 -1923 -1232 1773 -2637 0 0 0 0 1 71 231 129 
-904 -371 -2017 -1141 2294 -2839 0 0 0 0 1 68 228 130 
-877 -261 -2014 -996 3036 -3023 0 0 0 0 1 69 226 122 
-953 -168 -1703 -862 3545 -3083 0 0 0 0 1 83 226 108 
-1100 -44 -1448 -801 3612 -3105 0 0 0 0 1 80 215 111 
-1216 -29 -1176 -790 3325 -3192 0 0 0 0 1 70 228 102 
-1758 141 -826 -831 3019 -3393 0 0 0 0 1 76 197 105 
-2057 349 -692 -933 2378 -3714 0 0 0 0 1 87 206 107 
-2291 289 -811 -954 1947 -3884 0 0 0 0 1 88 202 98 
-2530 233 -698 -978 2213 -3962 0 0 0 0 1 79 199 101 
-2712 274 -682 -947 2403 -3956 0 0 0 0 1 93 185 101 
-2734 279 -756 -813 2521 -3865 0 0 0 0 1 92 188 100 
-2905 560 -752 -687 2432 -3786 0 0 0 0 1 90 177 91 
-3039 545 -868 -476 2159 -3576 0 0 0 0 1 101 183 83 
-3248 403 -891 -294 2040 -3295 0 0 0 0 1 102 163 84 
-4035 106 -1019 -195 2202 -3221 0 0 0 0 1 93 158 80 
-4418 91 -1106 -84 2925 -3180 0 0 0 0 1 86 153 84 
-4580 210 -1059 -67 3402 -3072 0 0 0 0 1 87 154 69 
-4448 462 -987 -130 3358 -2653 0 0 0 0 1 81 148 61 
-4122 834 -934 -256 2443 -2053 0 0 0 0 1 79 143 59 
-4249 949 -1015 -313 1752 -1747 0 0 0 0 1 70 142 55 
-4510 790 -1181 -300 1331 -1607 0 0 0 0 1 76 145 57 
-4981 481 -1416 -263 1870 -1727 0 0 0 0 1 57 145 54 
-5073 161 -1363 -332 2404 -1813 0 0 0 0 1 68 130 46 
-5213 195 -1301 -598 2474 -1988 0 0 0 0 1 67 138 45 
-5188 560 -1282 -849 1916 -2122 0 0 0 0 1 67 131 43 
-5101 720 -1256 -1291 702 -2330 0 0 0 0 1 63 134 51 
-4995 626 -1228 -1728 -324 -2527 0 0 0 0 1 51 130 44 
-4996 125 -1241 -1955 -669 -2631 0 0 0 0 1 71 128 43 
-4993 -224 -1141 -2172 -764 -2761 0 0 0 0 1 74 136 54 
-4880 -465 -1122 -2163 -676 -2835 0 0 0 0 1 82 144 51 
-4558 -436 -1075 -2036 -577 -2816 0 0 0 0 1 84 132 67 
-4263 -394 -992 -1772 -485 -2667 0 0 0 0 1 82 149 62 
-3841 -446 -632 -1573 -528 -2445 0 0 0 0 1 94 149 65 
-3896 -743 -431 -1554 -756 -2302 0 0 0 0 1 96 139 81 
-3985 -966 -249 -1637 -1246 -2127 0 0 0 0 1 119 138 82 
-4077 -1420 -161 -1687 -1450 -2006 0 0 0 0 1 120 132 79 
-4041 -1813 -195 -1645 -1304 -1940 0 0 0 0 1 123 143 94 
-3958 -1965 -236 -1427 -729 -1883 0 0 0 0 1 133 143 112 
-4089 -2138 -229 -1088 -293 -1913 0 0 0 0 1 129 132 114 
-4168 -2373 216 -887 -271 -1865 0 0 0 0 1 136 130 107 
-4002 -2732 820 -588 -432 -1417 0 0 0 0 1 136 125 111 
-3815 -3075 1135 19 -239 -551 0 0 0 0 1 153 130 116 
-4088 -3376 1535 714 143 123 0 0 0 0 1 145 118 119 
-3938 -3977 1703 2334 853 1468 0 0 0 0 1 146 117 93 
-4457 -4529 2320 3637 1466 2373 0 0 0 0 1 143 127 97 
-5018 -4952 3268 5611 835 3880 0 0 0 0 1 151 112 74 
-6222 -5398 3991 7170 -1390 4906 0 0 0 0 1 129 105 88 
-7216 -5122 3838 10052 -5460 5871 0 0 0 0 1 133 89 66 
-7883 -4730 1643 13084 -8571 6545 0 0 0 0 1 141 68 76 
-7036 -4185 -761 14715 -9447 7526 0 0 0 0 1 176 56 93 
-6480 -3298 -2417 17030 -9348 10331 0 0 0 0 1 184 51 114 
-6829 -3593 -4713 19430 -5771 14256 0 0 0 0 1 202 39 128 
-8689 -5370 -6384 20831 2836 17948 0 0 0 0 1 179 73 90 
-9847 -6372 -6823 19946 8946 19967 0 0 0 0 1 145 69 54 
-9840 -8275 -4947 14703 14795 21173 0 0 0 0 1 83 94 24 
-6292 -9793 -1433 8223 15898 18567 0 0 0 0 1 23 83 -13 
-83 -10367 1564 5441 14145 14658 0 0 0 0 1 -35 66 -25 
825 -8462 4931 3042 6223 5877 0 0 0 0 1 -86 47 -29 
1963 -7674 6999 1492 -891 588 0 0 0 0 1 -102 20 -31 
1815 -5622 2747 -1714 -9076 -3913 0 0 0 0 1 -55 25 -29 
763 -4515 -1233 -5101 -11165 -4797 0 0 0 0 1 -22 45 -40 
121 -2553 -4695 -7511 -6262 -3879 0 0 0 0 1 17 77 -26 
508 -2611 -3814 -8171 -2822 -3135 0 0 0 0 1 40 83 -16 
441 -2197 -2867 -7423 39 -3019 0 0 0 0 1 51 105 9 
478 -1784 -990 -6212 942 -3274 0 0 0 0 1 40 132 16 
1029 -1483 -32 -4186 11 -2933 0 0 0 0 1 44 142 34 
1441 -794 466 -2449 -1103 -1892 0 0 0 0 1 61 152 39 
183 -990 -1607 -661 1819 -1998 0 0 0 0 1 41 163 31 
-41 -1111 -1624 -931 1478 -2518 0 0 0 0 1 40 161 41 
-506 -1240 -1713 -1209 1017 -3255 0 0 0 0 1 35 157 34 
-630 -1267 -1783 -1479 463 -4017 0 0 0 0 1 46 160 47 
-658 -1113 -1759 -1678 60 -4440 0 0 0 0 1 62 145 43 
-564 -953 -1813 -2003 -451 -4762 0 0 0 0 1 63 149 55 
-335 -722 -1820 -2234 -690 -4750 0 0 0 0 1 74 148 54 
-432 -526 -1990 -2493 -748 -4584 0 0 0 0 1 95 145 52 
-864 -449 -2192 -2559 -350 -4505 0 0 0 0 1 101 147 72 
-1266 -483 -2210 -2519 203 -4603 0 0 0 0 1 113 147 62 
-1753 -455 -2090 -2492 557 -4713 0 0 0 0 1 119 138 64 
-1857 -212 -1787 -2571 878 -4714 0 0 0 0 1 129 132 76 
-1564 -150 -1814 -2654 1116 -4337 0 0 0 0 1 126 131 75 
-1734 234 -1591 -2725 1466 -4089 0 0 0 0 1 123 121 77 
-2435 173 -1272 -2860 1733 -3968 0 0 0 0 1 117 134 79 
-2930 27 -1017 -3012 1544 -4154 0 0 0 0 1 135 128 94 
-3672 -76 -519 -3150 1204 -4386 0 0 0 0 1 119 123 82 
-3711 -74 -334 -3385 353 -4504 0 0 0 0 1 133 109 77 
-3675 -5 -333 -3538 -221 -4394 0 0 0 0 1 134 110 83 
-3860 199 -519 -3567 -127 -4345 0 0 0 0 1 139 107 83 
-5876 -1761 805 -3468 1352 -3200 0 0 0 0 1 143 115 100 
-5996 -2289 911 -3524 773 -2992 0 0 0 0 1 146 117 100 
-5797 -2456 846 -3419 576 -2416 0 0 0 0 1 145 118 108 
-5336 -2454 550 -3160 535 -1892 0 0 0 0 1 147 123 115 
-5095 -2296 302 -2525 711 -1160 0 0 0 0 1 155 125 121 
-4634 -2112 -53 -1851 767 -584 0 0 0 0 1 155 117 121 
-4530 -2340 99 -1593 674 -314 0 0 0 0 1 142 118 112 
-4482 -2557 243 -1482 340 -137 0 0 0 0 1 152 128 105 
-4489 -2808 239 -1470 93 -169 0 0 0 0 1 149 126 122 
-4520 -2785 207 -1411 -145 -441 0 0 0 0 1 160 139 125 
-4389 -2625 36 -1167 -526 -830 0 0 0 0 1 162 137 116 
-4112 -2412 -101 -956 -760 -1095 0 0 0 0 1 154 128 131 
-3898 -2340 -257 -630 -841 -1404 0 0 0 0 1 163 131 138 
-3575 -2467 -253 -408 -558 -1590 0 0 0 0 1 163 136 150 
-3512 -2563 -283 -313 -317 -1677 0 0 0 0 1 162 125 130 
-3550 -2722 -265 -212 106 -1836 0 0 0 0 1 179 117 132 
-3762 -2801 -8 -167 357 -1989 0 0 0 0 1 178 106 138 
-3786 -2637 138 -12 316 -2134 0 0 0 0 1 181 103 144 
-3815 -2558 40 433 -62 -2036 0 0 0 0 1 178 109 136 
-3764 -2581 -21 1275 -137 -1449 0 0 0 0 1 197 79 140 
-3687 -2910 5 2050 207 -752 0 0 0 0 1 198 83 118 
-3744 -3078 482 3284 1177 722 0 0 0 0 1 193 73 130 
-3639 -3183 1160 4115 1363 2114 0 0 0 0 1 187 72 126 
-3472 -3396 2236 5246 465 5021 0 0 0 0 1 172 80 111 
-4267 -3589 2380 6589 -1146 7147 0 0 0 0 1 182 69 103 
-5871 -3410 1366 10083 -2529 9326 0 0 0 0 1 171 84 91 
-7616 -3236 491 12485 -3102 10229 0 0 0 0 1 174 88 95 
-7734 -3069 321 14939 -6145 11791 0 0 0 0 1 168 77 98 
-6706 -4054 -1004 16698 -8401 13889 0 0 0 0 1 182 74 110 
-5891 -6137 -3987 17842 -6609 15450 0 0 0 0 1 180 84 105 
-5301 -7918 -5464 17799 1841 18246 0 0 0 0 1 151 125 81 
-3598 -10830 -6356 13622 11065 20129 0 0 0 0 1 110 125 32 
-1151 -10934 -5457 9698 13919 19315 0 0 0 0 1 35 130 13 
1489 -9826 -3246 5202 10838 14146 0 0 0 0 1 -9 112 -6 
2605 -8088 2125 3288 4359 8686 0 0 0 0 1 -48 111 -19 
2346 -6721 2706 308 -5221 524 0 0 0 0 1 -48 87 -19 
1724 -5315 337 -3776 -9945 -4309 0 0 0 0 1 -31 99 -15 
1031 -3956 -3763 -6263 -9722 -5510 0 0 0 0 1 37 117 18 
164 -2765 -5335 -7965 -5233 -5999 0 0 0 0 1 68 130 23 
998 -1919 -4683 -7148 -1458 -5220 0 0 0 0 1 87 134 58 
1155 -947 -1149 -6121 -535 -4314 0 0 0 0 1 86 148 54 
1136 -149 174 -4163 -1014 -2652 0 0 0 0 1 109 163 80 
1226 123 595 -1800 -616 -1152 0 0 0 0 1 117 166 76 
1102 45 270 -304 89 -380 0 0 0 0 1 109 180 91 
806 -16 165 1215 1088 368 0 0 0 0 1 108 164 74 
126 -92 82 1549 1656 548 0 0 0 0 1 114 165 75 
-47 -149 -22 1246 2120 533 0 0 0 0 1 97 172 68 
21 -42 -288 828 2130 449 0 0 0 0 1 101 159 62 
208 130 -394 276 1775 401 0 0 0 0 1 94 152 62 
522 380 -873 88 1425 420 0 0 0 0 1 79 158 57 
569 431 -982 143 1408 421 0 0 0 0 1 71 155 61 
665 435 -1183 274 1559 387 0 0 0 0 1 60 163 50 
439 342 -945 270 1606 280 0 0 0 0 1 66 164 58 
205 182 -806 148 1440 -46 0 0 0 0 1 64 160 47 
-197 -80 -947 77 1337 -572 0 0 0 0 1 63 149 41 
-353 -146 -1121 110 1278 -972 0 0 0 0 1 64 155 40 
-508 -113 -1255 217 1286 -1548 0 0 0 0 1 61 157 37 
-543 -111 -1372 262 1482 -1836 0 0 0 0 1 68 149 41 
-458 -112 -1342 241 1834 -2092 0 0 0 0 1 55 148 29 
-608 48 -1142 185 1836 -2213 0 0 0 0 1 49 147 37 
-621 84 -1121 80 1334 -2337 0 0 0 0 1 50 131 31 
-751 76 -1285 53 740 -2438 0 0 0 0 1 51 134 30 
-1094 133 -1576 79 529 -2543 0 0 0 0 1 51 130 27 
-1187 121 -1872 185 539 -2646 0 0 0 0 1 57 123 24 
-1239 -25 -2064 230 823 -2641 0 0 0 0 1 54 110 23 
-1314 -41 -2070 224 1465 -2557 0 0 0 0 1 55 116 17 
-1045 -130 -1949 172 1909 -2402 0 0 0 0 1 64 109 26 
-1168 -121 -1858 105 2329 -2198 0 0 0 0 1 57 101 19 
-1271 -29 -1829 118 2220 -2123 0 0 0 0 1 44 100 11 
-1566 147 -1810 155 1888 -2149 0 0 0 0 1 41 89 8 
-1922 168 -1874 198 1238 -2359 0 0 0 0 1 41 79 15 
-2393 304 -1824 160 903 -2543 0 0 0 0 1 31 82 5 
-2398 561 -1782 -5 752 -2636 0 0 0 0 1 40 73 -4 
-2070 580 -1793 -148 1003 -2237 0 0 0 0 1 38 74 22 
-1476 530 -1836 -142 1229 -1737 0 0 0 0 1 27 82 -1 
-1287 529 -1944 78 1279 -942 0 0 0 0 1 21 71 4 
-1860 652 -2289 559 1115 -637 0 0 0 0 1 29 74 12 
-2870 929 -2364 905 1244 -822 0 0 0 0 1 15 55 -5 
-3275 1052 -2337 1353 1784 -1343 0 0 0 0 1 25 56 -9 
-3192 1061 -2433 1595 2084 -1567 0 0 0 0 1 5 57 -8 
-2677 1107 -2408 1829 2279 -1508 0 0 0 0 1 -8 45 -10 
-2373 1216 -2317 1848 2146 -1101 0 0 0 0 1 -18 31 -9 
-2619 1473 -2144 1659 1771 -877 0 0 0 0 1 -18 19 -11 
