Data Quantity : 14  Accelerometer : 3  Gyroscope : 3  FSR : 5







-1570 1383 -358 -26 -94 276 0 0 0 0 1 181 125 123 
-1526 1350 -345 111 61 315 0 0 0 0 1 171 126 126 
-1462 1322 -301 189 159 334 0 0 0 0 1 173 121 133 
-1416 1306 -268 282 240 352 0 0 0 0 1 176 117 123 
-1343 1258 -208 318 248 353 0 0 0 0 1 181 130 123 
-1321 1242 -173 340 207 330 0 0 0 0 1 176 127 128 
-1295 1247 -133 344 150 302 0 0 0 0 1 169 120 132 
-1275 1226 -132 329 65 257 0 0 0 0 1 178 126 124 
-1229 1215 -117 311 25 232 0 0 0 0 1 162 117 111 
-1237 1217 -120 283 -2 191 0 0 0 0 1 166 126 117 
-1238 1221 -118 259 -6 162 0 0 0 0 1 156 118 129 
-1233 1225 -132 237 -8 121 0 0 0 0 1 171 118 122 
-1218 1222 -126 227 -10 79 0 0 0 0 1 165 115 130 
-1208 1205 -128 219 -21 52 0 0 0 0 1 160 122 128 
-1214 1203 -127 216 -47 -11 0 0 0 0 1 166 118 117 
-1262 1212 -140 218 -58 -75 0 0 0 0 1 162 122 116 
-1290 1220 -149 234 -56 -189 0 0 0 0 1 165 122 123 
-1331 1264 -191 255 -33 -282 0 0 0 0 1 169 117 116 
-1360 1305 -218 289 17 -418 0 0 0 0 1 184 112 121 
-1399 1336 -250 327 90 -541 0 0 0 0 1 179 110 118 
-1405 1367 -237 343 153 -606 0 0 0 0 1 166 118 108 
-1422 1377 -227 354 224 -666 0 0 0 0 1 171 104 108 
-1440 1422 -238 357 219 -681 0 0 0 0 1 154 118 115 
-1449 1443 -242 348 167 -681 0 0 0 0 1 176 100 114 
-1451 1474 -226 326 99 -641 0 0 0 0 1 174 105 116 
-1458 1500 -228 300 53 -594 0 0 0 0 1 165 95 116 
-1466 1543 -235 258 2 -518 0 0 0 0 1 165 95 107 
-1496 1599 -260 226 -11 -472 0 0 0 0 1 171 91 98 
-1531 1658 -264 182 7 -418 0 0 0 0 1 169 95 109 
-1586 1784 -304 160 24 -382 0 0 0 0 1 175 89 110 
-1588 1838 -312 124 59 -295 0 0 0 0 1 172 80 107 
-1579 1917 -316 94 86 -222 0 0 0 0 1 174 78 104 
-1517 2010 -314 44 154 -81 0 0 0 0 1 175 91 108 
-1444 2093 -335 12 199 23 0 0 0 0 1 179 88 109 
-1379 2131 -326 -36 257 157 0 0 0 0 1 174 93 109 
-1328 2129 -327 -96 266 262 0 0 0 0 1 167 78 107 
-1205 2078 -320 -144 246 325 0 0 0 0 1 179 85 116 
-1141 2013 -345 -212 190 401 0 0 0 0 1 167 83 102 
-1013 1901 -378 -256 162 433 0 0 0 0 1 178 101 112 
-866 1792 -483 -290 154 442 0 0 0 0 1 159 87 105 
-707 1613 -663 -292 230 406 0 0 0 0 1 167 98 114 
-618 1454 -807 -282 373 350 0 0 0 0 1 171 106 110 
-538 1308 -904 -294 759 192 0 0 0 0 1 158 93 100 
-460 1062 -1061 -333 1083 26 0 0 0 0 1 155 105 102 
-374 887 -1232 -385 1476 -302 0 0 0 0 1 156 101 87 
-245 499 -1497 -478 1761 -693 0 0 0 0 1 153 95 97 
-255 234 -1482 -629 1924 -1003 0 0 0 0 1 151 95 88 
-270 1 -1421 -1045 2059 -1572 0 0 0 0 1 151 93 86 
-612 -344 -1114 -1731 2058 -2350 0 0 0 0 1 147 101 84 
-844 -449 -905 -2332 2071 -3003 0 0 0 0 1 153 83 88 
-1114 -478 -855 -3253 2067 -4065 0 0 0 0 1 147 99 73 
-1408 -531 -928 -3796 2052 -4724 0 0 0 0 1 139 95 83 
-1484 -558 -1055 -4383 2100 -5449 0 0 0 0 1 136 93 79 
-1539 -635 -1204 -4770 2170 -5756 0 0 0 0 1 136 76 76 
-1593 -787 -1165 -4994 2018 -5748 0 0 0 0 1 151 90 62 
-1739 -829 -1133 -5335 1608 -5611 0 0 0 0 1 148 90 76 
-2148 -754 -1027 -5567 1463 -5570 0 0 0 0 1 139 76 81 
-2389 -748 -935 -5879 1594 -5633 0 0 0 0 1 148 95 81 
-2583 -784 -791 -6086 2064 -5745 0 0 0 0 1 152 82 89 
-2810 -813 -606 -6148 2429 -5854 0 0 0 0 1 154 94 91 
-2910 -827 -535 -6103 2897 -5996 0 0 0 0 1 147 89 84 
-6365 -2273 1077 -3653 2225 -3128 0 0 0 0 1 145 114 94 
-6719 -2439 1340 -2859 1495 -2700 0 0 0 0 1 151 115 109 
-6815 -2454 1200 -2244 601 -2318 0 0 0 0 1 156 116 94 
-6965 -2469 923 -1099 -546 -1715 0 0 0 0 1 153 115 104 
-7122 -2806 350 -226 -627 -1392 0 0 0 0 1 162 110 114 
-7116 -3000 165 915 -200 -925 0 0 0 0 1 155 98 116 
-6888 -3304 330 1606 -389 -257 0 0 0 0 1 163 109 98 
-6431 -3664 542 1890 -714 328 0 0 0 0 1 169 85 102 
-6122 -3771 427 2509 -909 1290 0 0 0 0 1 179 93 104 
-5821 -3851 -147 3215 -857 1978 0 0 0 0 1 172 88 114 
-5558 -3673 -490 4568 -879 3410 0 0 0 0 1 173 89 96 
-4783 -3475 -354 5863 -1301 5801 0 0 0 0 1 166 79 91 
-4713 -2879 82 6664 -1921 7824 0 0 0 0 1 175 84 98 
-4732 -2596 560 8007 -2849 11297 0 0 0 0 1 153 105 100 
-5574 -2256 198 9954 -3455 14334 0 0 0 0 1 155 105 97 
-7214 -2760 598 11343 -4264 15699 0 0 0 0 1 140 118 80 
-7862 -3987 46 13566 -6107 16666 0 0 0 0 1 146 120 76 
-7374 -8209 -2187 15243 -5704 16935 0 0 0 0 1 128 136 82 
-6262 -10392 -3075 15667 -3157 17345 0 0 0 0 1 107 131 64 
-5659 -12337 -3375 14745 3722 18189 0 0 0 0 1 97 131 43 
-2633 -14153 -5539 12528 11837 18527 0 0 0 0 1 -1 109 -17 
430 -13372 -5540 10634 16094 17337 0 0 0 0 1 -53 65 -29 
1311 -10099 -3266 7683 11585 10404 0 0 0 0 1 -112 23 -19 
1096 -8188 3502 4523 4896 3539 0 0 0 0 1 -135 3 -17 
470 -8244 6439 -3686 -6349 -4850 0 0 0 0 1 -130 -1 -24 
141 -4072 3013 -9828 -12121 -7009 0 0 0 0 1 -100 28 -22 
-227 -1781 -2304 -14344 -13127 -6838 0 0 0 0 1 -60 72 -24 
310 -1491 -6284 -11504 -6010 -6432 0 0 0 0 1 28 152 20 
1345 -2341 -2758 -6761 1773 -6113 0 0 0 0 1 37 161 41 
1367 -1529 -688 -4293 2934 -5286 0 0 0 0 1 36 180 45 
1442 -703 688 -2380 1364 -3290 0 0 0 0 1 42 169 53 
1358 -362 609 -1865 326 -1930 0 0 0 0 1 42 183 58 
555 -592 157 -1478 1097 -808 0 0 0 0 1 43 192 61 
6 -671 -287 -1071 2413 -703 0 0 0 0 1 41 190 64 
58 -599 -357 -717 2497 -759 0 0 0 0 1 34 187 47 
332 -483 -549 -592 2115 -742 0 0 0 0 1 36 195 64 
467 -517 -922 -498 1503 -757 0 0 0 0 1 34 187 54 
561 -738 -1524 -426 1410 -957 0 0 0 0 1 24 187 54 
418 -906 -1762 -424 1680 -1231 0 0 0 0 1 33 198 55 
398 -1100 -1782 -580 2133 -1728 0 0 0 0 1 29 195 50 
394 -1213 -1627 -803 2357 -2120 0 0 0 0 1 15 185 47 
306 -1249 -1583 -1176 2258 -2830 0 0 0 0 1 20 180 57 
74 -1214 -1418 -1516 1756 -3594 0 0 0 0 1 21 191 46 
26 -1173 -1362 -1696 1284 -4028 0 0 0 0 1 37 191 60 
-16 -1078 -1397 -1812 504 -4509 0 0 0 0 1 40 186 65 
-104 -866 -1670 -1764 220 -4750 0 0 0 0 1 43 180 64 
-218 -643 -1806 -1579 365 -5077 0 0 0 0 1 51 174 67 
-335 -332 -1825 -1362 942 -5323 0 0 0 0 1 64 177 77 
-412 -254 -1838 -1199 1478 -5385 0 0 0 0 1 75 169 69 
-442 -230 -1812 -945 2376 -5308 0 0 0 0 1 77 174 76 
-1219 -115 -1441 -768 2915 -5219 0 0 0 0 1 77 149 72 
-1798 -58 -1250 -726 2930 -5231 0 0 0 0 1 80 157 65 
-2214 -66 -1116 -772 2655 -5295 0 0 0 0 1 84 157 55 
-2830 -94 -854 -884 2434 -5343 0 0 0 0 1 68 139 55 
-3076 -118 -814 -1086 2076 -5287 0 0 0 0 1 88 126 57 
-3505 -279 -843 -1221 1830 -5132 0 0 0 0 1 86 131 54 
-3755 -492 -908 -1371 1674 -4815 0 0 0 0 1 87 115 55 
-4497 -610 -1051 -1378 1792 -4561 0 0 0 0 1 84 115 46 
-5048 -528 -1234 -1315 1952 -4445 0 0 0 0 1 89 115 39 
-4932 -379 -1319 -1139 2259 -4100 0 0 0 0 1 84 112 37 
-5126 -357 -1390 -991 2787 -3554 0 0 0 0 1 80 107 46 
-5344 -436 -1305 -991 3064 -3100 0 0 0 0 1 69 109 36 
-5571 -550 -1301 -1085 2990 -2393 0 0 0 0 1 60 106 29 
-6042 -649 -1336 -1176 2824 -2029 0 0 0 0 1 57 109 38 
-6189 -711 -1401 -1314 2582 -1687 0 0 0 0 1 47 112 30 
-6496 -752 -1561 -1361 2314 -1653 0 0 0 0 1 35 112 23 
-6688 -770 -1621 -1423 1693 -1820 0 0 0 0 1 50 114 26 
-6768 -818 -1647 -1494 1186 -2003 0 0 0 0 1 38 118 36 
-6703 -924 -1677 -1642 318 -2267 0 0 0 0 1 41 114 29 
-6530 -939 -1749 -1749 -183 -2387 0 0 0 0 1 41 114 36 
-6331 -922 -1824 -1882 -783 -2440 0 0 0 0 1 47 130 34 
-5762 -925 -1768 -1990 -1248 -2342 0 0 0 0 1 58 127 37 
-5636 -956 -1723 -2056 -1407 -2235 0 0 0 0 1 64 133 43 
-5256 -1090 -1586 -2107 -1260 -2108 0 0 0 0 1 71 126 45 
-4920 -1269 -1540 -2081 -1125 -2056 0 0 0 0 1 76 141 57 
-4738 -1287 -1503 -1930 -1057 -2013 0 0 0 0 1 87 144 60 
-4530 -1265 -1386 -1738 -1062 -2006 0 0 0 0 1 103 144 81 
-4300 -1282 -1168 -1603 -1114 -2027 0 0 0 0 1 104 141 61 
-4176 -1460 -997 -1379 -1253 -2117 0 0 0 0 1 116 131 80 
-4198 -1569 -901 -1103 -1313 -2304 0 0 0 0 1 119 128 82 
-4236 -1729 -843 -732 -1240 -2561 0 0 0 0 1 121 141 89 
-4283 -2034 -688 -459 -1027 -2724 0 0 0 0 1 134 132 100 
-4113 -2618 43 -146 -244 -2727 0 0 0 0 1 139 120 104 
-3548 -2880 1710 -146 843 -1997 0 0 0 0 1 134 107 93 
-3210 -3183 2343 -26 1103 -951 0 0 0 0 1 153 117 79 
-3426 -3268 2682 969 496 1086 0 0 0 0 1 159 114 77 
-4008 -3367 2274 2500 -95 2534 0 0 0 0 1 139 105 86 
-4919 -3863 1899 6005 -1078 4604 0 0 0 0 1 146 110 69 
-5460 -3769 1937 9919 -2420 6743 0 0 0 0 1 135 99 84 
-5481 -3526 1177 12350 -3968 8306 0 0 0 0 1 159 72 68 
-4961 -3572 755 15182 -6838 11143 0 0 0 0 1 156 52 75 
-3676 -4544 -1316 17268 -8103 14626 0 0 0 0 1 174 39 86 
-3659 -5840 -2988 18469 -6490 17183 0 0 0 0 1 169 41 93 
-5002 -7907 -6083 19812 330 20495 0 0 0 0 1 171 50 80 
-7141 -13795 -8308 17624 11010 22448 0 0 0 0 1 149 84 68 
-6106 -14610 -9183 13991 18440 22033 0 0 0 0 1 35 73 -9 
-3199 -13842 -9355 7078 29021 17072 0 0 0 0 1 -63 39 -23 
-2212 -10602 -3197 967 25315 6863 0 0 0 0 1 -166 13 -5 
1826 -8037 11348 -3352 11580 1204 0 0 0 0 1 -221 7 25 
3201 -6395 13125 -7983 -8230 -4759 0 0 0 0 1 -226 46 32 
2804 -4699 1681 -5798 -11512 -9880 0 0 0 0 1 -181 71 9 
2503 -2656 -2905 -3341 -8403 -11891 0 0 0 0 1 -104 111 -5 
2272 -1810 691 -2790 -7933 -10976 0 0 0 0 1 -66 125 0 
1026 -1611 113 -3566 -7988 -8584 0 0 0 0 1 -20 141 17 
163 -1519 -2903 -3187 -5185 -7388 0 0 0 0 1 16 147 32 
346 -1673 -1321 -2582 -340 -5899 0 0 0 0 1 33 139 27 
17 -1209 260 -2578 -13 -4483 0 0 0 0 1 34 155 33 
-204 -268 406 -2300 -741 -3556 0 0 0 0 1 55 153 50 
-382 288 -821 -1121 -1179 -2378 0 0 0 0 1 57 143 57 
-473 174 -1342 31 -1370 -1493 0 0 0 0 1 70 149 41 
-433 -182 -1509 324 -1597 -1003 0 0 0 0 1 76 148 52 
-490 -653 -1812 195 -1698 -537 0 0 0 0 1 77 144 41 
-736 -1133 -2039 -197 -1191 -546 0 0 0 0 1 83 153 66 
-836 -1183 -2076 -1008 -460 -861 0 0 0 0 1 94 159 53 
-761 -1189 -1971 -1772 -216 -1233 0 0 0 0 1 103 144 53 
-746 -1065 -1907 -2119 -303 -1478 0 0 0 0 1 95 150 66 
-764 -929 -1979 -2291 -573 -1853 0 0 0 0 1 88 155 66 
-808 -803 -2010 -2204 -807 -2130 0 0 0 0 1 94 154 76 
-607 -822 -1941 -2097 -816 -2229 0 0 0 0 1 119 168 84 
-463 -812 -1817 -2055 -396 -2424 0 0 0 0 1 110 157 81 
-840 -626 -1233 -2179 -13 -2733 0 0 0 0 1 125 161 86 
-913 -626 -1125 -2489 364 -3366 0 0 0 0 1 126 145 96 
-1005 -611 -936 -2683 582 -3793 0 0 0 0 1 130 148 94 
-941 -528 -927 -2831 952 -4253 0 0 0 0 1 136 152 95 
-1087 -198 -712 -2842 1057 -4451 0 0 0 0 1 148 142 93 
-1288 31 -695 -2787 1154 -4472 0 0 0 0 1 145 128 105 
-1587 160 -569 -2713 1584 -4545 0 0 0 0 1 143 134 114 
-2246 90 -78 -2754 1873 -4709 0 0 0 0 1 147 126 96 
-2758 -184 76 -2899 2182 -5112 0 0 0 0 1 156 138 101 
-3427 -634 163 -3073 2692 -5503 0 0 0 0 1 151 122 102 
-3826 -899 310 -3197 3065 -5643 0 0 0 0 1 149 114 82 
-4336 -994 334 -3376 3108 -5666 0 0 0 0 1 158 100 90 
-4760 -1076 438 -3514 2959 -5511 0 0 0 0 1 158 103 86 
-4955 -1123 523 -3681 2716 -5126 0 0 0 0 1 148 95 76 
-5480 -1381 134 -3631 2804 -4680 0 0 0 0 1 154 91 80 
-5564 -1643 1 -3492 3169 -4300 0 0 0 0 1 151 85 79 
-5926 -1952 -10 -3274 3370 -3717 0 0 0 0 1 128 87 77 
-6577 -2345 -173 -3122 3011 -3387 0 0 0 0 1 128 96 71 
-7061 -2656 -216 -2944 2041 -3023 0 0 0 0 1 123 96 66 
-7415 -3071 -73 -2784 1139 -2705 0 0 0 0 1 133 99 66 
-7163 -2970 -294 -2570 628 -2428 0 0 0 0 1 126 91 64 
-6969 -2829 -397 -1924 -289 -1876 0 0 0 0 1 125 95 69 
-6521 -3105 164 -1632 -345 -1565 0 0 0 0 1 136 115 79 
-6241 -3118 -249 -850 -1095 -1225 0 0 0 0 1 145 104 75 
-5705 -3366 641 -496 -982 -897 0 0 0 0 1 141 98 81 
-5204 -3459 418 -547 -791 -482 0 0 0 0 1 145 87 94 
-5051 -3137 -313 -659 -696 -227 0 0 0 0 1 146 103 86 
-4864 -2936 -615 -560 -474 114 0 0 0 0 1 146 98 88 
-4539 -2546 -552 -371 -255 327 0 0 0 0 1 153 100 81 
-4332 -2183 -428 42 -466 713 0 0 0 0 1 153 100 86 
-3927 -1818 -205 611 -1096 1170 0 0 0 0 1 142 101 98 
-3827 -1847 -113 1044 -1256 1465 0 0 0 0 1 156 104 103 
-3635 -1935 97 1634 -827 1960 0 0 0 0 1 159 104 98 
-3319 -2133 646 1890 -232 2350 0 0 0 0 1 156 84 94 
-3226 -2360 1173 2122 602 3003 0 0 0 0 1 153 110 95 
-3304 -2644 1499 2357 1142 3671 0 0 0 0 1 147 111 89 
-3815 -3000 2128 2622 1209 4037 0 0 0 0 1 139 110 79 
-4593 -3034 2166 3499 106 4417 0 0 0 0 1 126 106 80 
-4829 -2920 2486 5009 -2560 5031 0 0 0 0 1 138 114 87 
-4567 -3063 2209 6555 -4854 5874 0 0 0 0 1 132 98 74 
-3813 -3647 861 9812 -6864 7628 0 0 0 0 1 141 93 79 
-3231 -3591 15 13338 -6013 9890 0 0 0 0 1 154 91 89 
-1821 -4330 -2106 15505 -4829 12066 0 0 0 0 1 165 78 74 
-1476 -4921 -4272 18121 -3371 16054 0 0 0 0 1 151 71 76 
-2028 -8045 -6278 19688 1171 19987 0 0 0 0 1 136 66 69 
-3685 -12493 -7945 18508 7913 21744 0 0 0 0 1 112 77 19 
-3866 -12518 -8486 12283 19006 21030 0 0 0 0 1 53 65 1 
-732 -11278 -10081 6264 24631 14839 0 0 0 0 1 -16 46 -30 
-2191 -7723 -4424 3498 23878 7278 0 0 0 0 1 -121 11 -22 
-2734 -8284 4769 -2015 10010 -3191 0 0 0 0 1 -225 8 10 
3379 -4823 10380 -8526 -8327 -7553 0 0 0 0 1 -213 45 -1 
1187 -2706 2215 -9467 -12769 -9692 0 0 0 0 1 -176 76 -9 
830 -2020 -4253 -6033 -8250 -11889 0 0 0 0 1 -126 111 -5 
2457 -1624 -3683 -3012 -3882 -10438 0 0 0 0 1 -82 142 -6 
1983 -1740 -1154 -2552 -3947 -8277 0 0 0 0 1 -21 154 20 
634 -2013 -661 -3059 -3564 -5464 0 0 0 0 1 -7 154 20 
-170 -2017 -1529 -3057 -805 -4227 0 0 0 0 1 2 166 30 
-800 -1701 -1824 -2759 937 -4023 0 0 0 0 1 17 175 47 
-1030 -1364 -1239 -2432 1973 -4045 0 0 0 0 1 -1 172 29 
-1041 -676 -701 -2176 1000 -3976 0 0 0 0 1 14 174 41 
-1072 -61 -1058 -1937 -387 -3772 0 0 0 0 1 22 180 61 
-1141 55 -1858 -1519 -2269 -3314 0 0 0 0 1 48 175 54 
-1249 -9 -2124 -1333 -2601 -2964 0 0 0 0 1 57 170 64 
-1260 -14 -2088 -1424 -2241 -2760 0 0 0 0 1 64 175 68 
-1253 8 -1585 -1887 -1549 -2433 0 0 0 0 1 79 175 68 
-1295 -54 -1290 -2487 -1074 -2135 0 0 0 0 1 86 170 77 
-1591 -116 -1121 -2767 -835 -2060 0 0 0 0 1 99 188 90 
-1771 -154 -1140 -2883 -421 -2157 0 0 0 0 1 101 181 102 
-1892 -132 -1220 -2640 -115 -2385 0 0 0 0 1 107 185 96 
-2111 154 -1087 -2388 9 -2557 0 0 0 0 1 109 182 112 
-2142 320 -781 -2087 188 -2651 0 0 0 0 1 106 176 107 
-1676 443 -377 -1922 268 -2505 0 0 0 0 1 134 188 114 
-1472 576 -226 -1695 490 -2254 0 0 0 0 1 133 182 131 
-1889 575 349 -1636 700 -2334 0 0 0 0 1 129 181 125 
-2226 398 536 -1603 681 -2505 0 0 0 0 1 152 172 126 
-2334 313 564 -1501 689 -2788 0 0 0 0 1 132 164 121 
-2541 339 686 -1436 945 -2957 0 0 0 0 1 145 168 126 
-2413 376 844 -1358 1540 -2911 0 0 0 0 1 141 166 125 
-2033 376 901 -1303 1943 -2684 0 0 0 0 1 155 171 118 
-2359 379 1025 -1268 2589 -2458 0 0 0 0 1 140 163 124 
-3038 337 1325 -1312 2915 -2423 0 0 0 0 1 138 153 117 
-3303 201 1399 -1395 3189 -2342 0 0 0 0 1 135 163 108 
-3619 -83 1582 -1488 3362 -2161 0 0 0 0 1 130 150 101 
-3635 -47 1508 -1481 3349 -1973 0 0 0 0 1 129 154 95 
-3631 26 1326 -1337 3005 -1662 0 0 0 0 1 116 148 103 
-3984 227 1032 -1136 2543 -1540 0 0 0 0 1 116 153 94 
-4323 358 751 -663 1776 -1571 0 0 0 0 1 114 150 91 
-4669 410 298 -288 1521 -1696 0 0 0 0 1 113 152 88 
-4788 434 227 171 1754 -1961 0 0 0 0 1 112 150 73 
-4902 529 -35 413 2218 -2197 0 0 0 0 1 109 138 73 
-4936 518 -71 398 2245 -2302 0 0 0 0 1 112 138 64 
-5069 398 -193 98 1576 -2381 0 0 0 0 1 106 134 62 
-5081 320 -186 -259 853 -2401 0 0 0 0 1 101 122 67 
-5047 187 -123 -916 -47 -2408 0 0 0 0 1 104 114 64 
-4917 92 -239 -1294 -355 -2404 0 0 0 0 1 110 115 72 
-4868 39 -419 -1625 -535 -2419 0 0 0 0 1 104 123 66 
-4851 -136 -697 -1691 -375 -2467 0 0 0 0 1 121 109 71 
-4799 -387 -656 -1664 -98 -2497 0 0 0 0 1 119 106 73 
-4660 -548 -533 -1627 284 -2482 0 0 0 0 1 132 117 74 
-4553 -581 -25 -1639 264 -2412 0 0 0 0 1 138 114 75 
-4415 -760 43 -1569 -285 -2165 0 0 0 0 1 151 107 79 
-4368 -898 183 -1391 -469 -1873 0 0 0 0 1 145 106 77 
-4453 -1599 595 -1148 42 -1598 0 0 0 0 1 146 112 81 
-4536 -1851 770 -989 666 -1391 0 0 0 0 1 153 110 93 
-4803 -2319 1963 -808 1361 -826 0 0 0 0 1 152 101 91 
-5160 -2694 2895 -540 1333 -183 0 0 0 0 1 142 109 75 
-5259 -2923 4226 160 445 1387 0 0 0 0 1 140 104 80 
-5769 -2414 4588 2476 -2336 3412 0 0 0 0 1 151 107 86 
-6895 -2256 3263 5087 -3810 4580 0 0 0 0 1 148 100 83 
-7377 -1500 2576 9273 -4148 6038 0 0 0 0 1 146 103 86 
-6890 -825 1349 11363 -4410 7446 0 0 0 0 1 152 89 87 
-6376 -694 808 12835 -6294 10650 0 0 0 0 1 166 72 80 
-6590 -2059 -300 13395 -7804 14170 0 0 0 0 1 182 91 96 
-8200 -4359 -1743 13871 -5927 15901 0 0 0 0 1 168 91 98 
-9017 -6159 -4107 14875 -66 17686 0 0 0 0 1 155 110 79 
-7313 -8660 -6706 15330 5974 19859 0 0 0 0 1 123 118 54 
-5736 -9500 -6662 14785 11181 21360 0 0 0 0 1 75 115 16 
-4230 -9356 -5337 11751 18899 21387 0 0 0 0 1 12 106 -3 
-2834 -8476 -775 9104 19153 18266 0 0 0 0 1 -143 14 -18 
-1828 -8948 4126 5928 10826 9666 0 0 0 0 1 -175 -6 -15 
-412 -7818 8516 2691 -1442 215 0 0 0 0 1 -193 -34 -9 
-21 -7941 5203 -1708 -11369 -5769 0 0 0 0 1 -169 -26 -9 
-646 -5865 -338 -5092 -13863 -7398 0 0 0 0 1 -129 -9 -30 
-792 -4207 -2967 -8957 -10037 -7461 0 0 0 0 1 -50 40 -19 
66 -3204 -4681 -9556 -4024 -6412 0 0 0 0 1 -17 72 -24 
155 -2973 -4270 -8464 -1087 -5943 0 0 0 0 1 -17 104 -8 
63 -2712 -2737 -6236 1278 -5426 0 0 0 0 1 3 114 -5 
272 -2822 -1285 -4794 1550 -4592 0 0 0 0 1 -9 139 11 
-149 -2531 652 -4406 1124 -4234 0 0 0 0 1 -3 155 12 
-591 -2195 839 -4005 231 -4173 0 0 0 0 1 18 157 23 
-771 -1660 843 -3723 91 -4291 0 0 0 0 1 16 161 39 
-720 -1339 554 -3075 320 -4446 0 0 0 0 1 30 179 48 
-692 -659 -748 -2077 531 -4473 0 0 0 0 1 48 185 50 
-706 -449 -1337 -1343 658 -4407 0 0 0 0 1 50 170 57 
-863 -347 -1754 -435 945 -4252 0 0 0 0 1 56 179 53 
-812 -273 -1882 -108 1281 -4079 0 0 0 0 1 63 171 62 
-874 -341 -1796 -98 1588 -3806 0 0 0 0 1 60 165 43 
-1175 -462 -1355 -517 1558 -3705 0 0 0 0 1 60 172 45 
-1401 -411 -1227 -884 1268 -3777 0 0 0 0 1 57 145 45 
-1654 -314 -1311 -1306 496 -4046 0 0 0 0 1 71 143 47 
-1940 -97 -1675 -1417 36 -4270 0 0 0 0 1 70 142 53 
-2196 148 -1881 -1399 -77 -4594 0 0 0 0 1 89 142 55 
-2323 360 -1882 -1368 255 -4691 0 0 0 0 1 92 137 58 
-2239 328 -1759 -1388 911 -4572 0 0 0 0 1 97 131 52 
-2650 425 -1023 -1729 1045 -4512 0 0 0 0 1 102 128 54 
-3112 457 -383 -2092 585 -4561 0 0 0 0 1 103 117 58 
-3267 323 -109 -2676 -680 -4675 0 0 0 0 1 102 133 64 
-3788 599 286 -3257 -2067 -4658 0 0 0 0 1 126 118 66 
-3975 619 2 -3462 -2843 -4457 0 0 0 0 1 126 116 77 
-3884 614 -348 -3306 -3293 -3825 0 0 0 0 1 140 114 94 
-3925 615 -151 -2824 -2736 -3227 0 0 0 0 1 147 116 96 
-3743 589 659 -2460 -2037 -2858 0 0 0 0 1 171 114 122 
-3434 872 1240 -1898 -1240 -2374 0 0 0 0 1 173 104 119 
-4245 897 1230 -1039 -601 -2081 0 0 0 0 1 186 103 123 
-3711 -37 197 -271 -165 -1681 0 0 0 0 1 186 103 121 
-4259 306 1000 249 1428 -1378 0 0 0 0 1 187 99 129 
-4627 -13 857 382 3057 -1049 0 0 0 0 1 174 98 128 
-4252 -175 816 240 3735 -646 0 0 0 0 1 181 95 111 
-4174 -146 724 -260 3905 3 0 0 0 0 1 154 96 91 
-4672 -638 327 -3040 699 -3032 0 0 0 0 1 115 132 81 
-4698 -937 426 -3189 4 -3158 0 0 0 0 1 126 123 84 
-4313 -920 622 -3203 -281 -3019 0 0 0 0 1 130 133 91 
-4255 -982 555 -3072 -410 -2854 0 0 0 0 1 134 132 102 
-4121 -1037 554 -2705 -272 -2518 0 0 0 0 1 138 121 96 
-3903 -1338 624 -2385 109 -2251 0 0 0 0 1 152 128 103 
-3854 -1499 690 -1800 962 -1895 0 0 0 0 1 145 131 110 
-3896 -1739 859 -1147 1695 -1563 0 0 0 0 1 159 126 103 
-3950 -2074 1367 -745 1851 -1265 0 0 0 0 1 152 133 108 
-3987 -2308 1730 -68 1488 -432 0 0 0 0 1 145 133 96 
-4142 -2912 2353 897 922 784 0 0 0 0 1 149 121 89 
-5038 -3326 3029 1853 320 1656 0 0 0 0 1 142 131 94 
-5577 -3376 3237 4095 -1522 3180 0 0 0 0 1 141 117 83 
-6150 -3200 2617 6319 -3486 4343 0 0 0 0 1 149 111 80 
-6455 -2885 2079 10075 -5870 5989 0 0 0 0 1 161 101 91 
-6029 -2899 917 13243 -6688 8019 0 0 0 0 1 163 96 94 
-5204 -2716 -285 14600 -6877 9844 0 0 0 0 1 161 79 94 
-4836 -3125 -1669 15879 -7189 13577 0 0 0 0 1 182 69 98 
-5503 -5034 -5735 16907 -4673 17898 0 0 0 0 1 186 80 102 
-6911 -6649 -7070 16848 1456 20428 0 0 0 0 1 146 117 67 
-7881 -8760 -8410 13925 13821 23329 0 0 0 0 1 81 123 31 
-7154 -9824 -9487 8172 21138 23140 0 0 0 0 1 -4 115 -11 
-3479 -9171 -5418 3990 22516 20514 0 0 0 0 1 -97 101 -19 
-1970 -9134 213 -960 16873 12859 0 0 0 0 1 -172 68 4 
-495 -7792 7822 -2805 4098 3702 0 0 0 0 1 -243 44 30 
753 -6815 7265 -2566 -5716 -3740 0 0 0 0 1 -235 63 30 
1209 -6344 2282 -2691 -8899 -7170 0 0 0 0 1 -212 83 13 
543 -4785 -1482 -3698 -8180 -10057 0 0 0 0 1 -167 103 6 
606 -2637 -3235 -5024 -5750 -9766 0 0 0 0 1 -138 128 8 
449 -1906 -3355 -5299 -4429 -8672 0 0 0 0 1 -92 152 20 
-16 -1276 -3208 -4537 -1995 -7131 0 0 0 0 1 -61 176 27 
213 -820 -2062 -3717 -929 -6004 0 0 0 0 1 -41 182 45 
301 -755 -1079 -2678 -438 -4397 0 0 0 0 1 -22 202 50 
-35 -644 -262 -1892 -344 -3372 0 0 0 0 1 -5 214 47 
-351 -509 -302 -1435 -342 -2992 0 0 0 0 1 1 212 64 
-477 -441 -553 -864 -562 -2709 0 0 0 0 1 4 208 55 
-571 -464 -1052 -410 -834 -2688 0 0 0 0 1 11 215 72 
-688 -489 -1332 -177 -807 -2821 0 0 0 0 1 41 199 64 
-743 -520 -1619 0 -637 -3084 0 0 0 0 1 33 198 65 
-722 -392 -1658 -18 -512 -3231 0 0 0 0 1 49 193 65 
-691 -380 -1613 -204 -279 -3388 0 0 0 0 1 51 203 62 
-674 -435 -1428 -494 83 -3494 0 0 0 0 1 44 181 65 
-598 -396 -1292 -776 377 -3566 0 0 0 0 1 66 186 69 
-705 -284 -1263 -939 415 -3675 0 0 0 0 1 80 171 76 
-871 -161 -1291 -1134 398 -3991 0 0 0 0 1 77 166 81 
-1304 -47 -1437 -1287 519 -4411 0 0 0 0 1 94 159 69 
-1482 -24 -1455 -1450 872 -4783 0 0 0 0 1 89 169 67 
-1584 85 -1347 -1567 1151 -4927 0 0 0 0 1 97 160 73 
-1364 335 -1189 -1711 1334 -4913 0 0 0 0 1 101 154 76 
-1836 431 -859 -1828 1254 -4846 0 0 0 0 1 120 132 83 
-1987 492 -461 -2097 1017 -4695 0 0 0 0 1 123 126 82 
-2664 554 -280 -2271 750 -4697 0 0 0 0 1 121 138 77 
-3058 552 -269 -2447 326 -4787 0 0 0 0 1 126 128 73 
-3396 648 -179 -2501 -191 -4771 0 0 0 0 1 139 122 81 
-3669 395 -126 -2483 -412 -4629 0 0 0 0 1 145 126 87 
-3513 377 -83 -2381 -343 -4137 0 0 0 0 1 146 115 83 
-3785 369 91 -2281 -68 -3762 0 0 0 0 1 149 101 98 
-3809 429 253 -2094 511 -3132 0 0 0 0 1 158 100 102 
-3983 323 467 -1862 1064 -2532 0 0 0 0 1 155 100 102 
-4487 133 416 -1675 1409 -2249 0 0 0 0 1 166 101 101 
-4653 81 475 -1451 2009 -1902 0 0 0 0 1 153 93 93 
-4649 -27 711 -1373 2350 -1614 0 0 0 0 1 154 99 87 
-4538 -30 703 -1293 2577 -1087 0 0 0 0 1 143 95 88 
-4729 7 200 -1184 2459 -734 0 0 0 0 1 135 109 91 
-4824 -93 237 -1034 2108 -274 0 0 0 0 1 133 109 73 
-4941 -134 196 -963 1902 -28 0 0 0 0 1 122 112 69 
-5121 -323 -92 -905 1846 -68 0 0 0 0 1 127 100 67 
-5115 -403 -205 -894 1887 -220 0 0 0 0 1 115 110 67 
-5213 -518 -218 -983 1899 -585 0 0 0 0 1 113 105 62 
-5356 -825 -217 -1130 1730 -886 0 0 0 0 1 102 121 61 
-5393 -920 -265 -1423 1139 -1369 0 0 0 0 1 97 114 57 
-5399 -1028 -224 -1822 319 -1818 0 0 0 0 1 108 117 60 
-5239 -1047 -279 -2086 -198 -2084 0 0 0 0 1 100 123 66 
-4951 -1101 -439 -2370 -595 -2390 0 0 0 0 1 114 121 68 
-4709 -1176 -547 -2462 -397 -2532 0 0 0 0 1 109 109 66 
-4479 -1373 -506 -2445 -35 -2578 0 0 0 0 1 132 117 83 
-4388 -1508 -387 -2335 517 -2625 0 0 0 0 1 128 123 91 
-4238 -1442 -205 -2125 676 -2587 0 0 0 0 1 129 120 81 
-4023 -1189 3 -1925 453 -2425 0 0 0 0 1 142 126 87 
-3957 -1165 153 -1511 53 -2019 0 0 0 0 1 141 130 88 
-4063 -1301 293 -981 -8 -1496 0 0 0 0 1 133 116 94 
-4276 -1603 632 -605 94 -1035 0 0 0 0 1 141 110 83 
-4288 -1946 845 48 377 -97 0 0 0 0 1 141 125 79 
-4570 -2105 1128 564 619 587 0 0 0 0 1 142 116 103 
-4650 -2290 1303 1500 747 1791 0 0 0 0 1 142 116 82 
-4984 -2355 2569 2054 365 2801 0 0 0 0 1 138 104 80 
-4967 -2220 3044 3442 -2094 4986 0 0 0 0 1 139 105 83 
-5347 -1851 2172 6284 -4849 7250 0 0 0 0 1 141 122 81 
-5670 -1585 1616 8518 -5923 8617 0 0 0 0 1 138 111 84 
-5463 -1562 948 11657 -7363 10767 0 0 0 0 1 145 114 82 
-5294 -2421 -216 13418 -7741 12334 0 0 0 0 1 142 101 87 
-4650 -3639 -1864 15379 -5643 15061 0 0 0 0 1 142 101 77 
-5012 -5444 -4021 16038 -1502 17882 0 0 0 0 1 129 112 74 
-5949 -8227 -5503 15604 2135 19386 0 0 0 0 1 97 121 36 
-5870 -10042 -6219 13437 8413 20424 0 0 0 0 1 71 114 12 
-2719 -10709 -6981 11131 12694 19887 0 0 0 0 1 14 93 -13 
597 -9960 -3455 6708 16228 15388 0 0 0 0 1 -58 71 -34 
1059 -9402 786 3075 10007 6260 0 0 0 0 1 -112 30 -29 
2038 -7175 5337 1033 914 78 0 0 0 0 1 -145 18 -17 
2314 -5753 3231 -3088 -10205 -5948 0 0 0 0 1 -115 29 -34 
1311 -4405 142 -7456 -13329 -8225 0 0 0 0 1 -68 49 -25 
-426 -2526 -4446 -9021 -11219 -8434 0 0 0 0 1 -21 85 -11 
221 -2084 -5574 -8674 -5894 -7349 0 0 0 0 1 12 106 3 
871 -2135 -3889 -6605 -1344 -5474 0 0 0 0 1 48 123 22 
604 -2024 -2282 -5304 1076 -4542 0 0 0 0 1 60 155 40 
187 -1870 -532 -4272 2969 -3922 0 0 0 0 1 56 164 41 
-381 -1394 1593 -3994 2090 -3814 0 0 0 0 1 60 148 45 
-484 -1132 1646 -3867 805 -3796 0 0 0 0 1 61 166 51 
-421 -823 1292 -3505 -454 -3717 0 0 0 0 1 71 160 57 
-327 -521 488 -3136 -741 -3599 0 0 0 0 1 79 177 71 
-336 -310 -452 -2443 -723 -3389 0 0 0 0 1 86 165 71 
-387 -279 -899 -1786 -357 -3252 0 0 0 0 1 107 170 80 
-550 -355 -1398 -1484 105 -3257 0 0 0 0 1 110 174 88 
-568 -332 -1418 -1338 993 -3362 0 0 0 0 1 119 170 91 
-563 -392 -1375 -1487 1516 -3481 0 0 0 0 1 114 163 94 
-715 -486 -1233 -1679 1572 -3597 0 0 0 0 1 113 161 83 
-934 -555 -1136 -2017 1502 -3879 0 0 0 0 1 110 159 95 
-1299 -599 -1071 -2309 1476 -4251 0 0 0 0 1 121 143 96 
-1387 -486 -939 -2496 1390 -4508 0 0 0 0 1 134 139 93 
-1492 -282 -917 -2765 1067 -4865 0 0 0 0 1 134 144 93 
-1534 -59 -810 -2934 948 -5050 0 0 0 0 1 136 144 90 
-1643 -34 -730 -3176 901 -5258 0 0 0 0 1 147 136 94 
-1922 143 -614 -3335 773 -5316 0 0 0 0 1 158 127 102 
-2078 67 -568 -3554 386 -5223 0 0 0 0 1 154 123 103 
-2632 -215 -656 -3678 317 -5164 0 0 0 0 1 155 115 107 
-3129 -385 -562 -3740 584 -5185 0 0 0 0 1 166 114 112 
-3210 -539 -377 -3824 1141 -5175 0 0 0 0 1 171 106 115 
-3254 -731 -221 -3838 1544 -5048 0 0 0 0 1 167 95 102 
-3402 -920 -107 -3835 1728 -4916 0 0 0 0 1 176 95 111 
-3613 -1122 -38 -3779 1899 -4671 0 0 0 0 1 162 93 114 
-3788 -1324 52 -3719 1919 -4406 0 0 0 0 1 171 89 101 
-4001 -1539 305 -3626 1751 -3785 0 0 0 0 1 175 77 108 
-4122 -1770 251 -3377 1477 -2961 0 0 0 0 1 178 82 112 
-4279 -1915 138 -3091 1532 -2403 0 0 0 0 1 182 84 108 
-4245 -1968 44 -2540 1883 -1611 0 0 0 0 1 165 88 97 
-4443 -2145 -56 -1947 2094 -1031 0 0 0 0 1 156 91 96 
-4982 -2611 -81 -1621 1994 -821 0 0 0 0 1 163 89 89 
-5162 -2874 -239 -1237 1621 -698 0 0 0 0 1 165 100 100 
-5402 -3019 -243 -1061 1303 -709 0 0 0 0 1 155 90 93 
-5296 -3059 -418 -836 812 -717 0 0 0 0 1 151 93 88 
-5219 -2942 -416 -675 535 -713 0 0 0 0 1 149 87 82 
-5094 -2853 -302 -616 330 -689 0 0 0 0 1 148 93 81 
-5000 -2807 -236 -557 -110 -604 0 0 0 0 1 151 90 81 
-4793 -2770 -149 -491 -393 -501 0 0 0 0 1 155 90 81 
-4574 -2699 -129 -277 -580 -308 0 0 0 0 1 159 91 105 
-4429 -2637 -83 66 -375 -70 0 0 0 0 1 163 79 87 
-4222 -2608 -68 477 105 183 0 0 0 0 1 162 90 93 
-4115 -2792 416 658 557 403 0 0 0 0 1 155 88 93 
-3922 -2860 857 784 1130 1015 0 0 0 0 1 154 91 84 
-3820 -2881 1241 854 1293 1635 0 0 0 0 1 159 82 87 
-3788 -3091 1850 1169 1372 2985 0 0 0 0 1 148 88 81 
-4098 -3556 2881 1567 1572 4095 0 0 0 0 1 143 90 79 
-4660 -3612 3355 2906 1051 5884 0 0 0 0 1 140 101 71 
-6022 -3355 3156 4633 -459 7019 0 0 0 0 1 120 107 65 
-6738 -3004 3037 8012 -3177 8439 0 0 0 0 1 122 95 60 
-6822 -2447 2339 10212 -4892 9384 0 0 0 0 1 121 79 59 
-6416 -2536 933 12895 -7417 11264 0 0 0 0 1 140 84 59 
-5619 -3270 -1081 14448 -7250 14074 0 0 0 0 1 138 69 61 
-5436 -3875 -3727 14563 -4554 16466 0 0 0 0 1 146 66 67 
-5994 -6353 -7783 13750 1735 20780 0 0 0 0 1 147 77 66 
-6911 -7469 -8967 11221 9324 24067 0 0 0 0 1 62 99 12 
-7086 -9056 -10029 7807 14988 24308 0 0 0 0 1 -1 96 -10 
-4937 -8786 -7355 5633 18753 22114 0 0 0 0 1 -84 80 -25 
-3106 -10166 -3899 3502 20248 16301 0 0 0 0 1 -162 36 -6 
-1836 -6122 5714 1552 10345 8544 0 0 0 0 1 -224 17 11 
-1392 -6404 8586 668 497 3292 0 0 0 0 1 -245 -9 23 
-8 -6883 6733 -1378 -8633 -3128 0 0 0 0 1 -214 -12 16 
-162 -5613 611 -3305 -11063 -6242 0 0 0 0 1 -194 20 -5 
349 -2835 -4654 -6417 -7265 -8657 0 0 0 0 1 -154 40 1 
1174 -2459 -5151 -6771 -3994 -8172 0 0 0 0 1 -135 74 -17 
1299 -2159 -5073 -5831 -977 -6930 0 0 0 0 1 -102 96 5 
740 -1980 -4271 -4848 -43 -6204 0 0 0 0 1 -94 137 16 
396 -2238 -3397 -3812 770 -5393 0 0 0 0 1 -79 153 24 
-195 -2534 -1941 -3554 855 -5083 0 0 0 0 1 -73 176 20 
-715 -2557 -1362 -3547 541 -5125 0 0 0 0 1 -69 172 40 
-898 -2411 -1210 -3566 158 -5408 0 0 0 0 1 -56 188 44 
-1127 -2076 -935 -3595 -73 -5800 0 0 0 0 1 -44 193 44 
-1032 -1515 -714 -3625 -267 -5974 0 0 0 0 1 -28 206 48 
-806 -1041 -671 -3617 -657 -5974 0 0 0 0 1 2 208 79 
-733 -740 -718 -3496 -898 -5756 0 0 0 0 1 9 213 67 
-640 -387 -726 -3376 -890 -5538 0 0 0 0 1 36 226 98 
-586 -220 -764 -3132 -714 -5150 0 0 0 0 1 44 223 102 
-606 -141 -785 -2777 -367 -4768 0 0 0 0 1 66 215 111 
-852 -148 -765 -2500 -35 -4586 0 0 0 0 1 79 214 112 
-1038 -30 -740 -2050 654 -4485 0 0 0 0 1 103 208 123 
-1545 266 -553 -1668 1433 -4529 0 0 0 0 1 90 202 124 
-1667 571 -67 -1413 2206 -4366 0 0 0 0 1 104 209 129 
-1667 689 270 -1347 2717 -4071 0 0 0 0 1 109 209 126 
-1705 722 354 -1258 3443 -3474 0 0 0 0 1 114 190 126 
-2111 809 508 -1191 3768 -3132 0 0 0 0 1 97 199 115 
-2497 773 525 -1049 3661 -2812 0 0 0 0 1 107 190 112 
-2892 716 402 -898 3344 -2645 0 0 0 0 1 95 172 105 
-2993 613 360 -601 2994 -2367 0 0 0 0 1 106 188 88 
-3217 662 154 -204 3107 -2138 0 0 0 0 1 97 180 80 
-3425 741 76 62 3390 -2032 0 0 0 0 1 95 177 89 
-3617 776 -54 431 3786 -1986 0 0 0 0 1 92 166 79 
-3871 762 -200 621 3916 -1991 0 0 0 0 1 82 174 79 
-4202 634 -90 637 3703 -2034 0 0 0 0 1 62 165 57 
-4770 333 163 429 3150 -2078 0 0 0 0 1 73 157 62 
-4962 234 340 -114 1851 -2141 0 0 0 0 1 68 159 39 
-5361 101 186 -465 1003 -2270 0 0 0 0 1 71 143 59 
-5346 137 -187 -693 339 -2487 0 0 0 0 1 67 143 52 
-5246 100 -823 -629 399 -2607 0 0 0 0 1 55 153 52 
-5101 117 -1084 -391 958 -2695 0 0 0 0 1 67 138 47 
-5098 69 -1300 -224 1220 -2764 0 0 0 0 1 71 145 47 
-5159 112 -1300 -229 1030 -2858 0 0 0 0 1 68 122 46 
-5159 51 -1280 -380 307 -3042 0 0 0 0 1 63 132 41 
-5248 11 -1279 -536 -224 -3226 0 0 0 0 1 82 125 46 
-5118 -14 -1456 -697 -729 -3445 0 0 0 0 1 88 131 64 
-4787 -121 -1633 -776 -724 -3512 0 0 0 0 1 97 116 59 
-4574 -225 -1720 -866 -447 -3523 0 0 0 0 1 100 114 68 
-4397 -417 -1633 -1031 -282 -3484 0 0 0 0 1 113 105 60 
-4325 -664 -1422 -1186 -297 -3477 0 0 0 0 1 112 104 54 
-4280 -834 -1272 -1421 -398 -3514 0 0 0 0 1 119 91 54 
-4146 -1093 -1198 -1502 -493 -3582 0 0 0 0 1 134 83 74 
-4026 -1271 -1086 -1458 -470 -3653 0 0 0 0 1 133 89 68 
-3970 -1386 -1037 -1281 -458 -3770 0 0 0 0 1 128 82 73 
-3854 -1709 -842 -1145 -367 -3817 0 0 0 0 1 147 69 77 
-3865 -1997 -396 -1190 56 -3763 0 0 0 0 1 143 76 83 
-3589 -2255 978 -1601 -17 -3057 0 0 0 0 1 151 68 74 
-3085 -2402 1563 -1744 -295 -2098 0 0 0 0 1 156 65 71 
-3032 -2725 1894 -1328 -244 -31 0 0 0 0 1 151 71 90 
-3337 -3500 2307 -439 -10 1647 0 0 0 0 1 161 67 82 
-4516 -4654 2755 1883 481 4133 0 0 0 0 1 154 69 80 
-5821 -4988 3259 4907 -241 6099 0 0 0 0 1 141 83 69 
-6962 -4660 3784 7059 -2118 7237 0 0 0 0 1 146 83 67 
-6813 -4319 3657 10129 -6156 8964 0 0 0 0 1 140 74 87 
-6223 -4270 2632 12908 -9440 10762 0 0 0 0 1 161 77 82 
-5413 -4795 269 14341 -9941 11969 0 0 0 0 1 188 63 104 
-5072 -6290 -1998 15673 -7566 14202 0 0 0 0 1 187 69 119 
-4999 -7681 -4770 15651 -3558 16006 0 0 0 0 1 175 82 110 
-4612 -9347 -8346 14845 2439 19292 0 0 0 0 1 156 111 82 
-4285 -10134 -9958 13221 10177 21950 0 0 0 0 1 122 139 55 
-2496 -7814 -10759 10255 18304 22977 0 0 0 0 1 61 139 18 
-1454 -6623 -7623 7512 22168 21816 0 0 0 0 1 -117 107 -4 
-3140 -5407 -3564 3458 21271 15817 0 0 0 0 1 -205 71 6 
-3094 -5868 5387 1286 14691 10369 0 0 0 0 1 -250 39 44 
-1790 -6399 8859 -900 581 2300 0 0 0 0 1 -268 19 41 
-1352 -6124 7808 -2784 -10111 -4889 0 0 0 0 1 -253 35 43 
-1468 -4545 1602 -4190 -12918 -8322 0 0 0 0 1 -212 58 16 
-574 -2227 -3083 -5987 -11240 -10598 0 0 0 0 1 -169 78 -6 
516 -1473 -3835 -6614 -7266 -10091 0 0 0 0 1 -92 134 2 
1346 -1053 -3587 -6164 -4907 -9099 0 0 0 0 1 -58 164 9 
1200 -1046 -3230 -4572 -1904 -7646 0 0 0 0 1 -28 179 39 
822 -912 -2811 -3392 -675 -6774 0 0 0 0 1 -11 181 37 
695 -1161 -2190 -2270 -45 -5420 0 0 0 0 1 -1 182 40 
529 -1390 -1812 -1945 337 -4369 0 0 0 0 1 2 186 51 
-250 -1459 -1581 -1926 619 -3968 0 0 0 0 1 22 192 54 
-547 -1366 -1518 -1946 664 -3986 0 0 0 0 1 35 196 55 
-708 -1258 -1456 -1996 596 -4170 0 0 0 0 1 38 187 59 
-757 -1008 -1422 -2061 331 -4368 0 0 0 0 1 50 195 66 
-706 -810 -1445 -2093 126 -4473 0 0 0 0 1 54 183 67 
-740 -556 -1645 -2099 -36 -4602 0 0 0 0 1 64 187 82 
-739 -421 -1719 -2065 231 -4670 0 0 0 0 1 75 188 81 
-785 -277 -1778 -2020 568 -4692 0 0 0 0 1 86 187 77 
-869 -115 -1767 -1900 1085 -4668 0 0 0 0 1 89 188 90 
-965 9 -1553 -1840 1365 -4573 0 0 0 0 1 106 179 83 
-1209 166 -1195 -1851 1360 -4362 0 0 0 0 1 103 183 83 
-1319 315 -899 -1862 849 -4014 0 0 0 0 1 109 172 94 
-1406 454 -932 -1775 556 -3757 0 0 0 0 1 114 165 91 
-1675 638 -1123 -1470 606 -3486 0 0 0 0 1 119 170 98 
-1909 706 -1371 -994 1399 -3363 0 0 0 0 1 128 153 101 
-2272 491 -1341 -697 2225 -3296 0 0 0 0 1 130 155 89 
-2482 373 -1051 -482 3193 -3094 0 0 0 0 1 127 142 90 
-2732 340 -508 -506 3220 -2863 0 0 0 0 1 120 139 74 
-2758 304 -243 -692 2398 -2400 0 0 0 0 1 113 137 65 
-2838 459 -165 -793 1461 -2017 0 0 0 0 1 114 138 61 
-3038 626 -613 -674 1173 -1878 0 0 0 0 1 116 136 59 
-3132 639 -1020 -213 1587 -1778 0 0 0 0 1 103 122 60 
-3490 381 -1291 312 2878 -1672 0 0 0 0 1 100 123 54 
-3573 315 -1246 550 3691 -1521 0 0 0 0 1 102 121 61 
-4030 165 -1001 635 4155 -1250 0 0 0 0 1 86 116 47 
-4365 207 -602 500 3867 -1064 0 0 0 0 1 77 107 44 
-4470 335 -477 -3471 -3327 -3843 0 0 0 0 1 103 130 72 
-4744 -634 -1171 -3558 -3241 -3806 0 0 0 0 1 139 137 104 
-4385 -734 -955 -3597 -3038 -3587 0 0 0 0 1 151 130 111 
-4070 -705 -773 -3487 -2943 -3343 0 0 0 0 1 162 130 114 
-3481 -831 -456 -3369 -2790 -3138 0 0 0 0 1 172 144 130 
-3042 -1005 -37 -3162 -2422 -2805 0 0 0 0 1 176 120 149 
-2972 -1144 28 -2794 -1912 -2571 0 0 0 0 1 193 127 153 
-2841 -1506 210 -2450 -1319 -2455 0 0 0 0 1 200 125 169 
-1862 -2380 1102 -1985 511 -1830 0 0 0 0 1 206 114 173 
-226 -3057 2764 -2068 3688 227 0 0 0 0 1 200 112 172 
-445 -3699 4833 -2141 4655 1977 0 0 0 0 1 185 121 157 
-1926 -3330 5101 -647 1510 4890 0 0 0 0 1 184 134 144 
-3855 -3656 3864 4198 -2618 7581 0 0 0 0 1 166 150 154 
-6483 -4530 3495 10662 -3614 8583 0 0 0 0 1 154 170 138 
-8256 -4182 2924 14415 -5236 8544 0 0 0 0 1 153 164 125 
-7774 -4746 2337 17987 -10100 8566 0 0 0 0 1 159 136 110 
-5812 -6060 -56 19269 -13143 8973 0 0 0 0 1 154 128 117 
-4473 -6907 -1966 20286 -13436 10721 0 0 0 0 1 179 103 132 
-4100 -9851 -6454 20952 -5900 13503 0 0 0 0 1 195 112 128 
-5515 -12306 -9089 19675 2795 15364 0 0 0 0 1 160 127 88 
-5029 -12738 -10417 14953 12309 17551 0 0 0 0 1 108 130 41 
1658 -9642 -10037 9483 17312 16671 0 0 0 0 1 28 117 11 
1121 -8131 -6874 6646 16723 12447 0 0 0 0 1 -40 107 -11 
466 -6708 -1967 2910 9699 3261 0 0 0 0 1 -82 78 -23 
2420 -6518 5302 -629 1547 -1683 0 0 0 0 1 -108 76 -18 
2597 -5640 4705 -5973 -8951 -6516 0 0 0 0 1 -107 77 -26 
1497 -3881 -185 -8602 -11282 -9011 0 0 0 0 1 -21 125 2 
1457 -2905 -4799 -8295 -8251 -9498 0 0 0 0 1 35 125 30 
2504 -2610 -4466 -6405 -2776 -8454 0 0 0 0 1 48 150 47 
2263 -2621 -3542 -4590 664 -6727 0 0 0 0 1 81 158 52 
1105 -2622 -2295 -3851 1884 -5970 0 0 0 0 1 74 155 61 
293 -2571 -1289 -3439 2692 -5582 0 0 0 0 1 80 159 67 
-88 -2390 -797 -3525 2572 -5827 0 0 0 0 1 92 159 69 
-389 -2065 -507 -3643 2203 -6134 0 0 0 0 1 99 166 65 
-422 -1560 -661 -3672 1478 -6570 0 0 0 0 1 101 159 81 
-414 -1141 -777 -3514 607 -6719 0 0 0 0 1 106 152 81 
-241 -642 -988 -3358 -43 -6572 0 0 0 0 1 112 141 82 
-197 -406 -1159 -3046 -750 -6104 0 0 0 0 1 130 141 89 
-490 -104 -1420 -2669 -883 -5628 0 0 0 0 1 159 126 91 
-879 95 -1385 -2478 -851 -5359 0 0 0 0 1 161 116 117 
-1159 6 -1188 -2432 -815 -5036 0 0 0 0 1 169 122 111 
-1589 -160 -708 -2709 -763 -4792 0 0 0 0 1 171 101 124 
-1765 -219 -565 -3012 -771 -4643 0 0 0 0 1 188 88 118 
-1982 -225 -561 -3441 -639 -4380 0 0 0 0 1 185 101 126 
-2279 -159 -599 -3671 -281 -4086 0 0 0 0 1 191 83 130 
-2185 -204 -467 -3929 428 -3298 0 0 0 0 1 198 90 139 
-2212 -227 -68 -4099 925 -2376 0 0 0 0 1 193 83 132 
-2537 -186 211 -4119 960 -1858 0 0 0 0 1 192 72 124 
-2804 -312 229 -3923 800 -1287 0 0 0 0 1 188 85 135 
-3274 -593 33 -3614 927 -1059 0 0 0 0 1 205 93 128 
-3718 -907 -50 -3027 1701 -866 0 0 0 0 1 192 87 129 
-3874 -1013 -130 -2381 2717 -668 0 0 0 0 1 197 104 126 
-3931 -991 -19 -2003 3216 -457 0 0 0 0 1 179 105 118 
-3999 -911 80 -1578 3386 -40 0 0 0 0 1 175 109 117 
-4126 -895 137 -1385 3205 264 0 0 0 0 1 163 109 110 
-4379 -1041 186 -1242 2915 587 0 0 0 0 1 155 125 97 
-4961 -1409 91 -1201 2776 672 0 0 0 0 1 153 127 95 
-5198 -1653 -29 -1146 2639 683 0 0 0 0 1 146 112 93 
-5710 -1927 -218 -1068 2552 496 0 0 0 0 1 136 132 95 
-6068 -2058 -353 -1033 2503 290 0 0 0 0 1 127 134 79 
-6158 -2106 -428 -1032 2315 -26 0 0 0 0 1 115 132 83 
-6371 -2287 -447 -1106 2043 -248 0 0 0 0 1 108 132 81 
-6653 -2297 -467 -1299 1163 -645 0 0 0 0 1 103 142 86 
-7030 -2240 -665 -1472 -278 -1072 0 0 0 0 1 110 139 76 
-7044 -2138 -896 -1537 -1201 -1282 0 0 0 0 1 114 155 91 
-6522 -2153 -1147 -1518 -1739 -1369 0 0 0 0 1 119 138 80 
-6043 -2173 -1320 -1288 -1331 -1210 0 0 0 0 1 127 137 102 
-5530 -2023 -1294 -1070 -858 -1052 0 0 0 0 1 143 144 100 
-5191 -1846 -1036 -801 -476 -812 0 0 0 0 1 139 142 107 
-4904 -1679 -846 -665 -740 -564 0 0 0 0 1 148 147 97 
-4358 -1505 -758 -589 -925 -384 0 0 0 0 1 148 139 104 
-3983 -1450 -684 -492 -822 -121 0 0 0 0 1 148 144 109 
-3595 -1150 -672 -368 -668 42 0 0 0 0 1 151 139 114 
-3383 -1121 -661 -257 -622 133 0 0 0 0 1 146 144 116 
-3283 -1054 -574 -78 -457 200 0 0 0 0 1 160 142 114 
-3276 -955 -131 -25 -347 214 0 0 0 0 1 149 148 117 
-3193 -1180 40 7 -363 350 0 0 0 0 1 146 149 118 
-2895 -1644 1079 -97 288 748 0 0 0 0 1 152 153 124 
-2770 -1676 1556 -330 1059 1310 0 0 0 0 1 149 153 124 
-2549 -1980 3430 -644 1107 2924 0 0 0 0 1 149 163 108 
-3196 -1789 3744 -76 -205 4477 0 0 0 0 1 138 168 122 
-4467 -1727 2933 2903 -2720 7041 0 0 0 0 1 119 185 119 
-5372 -1643 2345 7671 -4188 8996 0 0 0 0 1 113 186 125 
-5860 -1359 1980 10709 -5562 10041 0 0 0 0 1 115 176 102 
-5841 -1145 1440 14274 -9188 11638 0 0 0 0 1 100 172 96 
-4774 -1447 -5 16978 -12225 14108 0 0 0 0 1 109 163 77 
-4303 -5170 -3624 18370 -9657 16096 0 0 0 0 1 112 141 71 
-5835 -6737 -6426 17478 933 18995 0 0 0 0 1 84 134 44 
-8080 -8412 -7317 12681 7816 19470 0 0 0 0 1 29 114 8 
-7095 -11728 -4583 8311 8887 17124 0 0 0 0 1 -12 94 -12 
-718 -13009 -4114 3960 6573 11632 0 0 0 0 1 -51 85 -18 
3927 -8666 -1847 1875 4792 3434 0 0 0 0 1 -87 63 -27 
4373 -7302 119 236 1863 -1362 0 0 0 0 1 -94 46 -20 
4135 -5584 948 -3324 -4806 -5309 0 0 0 0 1 -79 74 -24 
2138 -3647 -616 -5815 -7919 -6235 0 0 0 0 1 -44 85 -23 
719 -2273 -3325 -7797 -7094 -6211 0 0 0 0 1 -9 115 2 
630 -1784 -3465 -7120 -3206 -5354 0 0 0 0 1 14 137 20 
482 -1484 -1159 -5945 -858 -4651 0 0 0 0 1 23 142 20 
175 -1147 -146 -3803 810 -3692 0 0 0 0 1 42 152 27 
26 -619 660 -1880 1026 -2796 0 0 0 0 1 36 168 52 
173 -122 727 -883 678 -2093 0 0 0 0 1 49 166 51 
166 39 84 231 754 -1085 0 0 0 0 1 43 168 57 
-238 -17 -657 989 1468 -425 0 0 0 0 1 49 161 44 
-438 -77 -833 1198 1979 -154 0 0 0 0 1 40 169 34 
-570 -152 -940 1074 2436 81 0 0 0 0 1 35 152 41 
-707 -234 -1103 832 2475 124 0 0 0 0 1 28 152 27 
-718 -249 -1243 451 2323 34 0 0 0 0 1 35 159 27 
-687 -393 -1536 269 2275 -95 0 0 0 0 1 1 160 17 
-698 -381 -1720 168 2322 -387 0 0 0 0 1 5 143 17 
-556 -307 -1869 184 2268 -645 0 0 0 0 1 -3 155 15 
-286 -155 -1769 191 2190 -791 0 0 0 0 1 -12 145 15 
-262 -159 -1713 196 1796 -1064 0 0 0 0 1 -24 145 24 
-431 -224 -1812 223 1305 -1322 0 0 0 0 1 -18 142 25 
-704 -284 -1869 246 544 -1819 0 0 0 0 1 -16 149 9 
-886 -291 -1917 186 -106 -2350 0 0 0 0 1 -15 128 5 
-949 -229 -1941 62 -415 -2630 0 0 0 0 1 -10 131 10 
-841 -101 -1883 -229 -556 -2860 0 0 0 0 1 -3 133 15 
-718 257 -1898 -474 -322 -2895 0 0 0 0 1 5 128 22 
-670 525 -1937 -574 -74 -2828 0 0 0 0 1 11 122 18 
-680 597 -1966 -569 108 -2655 0 0 0 0 1 5 136 10 
-1088 597 -2115 -391 -74 -2524 0 0 0 0 1 17 121 12 
-1307 591 -2095 -232 -232 -2488 0 0 0 0 1 24 111 22 
-1528 715 -1895 -25 -368 -2518 0 0 0 0 1 27 126 17 
-1640 881 -1722 62 -432 -2621 0 0 0 0 1 25 115 16 
-1682 1115 -1487 67 -495 -2660 0 0 0 0 1 40 115 18 
-1549 1151 -1494 109 -657 -2542 0 0 0 0 1 42 115 23 
-1487 1237 -1650 265 -633 -2292 0 0 0 0 1 35 100 23 
-1980 1132 -1973 567 -387 -2134 0 0 0 0 1 38 96 17 
-2448 1113 -1894 751 -107 -2198 0 0 0 0 1 51 98 13 
-2795 1115 -1749 903 370 -2459 0 0 0 0 1 47 78 16 
-2986 1078 -1454 907 698 -2628 0 0 0 0 1 50 84 10 
-2909 1215 -1262 811 1235 -2755 0 0 0 0 1 57 69 15 
-2756 1417 -1232 761 1446 -2710 0 0 0 0 1 50 62 8 
-2781 1415 -1231 713 1221 -2449 0 0 0 0 1 38 60 8 
-3305 1219 -1016 612 574 -2222 0 0 0 0 1 36 62 3 
-3713 1082 -703 458 190 -2216 0 0 0 0 1 29 60 10 
-4018 989 -518 185 -309 -2388 0 0 0 0 1 33 44 -4 
-4179 967 -731 102 -718 -2535 0 0 0 0 1 42 39 4 
-3978 996 -1002 213 -863 -2483 0 0 0 0 1 46 38 5 
-3388 998 -1368 589 -783 -2113 0 0 0 0 1 43 28 17 
-3117 1159 -1723 962 -525 -1754 0 0 0 0 1 56 22 18 
-3207 1038 -1589 1400 388 -1275 0 0 0 0 1 51 2 20 
-3738 864 -1045 1466 1160 -1116 0 0 0 0 1 48 1 12 
-3875 641 -661 1259 1809 -1007 0 0 0 0 1 28 2 2 
-3846 580 -438 784 1557 -912 0 0 0 0 1 41 6 8 
-3667 586 -520 450 1034 -785 0 0 0 0 1 31 -11 -12 
-3214 679 -831 79 229 -439 0 0 0 0 1 30 -4 0 
-2984 743 -1006 -66 -185 -50 0 0 0 0 1 29 -13 -10 
-2788 788 -1324 -50 -245 137 0 0 0 0 1 23 -7 11 
-1932 529 -925 -1572 -1110 619 0 0 0 0 1 31 20 1 
-2039 454 -933 -1617 -1280 668 0 0 0 0 1 28 17 4 
