Data Quantity : 14  Accelerometer : 3  Gyroscope : 3  FSR : 5







-1876 723 -331 36 36 -2 0 0 0 0 1 172 4 95 
-1874 728 -328 41 40 6 0 0 0 0 1 178 13 98 
-1874 730 -340 42 34 6 0 0 0 0 1 167 9 107 
-1877 734 -344 54 42 0 0 0 0 0 1 174 22 95 
-1894 732 -344 60 59 -13 0 0 0 0 1 166 11 96 
-1886 724 -344 65 76 -22 0 0 0 0 1 174 12 93 
-1888 730 -345 67 103 -42 0 0 0 0 1 171 15 96 
-1899 740 -329 52 123 -71 0 0 0 0 1 178 15 98 
-1898 745 -325 42 119 -88 0 0 0 0 1 176 9 90 
-1907 722 -338 17 141 -114 0 0 0 0 1 174 17 97 
-1877 731 -319 -4 180 -129 0 0 0 0 1 179 12 83 
-1866 736 -321 -26 191 -149 0 0 0 0 1 174 7 95 
-1840 754 -333 -53 118 -141 0 0 0 0 1 182 3 89 
-1826 748 -333 -73 53 -126 0 0 0 0 1 173 13 94 
-1825 749 -334 -95 -35 -94 0 0 0 0 1 174 7 90 
-1852 749 -358 -103 -73 -79 0 0 0 0 1 181 2 97 
-1872 747 -375 -101 -81 -73 0 0 0 0 1 171 1 94 
-1899 744 -403 -84 -34 -79 0 0 0 0 1 180 11 94 
-1886 746 -409 -72 4 -76 0 0 0 0 1 171 1 94 
-1894 743 -409 -47 42 -67 0 0 0 0 1 166 6 94 
-1891 751 -402 -33 49 -58 0 0 0 0 1 163 6 94 
-1889 754 -400 -29 35 -46 0 0 0 0 1 165 9 100 
-1882 763 -397 -23 -1 -25 0 0 0 0 1 168 6 80 
-1870 762 -403 -21 -23 -9 0 0 0 0 1 175 20 98 
-1865 767 -402 -15 -24 2 0 0 0 0 1 171 8 87 
-1874 769 -401 -12 -11 2 0 0 0 0 1 176 7 93 
-1873 766 -404 -13 -8 -13 0 0 0 0 1 176 7 90 
-1881 770 -396 -20 -5 -28 0 0 0 0 1 169 4 79 
-1874 787 -379 -35 -13 -28 0 0 0 0 1 176 7 97 
-1858 793 -389 -60 -50 -7 0 0 0 0 1 173 3 103 
-1855 808 -389 -78 -61 13 0 0 0 0 1 165 14 97 
-1860 836 -407 -80 -51 13 0 0 0 0 1 168 8 94 
-1860 854 -422 -71 -28 7 0 0 0 0 1 178 18 87 
-1867 895 -454 -57 1 -2 0 0 0 0 1 173 8 103 
-1854 947 -466 -45 93 5 0 0 0 0 1 172 24 97 
-1844 960 -470 -27 211 19 0 0 0 0 1 172 17 86 
-1866 1000 -470 -21 249 18 0 0 0 0 1 169 9 97 
-1877 1003 -462 -34 213 -6 0 0 0 0 1 165 2 90 
-1865 1024 -445 -71 148 -23 0 0 0 0 1 166 15 94 
-1821 1019 -450 -139 53 -33 0 0 0 0 1 166 18 94 
-1777 1010 -474 -198 15 -34 0 0 0 0 1 168 13 87 
-1728 1015 -536 -275 -5 -36 0 0 0 0 1 161 11 101 
-1585 954 -679 -332 37 -34 0 0 0 0 1 173 3 82 
-1556 929 -710 -360 107 -37 0 0 0 0 1 174 4 90 
-1428 858 -812 -402 266 -53 0 0 0 0 1 166 25 87 
-1298 765 -890 -415 382 -77 0 0 0 0 1 168 20 91 
-1208 703 -876 -483 508 -148 0 0 0 0 1 161 11 82 
-1064 619 -878 -562 494 -223 0 0 0 0 1 161 23 89 
-915 523 -941 -721 376 -376 0 0 0 0 1 167 17 83 
-801 432 -1006 -913 277 -548 0 0 0 0 1 165 22 83 
-650 277 -1150 -1046 251 -672 0 0 0 0 1 156 25 89 
-615 100 -1186 -1302 340 -910 0 0 0 0 1 168 11 89 
-608 -40 -1135 -1660 581 -1217 0 0 0 0 1 147 25 80 
-639 -174 -1020 -1949 728 -1453 0 0 0 0 1 156 11 68 
-707 -225 -962 -2354 847 -1873 0 0 0 0 1 158 24 90 
-854 -276 -1000 -2564 906 -2170 0 0 0 0 1 163 23 75 
-973 -316 -981 -2781 1026 -2608 0 0 0 0 1 160 31 81 
-1142 -311 -926 -2929 1016 -2966 0 0 0 0 1 152 23 75 
-1311 -300 -842 -3019 934 -3134 0 0 0 0 1 154 15 75 
-1490 -278 -724 -3183 800 -3273 0 0 0 0 1 151 24 69 
-1832 -321 -508 -3400 725 -3286 0 0 0 0 1 148 26 67 
-2055 -302 -395 -3572 766 -3263 0 0 0 0 1 151 29 65 
-2315 -310 -322 -3796 956 -3229 0 0 0 0 1 155 22 72 
-2953 -312 -201 -3918 1343 -3260 0 0 0 0 1 146 22 72 
-3267 -370 -97 -3930 1695 -3321 0 0 0 0 1 143 31 69 
-3607 -535 22 -3834 2186 -3454 0 0 0 0 1 138 25 73 
-4039 -659 231 -3727 2391 -3556 0 0 0 0 1 134 31 60 
-4220 -739 395 -3621 2322 -3623 0 0 0 0 1 134 39 67 
-4341 -875 601 -3638 1935 -3543 0 0 0 0 1 126 38 54 
-4361 -1136 666 -3827 1084 -3189 0 0 0 0 1 114 40 47 
-4449 -1337 648 -4096 667 -2725 0 0 0 0 1 114 50 54 
-4701 -1792 719 -4264 784 -2450 0 0 0 0 1 110 51 62 
-4964 -2087 692 -4408 1274 -2216 0 0 0 0 1 128 52 54 
-5350 -2423 650 -4399 1646 -2219 0 0 0 0 1 125 68 58 
-5601 -2597 667 -4232 1863 -2446 0 0 0 0 1 117 63 53 
-6012 -2702 687 -3952 1576 -2773 0 0 0 0 1 115 83 67 
-6150 -2732 901 -3739 1221 -2863 0 0 0 0 1 114 91 54 
-6185 -2686 1076 -3392 423 -2630 0 0 0 0 1 116 99 57 
-6402 -2614 908 -2824 -496 -1998 0 0 0 0 1 114 101 71 
-6895 -2489 1078 -2323 -853 -1380 0 0 0 0 1 122 103 69 
-7461 -2514 1029 -1307 -1645 -418 0 0 0 0 1 138 101 73 
-7728 -2537 1247 52 -2400 593 0 0 0 0 1 141 100 86 
-7607 -2538 1176 2183 -2816 2026 0 0 0 0 1 129 100 95 
-7106 -2470 1139 4182 -2693 3498 0 0 0 0 1 148 103 95 
-6751 -2357 910 7855 -2324 6662 0 0 0 0 1 146 95 100 
-7402 -2342 1413 10180 -2260 9157 0 0 0 0 1 156 101 87 
-8880 -1853 997 12877 -2682 12944 0 0 0 0 1 140 109 77 
-9495 -1476 577 14185 -3033 16881 0 0 0 0 1 126 96 68 
-10733 -2467 -1769 14732 -2662 19397 0 0 0 0 1 106 112 48 
-12216 -3966 -2958 14548 1238 21720 0 0 0 0 1 90 104 40 
-14085 -8261 -5383 13297 4185 22193 0 0 0 0 1 51 100 16 
-13853 -11939 -4773 8629 8640 21196 0 0 0 0 1 9 95 -2 
-6434 -18224 -2984 3412 12881 19109 0 0 0 0 1 -33 80 -13 
-107 -18936 -3015 1937 15008 17042 0 0 0 0 1 -97 62 -19 
2777 -15748 -593 2086 12762 10161 0 0 0 0 1 -193 41 6 
3168 -10299 6849 694 1742 995 0 0 0 0 1 -221 17 20 
3678 -9069 7974 -3958 -10896 -5424 0 0 0 0 1 -194 42 -1 
29 -6662 1044 -7475 -14177 -8281 0 0 0 0 1 -160 61 -16 
-1197 -3919 -4511 -10578 -10736 -9730 0 0 0 0 1 -110 88 -16 
-242 -2705 -5198 -9773 -4882 -8236 0 0 0 0 1 -38 165 15 
666 -1669 -2733 -7922 -2058 -6775 0 0 0 0 1 -10 185 40 
1127 -140 483 -5092 -386 -4637 0 0 0 0 1 -1 187 57 
1626 147 1008 -2798 -1490 -1957 0 0 0 0 1 17 207 59 
1239 26 1582 -1644 -907 -555 0 0 0 0 1 34 199 64 
616 -363 1674 -152 708 585 0 0 0 0 1 25 210 69 
294 -297 1021 1235 1403 1038 0 0 0 0 1 12 212 71 
570 -464 106 1862 2084 1177 0 0 0 0 1 12 204 61 
573 -565 -388 2117 2867 1074 0 0 0 0 1 -3 197 54 
595 -494 -645 1605 2797 693 0 0 0 0 1 -16 193 44 
706 -265 -609 1048 2327 337 0 0 0 0 1 -24 192 47 
810 -227 -697 270 1365 -250 0 0 0 0 1 -35 193 46 
814 -527 -786 -106 897 -688 0 0 0 0 1 -23 196 39 
580 -659 -999 -356 217 -1436 0 0 0 0 1 -27 204 50 
504 -799 -1293 -300 -486 -2099 0 0 0 0 1 -15 192 43 
312 -951 -1602 -236 -797 -2495 0 0 0 0 1 -8 190 36 
27 -995 -1835 -238 -1139 -3094 0 0 0 0 1 -10 185 38 
-116 -903 -1861 -475 -1580 -3689 0 0 0 0 1 1 175 50 
-230 -879 -2037 -731 -1955 -4006 0 0 0 0 1 4 183 37 
-265 -847 -2171 -1126 -2229 -4319 0 0 0 0 1 36 172 64 
-344 -751 -2522 -1357 -2011 -4447 0 0 0 0 1 51 174 65 
-325 -594 -2638 -1436 -1553 -4423 0 0 0 0 1 70 174 67 
-236 -530 -2449 -1539 -684 -4261 0 0 0 0 1 87 164 72 
-434 -463 -2180 -1626 -200 -4145 0 0 0 0 1 89 157 72 
-657 -411 -1941 -1684 -58 -4130 0 0 0 0 1 88 165 64 
-899 -318 -1870 -1731 133 -4248 0 0 0 0 1 96 164 72 
-1410 -201 -1753 -1739 295 -4406 0 0 0 0 1 116 158 84 
-1508 20 -1714 -1699 496 -4536 0 0 0 0 1 132 152 88 
-1567 167 -1685 -1611 695 -4433 0 0 0 0 1 135 138 94 
-1647 247 -1241 -1633 806 -4284 0 0 0 0 1 132 137 90 
-1814 294 -1026 -1759 779 -4128 0 0 0 0 1 133 128 94 
-2418 329 -744 -1885 685 -4144 0 0 0 0 1 133 116 89 
-2907 267 -536 -2109 638 -4272 0 0 0 0 1 140 128 96 
-3298 109 -388 -2247 910 -4237 0 0 0 0 1 142 109 89 
-3331 50 -439 -2202 1271 -4024 0 0 0 0 1 134 100 83 
-3035 152 -696 -2027 1764 -3644 0 0 0 0 1 147 94 80 
-2955 161 -618 -1713 2672 -2939 0 0 0 0 1 138 96 91 
-3285 102 -136 -1596 3038 -2632 0 0 0 0 1 138 94 73 
-3668 61 -51 -1501 2949 -2515 0 0 0 0 1 123 87 80 
-4337 -239 188 -1495 2802 -2652 0 0 0 0 1 123 89 66 
-4780 -589 434 -1518 3025 -2727 0 0 0 0 1 112 91 61 
-4785 -599 227 -1343 3546 -2578 0 0 0 0 1 113 88 65 
-4509 -464 -303 -901 3788 -2073 0 0 0 0 1 93 89 45 
-4509 -286 -561 -595 3753 -1730 0 0 0 0 1 76 89 45 
-4628 -229 -492 -312 3295 -1471 0 0 0 0 1 80 83 34 
-5160 -320 -332 -349 2009 -1650 0 0 0 0 1 61 83 30 
-5638 -545 -387 -497 968 -1941 0 0 0 0 1 63 73 39 
-5901 -939 -97 -978 151 -2302 0 0 0 0 1 68 85 27 
-5753 -1341 218 -1374 138 -2340 0 0 0 0 1 69 82 17 
-5663 -1077 134 -1806 177 -2186 0 0 0 0 1 63 76 41 
-5294 -768 -112 -1972 -131 -1796 0 0 0 0 1 73 78 32 
-4892 -624 -295 -1917 -348 -1445 0 0 0 0 1 70 98 34 
-4606 -536 -487 -1631 -453 -991 0 0 0 0 1 74 91 33 
-4414 -611 -1088 -1121 -285 -795 0 0 0 0 1 74 82 38 
-4499 -833 -1273 -773 28 -830 0 0 0 0 1 73 88 53 
-4653 -1133 -1244 -492 621 -1096 0 0 0 0 1 73 90 39 
-4813 -1411 -942 -556 760 -1345 0 0 0 0 1 88 94 40 
-4630 -1473 -532 -1022 239 -1651 0 0 0 0 1 77 103 41 
-4359 -1443 -408 -1707 -1010 -1746 0 0 0 0 1 84 95 44 
-3987 -1310 -599 -2122 -1886 -1752 0 0 0 0 1 92 100 41 
-3938 -1353 -838 -2479 -2699 -1781 0 0 0 0 1 102 106 52 
-3984 -1486 -1098 -2460 -2681 -1927 0 0 0 0 1 117 103 79 
-4003 -1711 -1173 -2307 -2220 -2076 0 0 0 0 1 139 100 76 
-4134 -1950 -897 -2053 -1163 -2403 0 0 0 0 1 123 111 75 
-4263 -2003 -581 -1999 -384 -2850 0 0 0 0 1 132 107 93 
-4337 -2158 -46 -2097 -240 -3145 0 0 0 0 1 146 105 90 
-4359 -2094 556 -2446 -484 -3480 0 0 0 0 1 142 109 91 
-4287 -2008 803 -2796 -1150 -3555 0 0 0 0 1 146 107 114 
-4393 -1939 821 -2879 -1566 -3486 0 0 0 0 1 180 104 115 
-4758 -1933 953 -2759 -1377 -3381 0 0 0 0 1 182 89 119 
-4972 -2057 1259 -2228 -43 -2843 0 0 0 0 1 186 71 128 
-4855 -3069 2243 -1708 1597 -2106 0 0 0 0 1 186 88 123 
-4846 -3622 3955 -874 3748 -412 0 0 0 0 1 176 71 125 
-6096 -4727 5133 1939 460 1717 0 0 0 0 1 178 77 115 
-7471 -5281 4585 5684 -4612 3216 0 0 0 0 1 167 76 114 
-7807 -4801 4463 12513 -9986 4790 0 0 0 0 1 189 52 124 
-6590 -6483 1117 18721 -11126 6714 0 0 0 0 1 222 42 154 
-5684 -7339 -362 21290 -9840 9035 0 0 0 0 1 231 29 176 
-5698 -7797 -2534 22803 -6222 14121 0 0 0 0 1 232 42 192 
-7488 -9127 -4556 22463 -1643 17959 0 0 0 0 1 226 76 183 
-11625 -12878 -7852 21105 5145 22795 0 0 0 0 1 155 164 121 
-12518 -14901 -9412 19032 13192 25481 0 0 0 0 1 103 157 62 
-8157 -13856 -10082 16406 20000 26277 0 0 0 0 1 4 161 4 
-5184 -13093 -6966 9885 27187 23345 0 0 0 0 1 -100 114 -15 
-1964 -12407 3976 5282 24016 17428 0 0 0 0 1 -208 62 12 
-1152 -10225 10892 934 6063 5016 0 0 0 0 1 -238 31 41 
773 -9284 13890 -3357 -11528 -5406 0 0 0 0 1 -261 31 27 
-138 -6294 4020 -6524 -17514 -10003 0 0 0 0 1 -162 78 -6 
-1790 -2164 -5715 -10018 -14739 -12756 0 0 0 0 1 -88 121 3 
73 -1744 -6526 -10970 -7604 -10520 0 0 0 0 1 -33 154 11 
271 -1264 -3248 -9502 -2982 -7669 0 0 0 0 1 -9 191 46 
233 -798 -1955 -7628 -1161 -6444 0 0 0 0 1 -1 204 54 
1234 -73 -947 -4482 -561 -4599 0 0 0 0 1 38 229 94 
1494 33 -259 -2214 132 -2703 0 0 0 0 1 47 203 67 
-204 -265 -2575 549 1713 -1398 0 0 0 0 1 40 193 60 
-250 -417 -2624 370 1538 -1795 0 0 0 0 1 37 188 62 
-305 -634 -2685 51 1124 -2333 0 0 0 0 1 44 206 55 
-221 -821 -2615 -322 870 -2706 0 0 0 0 1 56 193 51 
-57 -873 -2562 -589 1038 -2901 0 0 0 0 1 51 183 53 
20 -737 -2581 -886 1434 -3246 0 0 0 0 1 55 172 57 
-222 -507 -2723 -958 1480 -3596 0 0 0 0 1 58 176 48 
-677 -382 -2561 -1045 1100 -4237 0 0 0 0 1 56 166 53 
-1010 -313 -2333 -1281 234 -4836 0 0 0 0 1 62 168 45 
-1461 -346 -2150 -1528 -386 -5091 0 0 0 0 1 75 164 62 
-1562 -325 -2100 -1937 -608 -5156 0 0 0 0 1 99 152 65 
-1247 -223 -2010 -2250 164 -4868 0 0 0 0 1 102 155 71 
-1382 290 -2132 -2353 807 -4757 0 0 0 0 1 103 147 83 
-1837 475 -2007 -2501 1313 -4880 0 0 0 0 1 112 143 73 
-2575 436 -1456 -2657 1295 -5019 0 0 0 0 1 122 149 86 
-3258 149 -1044 -2867 1204 -5122 0 0 0 0 1 114 133 94 
-3433 88 -786 -2929 1400 -4950 0 0 0 0 1 123 136 80 
-3269 105 -799 -2789 1574 -4645 0 0 0 0 1 119 133 77 
-3043 183 -798 -2417 1899 -4013 0 0 0 0 1 122 122 76 
-3068 309 -407 -2068 1921 -3556 0 0 0 0 1 119 121 73 
-3733 152 -147 -1856 1634 -3527 0 0 0 0 1 130 126 87 
-4207 -182 90 -1806 1622 -3586 0 0 0 0 1 130 131 77 
-4225 -416 61 -1740 2096 -3464 0 0 0 0 1 125 112 76 
-4013 -617 -274 -1594 2747 -3195 0 0 0 0 1 112 114 68 
-4041 -690 -516 -1219 3840 -2666 0 0 0 0 1 109 118 71 
-4409 -639 -438 -969 4386 -2275 0 0 0 0 1 108 110 60 
-5093 -786 221 -1043 4063 -2176 0 0 0 0 1 93 111 45 
-5322 -899 598 -1375 2635 -2193 0 0 0 0 1 81 106 61 
-5677 -1156 637 -1715 910 -2430 0 0 0 0 1 87 120 44 
-6221 -1430 519 -1971 -361 -2786 0 0 0 0 1 84 105 62 
-6023 -1339 -75 -1928 -846 -2869 0 0 0 0 1 99 112 46 
-5774 -1236 -570 -1547 -684 -2654 0 0 0 0 1 97 114 71 
-5097 -1110 -971 -1027 315 -2038 0 0 0 0 1 102 118 64 
-4910 -1140 -902 -742 941 -1503 0 0 0 0 1 101 117 60 
-4827 -1206 -825 -459 1060 -738 0 0 0 0 1 90 101 64 
-4808 -1371 -663 -364 530 -387 0 0 0 0 1 96 98 67 
-4706 -1713 -361 -397 -69 -200 0 0 0 0 1 114 111 59 
-4624 -1876 -539 -559 318 -208 0 0 0 0 1 92 127 53 
-4405 -1902 -756 -688 636 -273 0 0 0 0 1 94 112 62 
-4164 -1871 -688 -945 880 -325 0 0 0 0 1 89 105 74 
-3686 -1920 -656 -1154 699 -365 0 0 0 0 1 88 114 52 
-3588 -1880 -685 -1238 485 -468 0 0 0 0 1 87 122 53 
-3495 -1837 -825 -1193 196 -753 0 0 0 0 1 96 115 51 
-3365 -1878 -848 -941 213 -1317 0 0 0 0 1 88 128 52 
-3481 -1910 -726 -723 199 -1819 0 0 0 0 1 100 123 64 
-3593 -2034 -607 -574 164 -2115 0 0 0 0 1 94 122 69 
-3699 -2105 -401 -433 167 -2548 0 0 0 0 1 110 112 60 
-4400 -2097 5 -408 -27 -2901 0 0 0 0 1 108 105 62 
-4969 -2013 187 -444 -768 -3555 0 0 0 0 1 107 96 61 
-5381 -2015 506 -566 -1549 -4021 0 0 0 0 1 119 99 68 
-5503 -2313 1211 -675 -1658 -3852 0 0 0 0 1 141 88 74 
-5311 -2774 2170 -846 -1306 -2541 0 0 0 0 1 149 72 80 
-5384 -3511 3695 -344 -2530 2 0 0 0 0 1 146 80 74 
-6658 -4818 2693 1604 -4696 1818 0 0 0 0 1 158 73 95 
-7518 -5474 1972 7399 -7700 3877 0 0 0 0 1 187 65 105 
-7269 -5474 1213 14412 -8201 5470 0 0 0 0 1 185 60 112 
-6185 -5747 -65 18490 -7874 7181 0 0 0 0 1 193 26 130 
-4755 -6434 -708 21606 -6794 11716 0 0 0 0 1 220 33 152 
-4636 -7789 -2541 21738 -5661 17306 0 0 0 0 1 208 52 150 
-8545 -10726 -5550 21557 -3160 20289 0 0 0 0 1 207 80 146 
-11172 -14011 -9017 21061 6872 23327 0 0 0 0 1 176 125 123 
-6746 -12862 -11980 17097 21367 25795 0 0 0 0 1 127 154 74 
-4382 -11332 -9094 12598 26610 25091 0 0 0 0 1 25 154 2 
-3357 -8479 3201 6328 20781 17504 0 0 0 0 1 -174 76 2 
-820 -8032 10899 1875 4226 6501 0 0 0 0 1 -201 38 15 
918 -8789 9901 -593 -4704 -525 0 0 0 0 1 -209 44 13 
826 -7971 6279 -5549 -13282 -8163 0 0 0 0 1 -160 63 0 
-883 -3655 -1970 -9980 -12679 -10677 0 0 0 0 1 -107 89 -24 
740 -1552 -5588 -11079 -9208 -9717 0 0 0 0 1 -54 127 -11 
944 -893 -4803 -9749 -4303 -7478 0 0 0 0 1 11 183 39 
588 -357 -3100 -6758 -809 -5895 0 0 0 0 1 28 191 62 
1408 188 -1210 -4784 -304 -4544 0 0 0 0 1 37 201 67 
1645 257 -165 -2770 -473 -2374 0 0 0 0 1 51 220 76 
1141 -204 499 -1696 -64 -1095 0 0 0 0 1 48 214 77 
335 -442 609 -1235 337 -783 0 0 0 0 1 51 218 79 
49 -398 365 -550 923 -668 0 0 0 0 1 53 217 96 
-1 -173 -315 -25 1355 -650 0 0 0 0 1 56 218 102 
70 22 -809 602 1849 -625 0 0 0 0 1 62 209 80 
165 67 -1025 817 2039 -567 0 0 0 0 1 49 220 79 
264 7 -1247 733 2029 -522 0 0 0 0 1 55 209 82 
325 -191 -1229 357 1880 -507 0 0 0 0 1 42 206 74 
295 -414 -1302 81 1562 -653 0 0 0 0 1 37 215 76 
49 -460 -1408 -197 960 -1281 0 0 0 0 1 37 215 62 
-257 -436 -1708 -301 634 -1879 0 0 0 0 1 37 196 79 
-274 -534 -2148 -401 376 -2713 0 0 0 0 1 42 188 72 
-251 -653 -2434 -475 514 -3263 0 0 0 0 1 57 185 61 
-335 -795 -2728 -526 732 -3484 0 0 0 0 1 61 188 69 
-190 -802 -2720 -702 1290 -3666 0 0 0 0 1 70 196 65 
-233 -571 -2464 -889 1719 -3822 0 0 0 0 1 67 182 64 
-441 -426 -2349 -1176 1909 -4235 0 0 0 0 1 67 182 66 
-746 -426 -2220 -1395 1615 -4806 0 0 0 0 1 83 170 77 
-1341 -444 -2089 -1508 1347 -5256 0 0 0 0 1 71 158 71 
-1684 -385 -2025 -1609 897 -5833 0 0 0 0 1 90 163 71 
-1573 -330 -2067 -1601 685 -6057 0 0 0 0 1 104 155 77 
-1610 12 -1921 -1598 920 -6096 0 0 0 0 1 109 138 66 
-1677 223 -1501 -1804 1448 -6024 0 0 0 0 1 126 138 75 
-2324 108 -1239 -2151 1549 -5947 0 0 0 0 1 117 134 76 
-3181 -202 -819 -2466 1633 -5914 0 0 0 0 1 114 116 75 
-3343 -403 -571 -2918 1960 -5634 0 0 0 0 1 117 120 69 
-3101 -450 -949 -2994 2217 -5215 0 0 0 0 1 127 105 76 
-2771 -296 -1538 -2670 2831 -4318 0 0 0 0 1 126 104 61 
-3128 -268 -1453 -2187 3599 -3595 0 0 0 0 1 114 106 68 
-3973 -354 -882 -1984 3755 -3377 0 0 0 0 1 112 104 57 
-4332 -550 -773 -1824 3238 -3225 0 0 0 0 1 103 100 46 
-5734 -1260 -865 -1204 977 -1126 0 0 0 0 1 54 122 39 
-5659 -1595 -716 -1236 366 -1016 0 0 0 0 1 34 121 33 
-5538 -1592 -876 -1245 141 -966 0 0 0 0 1 55 118 33 
-5293 -1596 -1016 -1186 275 -832 0 0 0 0 1 53 133 38 
-4992 -1601 -1063 -1078 533 -628 0 0 0 0 1 36 131 45 
-4842 -1542 -972 -1025 488 -486 0 0 0 0 1 50 128 43 
-4680 -1534 -919 -954 47 -321 0 0 0 0 1 44 132 41 
-4632 -1580 -924 -860 -316 -407 0 0 0 0 1 55 138 52 
-4651 -1674 -843 -803 -432 -596 0 0 0 0 1 46 145 43 
-4599 -1750 -794 -719 -613 -930 0 0 0 0 1 63 139 53 
-4341 -1752 -686 -639 -805 -1175 0 0 0 0 1 69 128 52 
-4066 -1683 -700 -546 -1021 -1274 0 0 0 0 1 75 149 55 
-4002 -1636 -885 -264 -1129 -1404 0 0 0 0 1 68 134 58 
-4352 -1707 -692 52 -721 -1571 0 0 0 0 1 84 139 62 
-4573 -1768 -375 216 -391 -1639 0 0 0 0 1 82 125 69 
-4621 -1886 -40 398 -41 -1520 0 0 0 0 1 93 136 52 
-5286 -2023 826 538 45 -1208 0 0 0 0 1 96 130 58 
-5622 -2072 1624 607 -372 -709 0 0 0 0 1 101 120 60 
-6427 -9789 -8076 15741 3066 19863 0 0 0 0 1 146 85 65 
-4739 -9977 -9157 15445 8939 20770 0 0 0 0 1 103 88 32 
-2435 -9934 -5491 12163 17193 20693 0 0 0 0 1 46 79 3 
-1934 -9786 -1070 7255 16281 15035 0 0 0 0 1 -31 69 -24 
-1223 -8600 4914 4918 9784 8589 0 0 0 0 1 -119 6 -26 
2241 -7763 6756 1337 -1364 210 0 0 0 0 1 -110 4 -25 
3489 -6474 4459 -3002 -10101 -3870 0 0 0 0 1 -94 7 -27 
1532 -4491 -472 -7069 -11255 -5430 0 0 0 0 1 -46 23 -24 
405 -2717 -3588 -8525 -8288 -5526 0 0 0 0 1 -10 52 -10 
729 -2253 -3830 -8313 -3650 -5030 0 0 0 0 1 28 80 -2 
724 -1764 -2282 -6244 -1210 -4538 0 0 0 0 1 60 116 26 
1004 -1008 -1321 -4485 -516 -3978 0 0 0 0 1 46 133 29 
1445 -574 -974 -2296 -171 -2594 0 0 0 0 1 56 137 37 
1267 -690 -619 -1501 81 -1724 0 0 0 0 1 57 141 31 
166 -1014 750 -1424 979 -1253 0 0 0 0 1 66 132 37 
-316 -877 1095 -1635 1077 -1456 0 0 0 0 1 74 141 33 
-579 -407 186 -1396 651 -1618 0 0 0 0 1 70 142 34 
-452 106 -916 -644 559 -1663 0 0 0 0 1 67 133 40 
-304 400 -1442 -42 462 -1351 0 0 0 0 1 60 148 31 
-339 325 -2044 38 -46 -1086 0 0 0 0 1 69 133 31 
-405 150 -2348 -316 -498 -793 0 0 0 0 1 63 134 37 
-244 -268 -2923 -672 121 -657 0 0 0 0 1 64 133 33 
-429 -425 -3322 -1138 1680 -789 0 0 0 0 1 66 144 44 
-871 -433 -3620 -1564 2331 -1331 0 0 0 0 1 62 143 43 
-1007 -559 -3326 -1898 2298 -1740 0 0 0 0 1 60 150 38 
-946 -632 -3093 -2457 1861 -2223 0 0 0 0 1 56 152 39 
-958 -628 -2814 -2811 1478 -2468 0 0 0 0 1 69 150 40 
-913 -519 -2669 -3224 1054 -2716 0 0 0 0 1 48 160 40 
-714 -352 -2294 -3477 723 -2866 0 0 0 0 1 51 161 48 
-823 -184 -2093 -3500 393 -3178 0 0 0 0 1 62 168 57 
-1045 -132 -2040 -3467 151 -3576 0 0 0 0 1 69 177 61 
-1593 -124 -1781 -3489 -276 -4261 0 0 0 0 1 76 170 71 
-1949 -158 -1638 -3539 -458 -4633 0 0 0 0 1 87 164 86 
-2093 48 -1237 -3715 -297 -4932 0 0 0 0 1 104 175 87 
-1964 80 -977 -3892 64 -4802 0 0 0 0 1 112 180 96 
-1538 128 -779 -3887 308 -4513 0 0 0 0 1 115 174 102 
-1660 262 -496 -3780 568 -4144 0 0 0 0 1 129 161 118 
-2009 314 -314 -3628 569 -3970 0 0 0 0 1 135 158 124 
-2155 266 -349 -3225 561 -3833 0 0 0 0 1 155 164 125 
-2580 111 -297 -2729 1165 -3810 0 0 0 0 1 146 152 132 
-2894 -180 196 -2433 1991 -3812 0 0 0 0 1 145 163 138 
-3165 -291 603 -2144 3249 -3822 0 0 0 0 1 152 153 124 
-2954 -211 1065 -1960 3531 -3563 0 0 0 0 1 155 149 116 
-2735 -159 791 -1765 3058 -3186 0 0 0 0 1 145 153 105 
-2757 -40 180 -1196 2438 -2512 0 0 0 0 1 136 137 109 
-3176 -167 -77 -784 2721 -2116 0 0 0 0 1 136 132 100 
-3845 -379 299 -511 3746 -1831 0 0 0 0 1 130 128 101 
-4661 -594 631 -576 4153 -1811 0 0 0 0 1 121 123 80 
-5332 -901 958 -757 3880 -1873 0 0 0 0 1 104 133 80 
-5438 -1019 959 -1011 3043 -1913 0 0 0 0 1 106 137 76 
-5141 -831 501 -992 2197 -1791 0 0 0 0 1 95 121 61 
-4844 -437 49 -861 1711 -1656 0 0 0 0 1 97 131 71 
-5004 -253 33 -744 900 -1500 0 0 0 0 1 103 120 76 
-5136 -435 74 -742 167 -1248 0 0 0 0 1 95 121 68 
-5144 -652 -8 -738 -41 -1015 0 0 0 0 1 97 128 61 
-4954 -966 -123 -663 288 -588 0 0 0 0 1 95 118 66 
-4810 -1048 -235 -464 989 -206 0 0 0 0 1 96 115 69 
-4760 -943 -441 -302 1263 -93 0 0 0 0 1 100 128 64 
-4757 -896 -495 -145 1128 -139 0 0 0 0 1 88 111 61 
-4682 -1011 -288 -244 491 -358 0 0 0 0 1 95 118 64 
-4573 -1107 -258 -444 -19 -553 0 0 0 0 1 92 120 65 
-4406 -1182 -293 -830 -595 -884 0 0 0 0 1 95 133 66 
-4178 -1286 -362 -1220 -734 -1268 0 0 0 0 1 101 127 69 
-4073 -1348 -500 -1415 -741 -1540 0 0 0 0 1 97 123 73 
-3947 -1368 -644 -1534 -791 -1930 0 0 0 0 1 109 123 75 
-3851 -1400 -746 -1548 -736 -2184 0 0 0 0 1 107 121 75 
-3635 -1355 -631 -1546 -614 -2479 0 0 0 0 1 122 125 83 
-3535 -1339 -665 -1477 -661 -2633 0 0 0 0 1 120 125 79 
-3434 -1396 -487 -1378 -749 -2677 0 0 0 0 1 125 115 93 
-3642 -1593 -470 -1247 -794 -2691 0 0 0 0 1 149 111 96 
-3885 -1864 -347 -1036 -571 -2787 0 0 0 0 1 148 98 97 
-4289 -2142 -51 -821 -387 -2965 0 0 0 0 1 163 109 98 
-4584 -2366 170 -639 -217 -3007 0 0 0 0 1 162 100 111 
-4550 -2653 758 -487 609 -2553 0 0 0 0 1 159 94 110 
-4297 -2995 2057 -224 1260 -1279 0 0 0 0 1 168 87 115 
-4442 -3437 2587 303 1281 -68 0 0 0 0 1 155 78 97 
-4789 -3853 3387 2004 282 2091 0 0 0 0 1 159 84 89 
-6046 -4036 3297 4224 -1630 3471 0 0 0 0 1 160 71 88 
-6594 -3688 3377 8782 -5487 5408 0 0 0 0 1 165 76 93 
-6388 -3348 2883 13643 -7897 7313 0 0 0 0 1 176 66 102 
-5851 -3524 437 16364 -7837 8814 0 0 0 0 1 184 46 123 
-5099 -4075 -589 18575 -6221 12431 0 0 0 0 1 198 39 125 
-5469 -4672 -2537 19087 -4759 15514 0 0 0 0 1 202 68 130 
-8105 -7212 -6190 19144 536 19543 0 0 0 0 1 181 90 107 
-9521 -9368 -7696 16378 10149 21417 0 0 0 0 1 139 117 74 
-9432 -10607 -6855 12590 14600 20927 0 0 0 0 1 82 125 30 
-5050 -11400 -5980 6870 16959 18976 0 0 0 0 1 12 118 3 
1833 -10983 -1814 2578 13871 14136 0 0 0 0 1 -58 98 0 
915 -8001 2454 1101 8096 8382 0 0 0 0 1 -104 87 -10 
849 -7038 5018 -1275 615 134 0 0 0 0 1 -151 85 -2 
3464 -6354 4844 -3384 -3782 -2783 0 0 0 0 1 -120 103 -9 
1177 -4409 877 -5918 -8625 -5374 0 0 0 0 1 -94 105 4 
-854 -2549 -3336 -6693 -7607 -7135 0 0 0 0 1 -81 141 -1 
48 -2072 -3500 -6544 -5077 -6960 0 0 0 0 1 -30 161 16 
801 -1658 -2517 -5744 -2423 -5320 0 0 0 0 1 -12 170 29 
736 -636 -1114 -4858 -1416 -4196 0 0 0 0 1 9 181 51 
670 -188 -948 -3129 -388 -2840 0 0 0 0 1 16 215 62 
829 -255 -490 -1735 374 -1785 0 0 0 0 1 27 214 64 
691 -508 55 -1193 613 -1297 0 0 0 0 1 27 207 77 
523 -619 397 -786 912 -979 0 0 0 0 1 40 208 81 
218 -635 307 -547 978 -1007 0 0 0 0 1 31 202 68 
56 -555 -189 -117 918 -1273 0 0 0 0 1 25 206 79 
85 -553 -537 163 683 -1634 0 0 0 0 1 37 203 81 
245 -471 -908 140 364 -1826 0 0 0 0 1 30 210 67 
431 -458 -1444 -20 262 -1865 0 0 0 0 1 37 203 72 
567 -647 -1888 -123 788 -1790 0 0 0 0 1 49 201 53 
392 -718 -2185 -159 1521 -1796 0 0 0 0 1 41 195 59 
171 -742 -2313 -157 1756 -1918 0 0 0 0 1 44 198 62 
-2 -800 -2251 -179 1691 -2264 0 0 0 0 1 53 187 64 
-132 -828 -2203 -218 1333 -2837 0 0 0 0 1 35 188 60 
-509 -740 -2251 -263 744 -3591 0 0 0 0 1 61 181 55 
-669 -657 -2289 -353 265 -4081 0 0 0 0 1 53 168 61 
-747 -570 -2336 -612 -264 -4632 0 0 0 0 1 63 171 60 
-578 -339 -2203 -888 -329 -4783 0 0 0 0 1 70 164 62 
-459 -143 -2018 -1441 -78 -4699 0 0 0 0 1 87 161 72 
-475 -3 -1934 -1944 91 -4427 0 0 0 0 1 86 155 66 
-775 -5 -2145 -2116 81 -4296 0 0 0 0 1 107 150 73 
-1369 -38 -2184 -2193 48 -4437 0 0 0 0 1 112 141 77 
-2391 -98 -1945 -2206 20 -4732 0 0 0 0 1 112 143 87 
-2968 97 -1413 -2305 -60 -5210 0 0 0 0 1 123 131 82 
-2980 319 -1165 -2450 -157 -5341 0 0 0 0 1 132 130 88 
-2384 471 -968 -2519 -71 -5089 0 0 0 0 1 145 121 84 
-2140 375 -965 -2482 310 -4387 0 0 0 0 1 139 115 88 
-2349 206 -863 -2402 790 -3740 0 0 0 0 1 141 115 97 
-2991 -70 -719 -2353 963 -3486 0 0 0 0 1 142 101 89 
-5255 -1152 356 -1153 1968 -912 0 0 0 0 1 125 88 81 
-5559 -1378 453 -1179 2409 -1037 0 0 0 0 1 117 88 67 
-5634 -1414 401 -1185 2866 -1164 0 0 0 0 1 116 109 68 
-5419 -1269 339 -1145 2690 -1039 0 0 0 0 1 101 100 69 
-4887 -1035 103 -1073 2194 -808 0 0 0 0 1 99 90 62 
-4606 -836 -184 -960 1235 -519 0 0 0 0 1 88 104 52 
-4842 -907 -147 -1071 320 -621 0 0 0 0 1 92 103 48 
-5322 -1477 11 -1488 -157 -993 0 0 0 0 1 75 107 55 
-5326 -1920 265 -1874 -83 -1228 0 0 0 0 1 79 116 68 
-5134 -2060 321 -2422 18 -1442 0 0 0 0 1 95 123 75 
-4764 -1884 35 -2653 -147 -1516 0 0 0 0 1 84 112 51 
-4242 -1713 -405 -2742 -451 -1569 0 0 0 0 1 104 121 71 
-3931 -1580 -662 -2573 -377 -1635 0 0 0 0 1 101 122 72 
-3631 -1599 -875 -2388 -245 -1691 0 0 0 0 1 102 131 84 
-3513 -1898 -856 -2138 -134 -1767 0 0 0 0 1 104 131 77 
-3555 -2136 -709 -2041 5 -1905 0 0 0 0 1 103 134 86 
-3823 -2561 -600 -2050 215 -2038 0 0 0 0 1 122 137 83 
-3844 -2775 -425 -2135 837 -2237 0 0 0 0 1 128 138 94 
-3841 -2756 -221 -2237 1186 -2416 0 0 0 0 1 125 130 93 
-3939 -2594 4 -2253 903 -2467 0 0 0 0 1 123 138 98 
-3997 -2468 -25 -2029 34 -2316 0 0 0 0 1 129 130 102 
-4392 -2367 -186 -1340 -302 -2064 0 0 0 0 1 135 128 98 
-5452 -2534 -138 -263 246 -1877 0 0 0 0 1 141 134 109 
-5887 -2777 345 463 679 -1723 0 0 0 0 1 156 131 108 
-6196 -2921 798 1516 284 -1309 0 0 0 0 1 158 117 100 
-6512 -3076 2058 2151 -830 -718 0 0 0 0 1 158 107 95 
-6094 -3252 2794 3665 -3551 1176 0 0 0 0 1 159 99 105 
-6232 -3840 2267 6876 -5461 3589 0 0 0 0 1 166 84 101 
-6897 -4688 2029 9718 -5537 5237 0 0 0 0 1 175 99 115 
-7310 -4543 1204 13956 -5371 8041 0 0 0 0 1 179 76 114 
-7777 -3742 120 15981 -5621 10452 0 0 0 0 1 192 65 117 
-7884 -3637 -1445 17669 -5250 15128 0 0 0 0 1 188 80 123 
-8715 -3644 -2954 17981 -2545 20243 0 0 0 0 1 184 88 109 
-11862 -4783 -3614 17891 -600 22881 0 0 0 0 1 158 115 83 
-14592 -8822 -3837 17814 832 25002 0 0 0 0 1 126 138 68 
-15077 -11685 -3167 16239 3420 24300 0 0 0 0 1 84 132 37 
-12566 -14343 -292 13337 7145 22490 0 0 0 0 1 37 127 13 
-7076 -15544 585 8817 8456 18693 0 0 0 0 1 -55 79 -24 
314 -13554 1776 6984 5903 14508 0 0 0 0 1 -90 45 -29 
3290 -11739 2448 4595 1836 6075 0 0 0 0 1 -102 28 -22 
2471 -9694 2049 751 -983 -2300 0 0 0 0 1 -102 25 -24 
270 -7570 964 -2791 -3248 -5855 0 0 0 0 1 -92 22 -27 
-436 -5119 427 -8895 -6561 -6855 0 0 0 0 1 -77 34 -25 
-11 -3922 -486 -13051 -7263 -4178 0 0 0 0 1 -18 110 -9 
-424 -2068 -2657 -13335 -6734 -1680 0 0 0 0 1 4 137 20 
-496 -1829 -3343 -11724 -5439 -1136 0 0 0 0 1 27 185 47 
-215 -1815 -3770 -7925 -1540 -1621 0 0 0 0 1 46 214 75 
478 -2365 -3448 -5322 1134 -2083 0 0 0 0 1 31 219 101 
900 -2394 -2349 -2567 3611 -2385 0 0 0 0 1 49 233 109 
885 -2056 -626 -1454 3943 -2562 0 0 0 0 1 101 233 162 
-55 -866 -1905 -2606 2848 -2996 0 0 0 0 1 109 234 161 
-250 -835 -1535 -2583 3171 -3425 0 0 0 0 1 112 236 166 
-530 -668 -1377 -2513 3272 -3755 0 0 0 0 1 110 218 160 
-334 -560 -1103 -2426 3241 -4026 0 0 0 0 1 125 215 158 
-104 -362 -946 -2387 3160 -4034 0 0 0 0 1 130 217 171 
-18 158 -1267 -2238 3187 -3983 0 0 0 0 1 140 202 161 
-440 92 -1309 -2049 3343 -4044 0 0 0 0 1 140 212 161 
-1227 9 -1032 -1859 3903 -4559 0 0 0 0 1 143 198 153 
-2659 -214 -738 -1765 4307 -5191 0 0 0 0 1 153 183 146 
-3276 -268 -510 -1688 4870 -6169 0 0 0 0 1 139 171 130 
-3318 -283 -103 -1727 5274 -6500 0 0 0 0 1 155 159 123 
-5514 -1022 -1017 -2235 3515 -3712 0 0 0 0 1 95 99 52 
-5728 -965 -327 -2877 542 -3485 0 0 0 0 1 102 96 43 
-5827 -1316 -634 -3197 -727 -3288 0 0 0 0 1 101 112 48 
-5920 -1678 -846 -3288 -743 -2959 0 0 0 0 1 113 110 67 
-5846 -2062 -1415 -2804 131 -2542 0 0 0 0 1 96 103 60 
-5597 -2211 -1765 -2316 825 -2256 0 0 0 0 1 125 103 58 
-5455 -2058 -1680 -1727 1584 -1948 0 0 0 0 1 103 110 65 
-5152 -2068 -1554 -1506 1229 -1704 0 0 0 0 1 107 123 71 
-4947 -2305 -1142 -1633 570 -1620 0 0 0 0 1 113 127 67 
-4828 -2481 -941 -2045 -469 -1620 0 0 0 0 1 107 128 66 
-4786 -2876 -1011 -2384 -986 -1744 0 0 0 0 1 113 115 74 
-4608 -2921 -972 -2514 -919 -1837 0 0 0 0 1 123 128 94 
-4362 -2832 -1024 -2469 -1013 -1918 0 0 0 0 1 123 126 87 
-3871 -2734 -693 -2365 -1041 -1931 0 0 0 0 1 120 120 100 
-3626 -2696 -765 -2034 -1048 -1911 0 0 0 0 1 145 141 91 
-3569 -2693 -1046 -1440 -857 -1927 0 0 0 0 1 133 126 110 
-3428 -2509 -1275 -999 -545 -1963 0 0 0 0 1 147 126 101 
-3247 -2433 -1173 -371 -485 -1920 0 0 0 0 1 145 128 112 
-2786 -2206 -1069 56 -599 -1724 0 0 0 0 1 162 115 116 
-2576 -2084 -1012 251 -772 -1569 0 0 0 0 1 163 99 105 
-2535 -2244 -1043 533 -880 -1369 0 0 0 0 1 169 93 116 
-2763 -2287 -745 643 -566 -1313 0 0 0 0 1 172 100 118 
-2847 -2389 -722 828 98 -1143 0 0 0 0 1 182 96 122 
-3183 -2469 -424 971 885 -870 0 0 0 0 1 180 99 115 
-3505 -2294 -424 1250 1437 -290 0 0 0 0 1 174 76 111 
-4432 -2461 771 1411 2070 404 0 0 0 0 1 169 78 100 
-4568 -2541 1039 1531 1984 998 0 0 0 0 1 169 83 100 
-5208 -2796 1627 1872 1230 2031 0 0 0 0 1 158 80 95 
-5626 -3533 3330 2234 476 3035 0 0 0 0 1 165 68 86 
-5917 -4151 3555 4243 -2226 4943 0 0 0 0 1 159 69 89 
-6826 -3807 2047 8636 -5420 6397 0 0 0 0 1 171 62 94 
-6281 -4088 2004 11849 -6656 7531 0 0 0 0 1 171 55 98 
-5592 -4471 1443 15744 -7211 10024 0 0 0 0 1 180 50 101 
-5100 -5361 -843 17931 -6122 13378 0 0 0 0 1 192 45 115 
-5606 -6072 -2125 18637 -4332 15841 0 0 0 0 1 198 56 121 
-6903 -7495 -3660 19012 -192 18878 0 0 0 0 1 188 63 114 
-8878 -11077 -5554 18664 3263 20075 0 0 0 0 1 171 82 96 
-8030 -13404 -6539 16405 10447 21263 0 0 0 0 1 101 95 30 
-1470 -14175 -6791 11123 19016 20627 0 0 0 0 1 12 91 -12 
1710 -12163 -726 7036 17617 16494 0 0 0 0 1 -47 71 -32 
3906 -10419 4605 2658 3953 6918 0 0 0 0 1 -93 47 -22 
3246 -7114 4763 -855 -8421 -2496 0 0 0 0 1 -95 47 -24 
2556 -6493 34 -4285 -11709 -6075 0 0 0 0 1 -71 52 -31 
-818 -3674 -3920 -9462 -10807 -7739 0 0 0 0 1 28 90 -11 
-1074 -2459 -5081 -11295 -5987 -6551 0 0 0 0 1 62 118 15 
179 -1812 -4503 -10282 -3342 -5330 0 0 0 0 1 81 136 38 
378 -1180 -3972 -6850 254 -4266 0 0 0 0 1 92 144 55 
990 -599 -2508 -3708 2544 -3080 0 0 0 0 1 88 163 61 
1443 -721 -378 -2695 2535 -2006 0 0 0 0 1 95 175 66 
1109 -953 665 -2461 1700 -886 0 0 0 0 1 87 181 72 
506 -1050 812 -2472 1308 -682 0 0 0 0 1 87 176 65 
223 -938 -44 -2068 1234 -902 0 0 0 0 1 84 181 88 
127 -839 -478 -1414 1338 -1284 0 0 0 0 1 90 182 84 
-11 -740 -778 -1130 1237 -1515 0 0 0 0 1 92 174 79 
-131 -693 -945 -1107 811 -1800 0 0 0 0 1 90 180 77 
-214 -728 -1265 -1459 450 -1999 0 0 0 0 1 89 183 76 
-163 -734 -1438 -1797 398 -2066 0 0 0 0 1 95 185 84 
-141 -738 -1679 -2260 493 -2118 0 0 0 0 1 94 179 83 
-144 -602 -1851 -2511 685 -2177 0 0 0 0 1 99 196 90 
-259 -594 -1901 -2732 1118 -2322 0 0 0 0 1 99 191 102 
-403 -506 -1979 -2716 1507 -2451 0 0 0 0 1 103 179 104 
-431 -402 -1998 -2581 1627 -2470 0 0 0 0 1 108 193 95 
-376 -309 -1846 -2292 1665 -2398 0 0 0 0 1 114 190 108 
-444 75 -1465 -2015 1523 -2344 0 0 0 0 1 107 195 103 
-591 242 -1331 -1842 1348 -2382 0 0 0 0 1 109 175 112 
-738 359 -1102 -1679 1144 -2578 0 0 0 0 1 114 195 103 
-1124 304 -778 -1636 1042 -2801 0 0 0 0 1 122 188 109 
-1569 351 -404 -1718 812 -3197 0 0 0 0 1 127 186 109 
-1726 205 -408 -1799 533 -3507 0 0 0 0 1 122 179 114 
-2091 286 -249 -1844 523 -3668 0 0 0 0 1 130 170 112 
-2149 305 -162 -1859 759 -3757 0 0 0 0 1 139 157 128 
-1994 185 -143 -1812 1063 -3701 0 0 0 0 1 141 149 121 
-2011 263 -251 -1607 1671 -3590 0 0 0 0 1 154 150 124 
-2493 53 -479 -1230 2453 -3592 0 0 0 0 1 149 158 117 
-3005 -76 -197 -1042 3060 -3723 0 0 0 0 1 154 148 115 
-3538 -122 173 -910 3758 -3903 0 0 0 0 1 152 138 108 
-3687 -237 353 -890 3960 -3860 0 0 0 0 1 130 131 94 
-3678 -217 262 -882 3775 -3667 0 0 0 0 1 129 125 86 
-3604 -13 30 -778 3127 -3133 0 0 0 0 1 122 110 67 
-3702 40 -663 -457 2403 -2553 0 0 0 0 1 126 111 61 
-4458 -246 -909 -257 2232 -2344 0 0 0 0 1 114 109 68 
-5081 -596 -735 -214 2387 -2342 0 0 0 0 1 99 98 69 
-5797 -1022 -665 -414 2477 -2496 0 0 0 0 1 107 91 61 
-5895 -1124 -434 -673 2355 -2507 0 0 0 0 1 92 90 51 
-5709 -1132 -463 -1070 1734 -2261 0 0 0 0 1 86 96 52 
-5435 -931 -498 -1390 862 -1850 0 0 0 0 1 95 89 57 
-5461 -935 -378 -1559 316 -1584 0 0 0 0 1 88 89 43 
-5613 -1042 -236 -1724 -390 -1306 0 0 0 0 1 95 89 50 
-5588 -1211 -247 -1707 -650 -1198 0 0 0 0 1 83 94 52 
-5506 -1286 -456 -1444 -563 -1071 0 0 0 0 1 113 95 48 
-5036 -1351 -538 -1029 -49 -831 0 0 0 0 1 96 107 53 
-4675 -1356 -698 -735 207 -671 0 0 0 0 1 102 114 52 
-4493 -1251 -785 -380 183 -514 0 0 0 0 1 102 101 59 
-4163 -1293 -794 -250 -195 -446 0 0 0 0 1 102 109 57 
-3855 -1368 -763 -283 -485 -459 0 0 0 0 1 103 103 65 
-3619 -1477 -739 -459 -713 -504 0 0 0 0 1 102 104 57 
-3337 -1683 -634 -603 -763 -540 0 0 0 0 1 104 116 59 
-3299 -1850 -704 -745 -750 -660 0 0 0 0 1 109 109 75 
-3354 -2052 -654 -827 -611 -959 0 0 0 0 1 116 109 64 
-3736 -2261 -609 -932 -494 -1491 0 0 0 0 1 119 101 71 
-3877 -2354 -389 -1103 -336 -1903 0 0 0 0 1 130 99 82 
-3971 -2442 -127 -1515 -25 -2493 0 0 0 0 1 134 112 74 
-4099 -2252 214 -1849 43 -2761 0 0 0 0 1 134 98 83 
-3965 -2210 154 -2196 -49 -2674 0 0 0 0 1 141 88 83 
-3972 -1918 425 -2315 43 -2087 0 0 0 0 1 138 104 87 
-4243 -1742 519 -2026 236 -1173 0 0 0 0 1 155 95 86 
-5167 -1724 1219 -1722 590 -679 0 0 0 0 1 149 114 96 
-5749 -2038 1706 -1089 1164 -96 0 0 0 0 1 140 111 84 
-6438 -2444 3063 -524 1038 376 0 0 0 0 1 145 111 87 
-6675 -2679 4067 1032 -1424 1589 0 0 0 0 1 149 99 80 
-7073 -2838 4299 3208 -4450 2566 0 0 0 0 1 159 91 89 
-2103 -13394 -6013 15194 22708 18354 0 0 0 0 1 -8 82 -15 
-972 -9510 2449 8891 20637 11119 0 0 0 0 1 -106 31 -30 
2359 -8735 9070 4785 11714 4759 0 0 0 0 1 -156 -3 -22 
2302 -7439 10598 -1740 -7777 -3898 0 0 0 0 1 -176 -22 -16 
337 -5989 5970 -8541 -19532 -9084 0 0 0 0 1 -77 26 -46 
-2112 -1362 -6154 -12166 -16619 -10004 0 0 0 0 1 -14 58 -25 
-180 -1052 -7635 -11870 -11159 -8656 0 0 0 0 1 37 103 0 
1120 -1331 -6299 -8993 -3670 -6212 0 0 0 0 1 81 116 33 
720 -1531 -4154 -6169 1219 -4771 0 0 0 0 1 90 145 43 
490 -1088 -1950 -4924 1388 -3886 0 0 0 0 1 95 153 50 
666 -954 -1402 -3871 -203 -2307 0 0 0 0 1 100 153 64 
446 -912 -985 -3297 480 -1240 0 0 0 0 1 95 158 64 
27 -1036 -601 -2965 1425 -982 0 0 0 0 1 108 174 62 
-164 -877 -315 -2458 2172 -1024 0 0 0 0 1 101 166 74 
-243 -761 -311 -2080 2106 -1123 0 0 0 0 1 94 176 81 
-314 -605 -482 -1609 1648 -1302 0 0 0 0 1 96 179 83 
-280 -464 -913 -1366 1094 -1402 0 0 0 0 1 100 175 75 
-313 -582 -1516 -1329 845 -1489 0 0 0 0 1 104 180 89 
-291 -626 -1737 -1395 929 -1568 0 0 0 0 1 97 168 77 
-184 -695 -1933 -1568 1435 -1704 0 0 0 0 1 101 181 81 
-163 -637 -2014 -1724 2042 -1879 0 0 0 0 1 108 181 86 
-229 -514 -2069 -1912 2728 -2261 0 0 0 0 1 96 169 83 
-256 -486 -2132 -1945 3022 -2683 0 0 0 0 1 100 177 71 
-282 -369 -2118 -1871 3142 -2918 0 0 0 0 1 89 161 74 
-203 -311 -2129 -1617 3129 -3121 0 0 0 0 1 82 166 83 
-192 -118 -2157 -1399 3157 -3196 0 0 0 0 1 89 169 74 
-267 108 -1999 -1201 3189 -3307 0 0 0 0 1 100 165 68 
-540 259 -1944 -1115 3022 -3496 0 0 0 0 1 83 163 77 
-1112 334 -1895 -1121 3034 -3739 0 0 0 0 1 77 161 67 
-1587 359 -1732 -1250 2916 -4122 0 0 0 0 1 82 147 62 
-2056 189 -1663 -1364 2698 -4255 0 0 0 0 1 87 144 58 
-2467 191 -1472 -1594 2382 -4356 0 0 0 0 1 89 154 74 
-3052 141 -1382 -1747 1971 -4365 0 0 0 0 1 84 144 55 
-3284 177 -1434 -1759 1710 -4373 0 0 0 0 1 86 145 45 
-3502 227 -1569 -1622 1609 -4408 0 0 0 0 1 82 142 62 
-3961 297 -1831 -1462 1720 -4377 0 0 0 0 1 77 139 62 
-4490 22 -1664 -1362 2013 -4198 0 0 0 0 1 86 136 47 
-5115 -348 -1017 -1490 2353 -3968 0 0 0 0 1 80 137 62 
-5029 -468 -526 -1871 2751 -3367 0 0 0 0 1 79 131 57 
-4705 -336 -555 -2081 2651 -2556 0 0 0 0 1 70 112 39 
-4415 14 -1011 -1895 2465 -1870 0 0 0 0 1 71 121 43 
-4776 -167 -1090 -1684 2428 -1622 0 0 0 0 1 68 132 51 
-5293 -424 -832 -1528 2140 -1661 0 0 0 0 1 60 136 45 
-6080 -966 -447 -1561 1722 -1867 0 0 0 0 1 53 133 47 
-6286 -1281 31 -1791 1164 -2162 0 0 0 0 1 49 142 55 
-6015 -1266 -43 -1934 673 -2167 0 0 0 0 1 54 142 55 
-5386 -1002 -327 -1880 486 -2014 0 0 0 0 1 53 143 52 
-4971 -767 -569 -1582 447 -1678 0 0 0 0 1 57 143 57 
-4703 -679 -697 -1265 319 -1407 0 0 0 0 1 56 152 55 
-4986 -995 -384 -1239 -12 -1348 0 0 0 0 1 61 139 69 
-5139 -1336 -76 -1452 -844 -1370 0 0 0 0 1 63 152 74 
-5184 -1537 -9 -1567 -1713 -1408 0 0 0 0 1 71 145 82 
-4951 -1566 143 -1621 -1990 -1433 0 0 0 0 1 82 144 76 
-4501 -1534 -471 -1253 -1148 -1441 0 0 0 0 1 92 154 83 
-4026 -1054 -927 -862 -803 -1439 0 0 0 0 1 88 160 77 
-3615 -848 -890 -344 -760 -1342 0 0 0 0 1 96 144 95 
-3157 -767 -839 -33 -979 -1232 0 0 0 0 1 114 150 87 
-2875 -903 -807 70 -1008 -1206 0 0 0 0 1 115 149 93 
-2706 -1119 -764 62 -697 -1229 0 0 0 0 1 116 160 96 
-2719 -1333 -688 -75 -139 -1377 0 0 0 0 1 110 137 95 
-2822 -1623 -422 -218 195 -1501 0 0 0 0 1 117 142 95 
-3165 -1842 -307 -406 460 -1834 0 0 0 0 1 119 148 91 
-3441 -1921 -484 -351 693 -2361 0 0 0 0 1 122 137 90 
-3846 -1985 -417 -217 998 -2763 0 0 0 0 1 128 126 91 
-4154 -1851 -11 4 1014 -3223 0 0 0 0 1 126 118 87 
-4227 -1798 59 303 92 -3203 0 0 0 0 1 130 118 77 
-4301 -1776 233 550 -313 -2922 0 0 0 0 1 130 111 82 
-4342 -1869 620 981 -33 -2154 0 0 0 0 1 143 98 90 
-4700 -2201 977 1355 227 -1476 0 0 0 0 1 152 79 87 
-5085 -2385 1189 2158 47 -367 0 0 0 0 1 153 80 83 
-5745 -2663 1479 3353 -1136 809 0 0 0 0 1 159 74 82 
-6065 -2903 1649 4477 -2478 1660 0 0 0 0 1 159 60 84 
-6114 -2907 1587 6718 -4826 3105 0 0 0 0 1 172 58 83 
-5501 -3278 870 9514 -6749 5066 0 0 0 0 1 185 42 87 
-4867 -3699 374 11463 -7031 6780 0 0 0 0 1 186 26 109 
-4763 -4211 -68 14102 -5999 9836 0 0 0 0 1 195 22 125 
-4717 -4912 -2074 15800 -5216 12174 0 0 0 0 1 214 46 137 
-5032 -6067 -4629 18229 -3618 15879 0 0 0 0 1 212 63 142 
-5321 -7214 -6474 20437 1203 19536 0 0 0 0 1 191 90 121 
-5474 -8224 -7841 21222 7039 21876 0 0 0 0 1 162 120 81 
-5296 -8130 -7386 19496 17538 24228 0 0 0 0 1 110 117 37 
-5025 -6471 -2988 16035 21890 23086 0 0 0 0 1 17 89 1 
-5085 -6436 3153 11089 18569 15205 0 0 0 0 1 -74 62 -31 
-1698 -7292 8979 6736 6943 4987 0 0 0 0 1 -159 -28 -5 
1889 -6682 10053 1030 -7436 -2564 0 0 0 0 1 -149 -35 -5 
706 -5225 5563 -3521 -13879 -5150 0 0 0 0 1 -104 -28 -40 
-2453 -1851 -3146 -9061 -15670 -5765 0 0 0 0 1 -61 -12 -37 
-1818 -731 -5435 -11473 -9304 -3827 0 0 0 0 1 -2 34 -34 
-617 -317 -746 -1303 1961 -1243 0 0 0 0 1 83 155 54 
-547 -285 -877 -1418 1386 -1309 0 0 0 0 1 70 159 51 
-462 -388 -1358 -1659 592 -1360 0 0 0 0 1 76 165 68 
-448 -496 -1837 -1757 427 -1403 0 0 0 0 1 83 180 68 
-490 -721 -2261 -1759 791 -1462 0 0 0 0 1 84 171 62 
-347 -791 -2480 -1683 1742 -1571 0 0 0 0 1 63 176 67 
-171 -728 -2449 -1601 2888 -1680 0 0 0 0 1 75 176 69 
94 -553 -2082 -1622 3570 -1812 0 0 0 0 1 73 176 60 
226 -452 -1574 -1699 3406 -1962 0 0 0 0 1 66 181 55 
2 -400 -1353 -1827 2405 -2425 0 0 0 0 1 60 182 59 
-577 -379 -1368 -1855 1571 -2875 0 0 0 0 1 53 170 59 
-743 -351 -1666 -1740 759 -3481 0 0 0 0 1 64 163 66 
-703 -343 -1769 -1506 910 -3801 0 0 0 0 1 80 181 69 
-474 -183 -1734 -1163 2557 -3829 0 0 0 0 1 71 168 66 
-530 81 -1540 -1098 3235 -3923 0 0 0 0 1 81 172 66 
-1469 153 -1195 -1257 3471 -4394 0 0 0 0 1 84 169 53 
-2079 95 -964 -1412 3350 -4714 0 0 0 0 1 76 163 52 
-2397 65 -835 -1622 2967 -4973 0 0 0 0 1 68 152 58 
-2654 140 -769 -1671 2692 -4974 0 0 0 0 1 73 144 65 
-2745 162 -798 -1609 2252 -4776 0 0 0 0 1 66 147 53 
-2901 512 -591 -1544 1778 -4541 0 0 0 0 1 60 138 50 
-2897 596 -876 -1434 1452 -4396 0 0 0 0 1 75 144 48 
-3067 605 -1240 -1118 1634 -4229 0 0 0 0 1 67 138 43 
-3923 199 -1387 -900 2236 -4171 0 0 0 0 1 84 132 48 
-4511 -55 -1164 -789 3336 -4073 0 0 0 0 1 76 126 43 
-5024 -175 -510 -920 3795 -3921 0 0 0 0 1 64 118 40 
-4973 -27 -158 -1317 3259 -3355 0 0 0 0 1 56 117 41 
-4536 154 -176 -1554 2176 -2791 0 0 0 0 1 49 122 39 
-4869 -542 -1164 -428 -1526 -1618 0 0 0 0 1 63 122 44 
-4570 -716 -1386 -37 -544 -1462 0 0 0 0 1 73 120 44 
-4518 -876 -1468 1 253 -1313 0 0 0 0 1 71 116 54 
-4520 -1177 -1116 -249 445 -1265 0 0 0 0 1 73 122 46 
-4598 -1330 -901 -888 179 -1383 0 0 0 0 1 70 117 53 
-4612 -1415 -984 -1465 -438 -1684 0 0 0 0 1 75 117 46 
-4296 -1300 -1169 -1725 -724 -1918 0 0 0 0 1 88 116 43 
-3856 -1132 -1325 -1868 -1010 -2114 0 0 0 0 1 87 112 62 
-2969 -1109 -1885 -1669 -940 -1984 0 0 0 0 1 99 117 65 
-2755 -1327 -2068 -1396 -379 -1798 0 0 0 0 1 109 116 73 
-2867 -1612 -2200 -900 1199 -1615 0 0 0 0 1 103 122 81 
-3332 -2134 -1697 -641 2784 -1685 0 0 0 0 1 92 120 69 
-3914 -2362 -923 -688 3139 -1894 0 0 0 0 1 88 116 59 
-4341 -2303 -507 -960 2421 -2462 0 0 0 0 1 95 118 57 
-4777 -2107 -158 -1124 1541 -2927 0 0 0 0 1 97 123 59 
-4884 -1945 -129 -1157 216 -3555 0 0 0 0 1 93 109 50 
-5084 -1568 -74 -903 -1041 -3947 0 0 0 0 1 97 111 61 
-5110 -1425 120 -648 -1524 -3983 0 0 0 0 1 108 90 65 
-4692 -1582 307 -85 -1388 -3411 0 0 0 0 1 127 85 67 
-4655 -2285 1345 664 -847 -2264 0 0 0 0 1 138 79 64 
-5353 -3155 1792 1390 -898 -1267 0 0 0 0 1 146 71 67 
-6086 -4288 2284 3078 -2427 491 0 0 0 0 1 154 67 68 
-7050 -4708 3177 4938 -4754 1850 0 0 0 0 1 148 58 69 
-6979 -4867 1865 9796 -8959 4136 0 0 0 0 1 168 35 87 
-6247 -4620 719 15331 -9443 6692 0 0 0 0 1 200 9 121 
-4423 -5393 -2386 19707 -7324 10770 0 0 0 0 1 213 1 150 
-4377 -5389 -3873 21453 -5530 14322 0 0 0 0 1 226 29 160 
-5831 -6881 -5789 22093 -619 19454 0 0 0 0 1 208 40 157 
-9152 -11913 -7627 19905 5691 22136 0 0 0 0 1 193 95 130 
-9029 -12639 -7881 13536 13815 24066 0 0 0 0 1 156 109 77 
-4582 -12562 -8848 7980 18502 23020 0 0 0 0 1 89 147 44 
851 -9948 -4506 5412 18717 20429 0 0 0 0 1 -71 131 8 
1 -6713 3972 3115 11238 12604 0 0 0 0 1 -136 107 6 
-594 -5860 7440 1100 503 3193 0 0 0 0 1 -161 101 10 
1517 -6980 7015 -1027 -5408 -1356 0 0 0 0 1 -156 94 -5 
1211 -5847 3477 -4525 -11144 -5854 0 0 0 0 1 -125 105 2 
-274 -3073 -2618 -6298 -10497 -7484 0 0 0 0 1 -75 115 -6 
642 -1821 -4770 -7417 -6239 -7484 0 0 0 0 1 -12 153 17 
1021 -1281 -4210 -6894 -2599 -6047 0 0 0 0 1 16 176 39 
696 -858 -1684 -6177 -956 -5149 0 0 0 0 1 23 186 46 
751 -215 -33 -4830 -1036 -3787 0 0 0 0 1 38 190 61 
1007 -115 335 -3286 -1790 -2323 0 0 0 0 1 51 201 74 
903 -244 191 -2226 -1276 -1610 0 0 0 0 1 60 222 91 
747 -354 -43 -780 25 -888 0 0 0 0 1 68 218 93 
507 -386 69 197 1123 -385 0 0 0 0 1 68 220 100 
207 -225 -216 622 1534 -145 0 0 0 0 1 54 210 95 
17 -61 -311 918 1943 -12 0 0 0 0 1 61 208 90 
-144 146 -543 933 2025 -41 0 0 0 0 1 55 207 84 
-44 272 -660 754 1855 -91 0 0 0 0 1 50 214 73 
200 248 -938 589 1679 -60 0 0 0 0 1 36 202 71 
224 179 -1052 368 1596 -40 0 0 0 0 1 41 204 61 
162 166 -1294 279 1589 -74 0 0 0 0 1 27 209 73 
9 93 -1476 246 1501 -203 0 0 0 0 1 21 196 62 
-151 126 -1631 274 1369 -440 0 0 0 0 1 41 202 47 
-174 180 -1791 333 1373 -615 0 0 0 0 1 38 204 66 
-242 126 -1990 516 1518 -887 0 0 0 0 1 30 203 65 
-333 97 -2130 654 1690 -1069 0 0 0 0 1 30 188 60 
-381 96 -2112 801 1914 -1334 0 0 0 0 1 18 181 55 
-524 131 -2052 841 2031 -1514 0 0 0 0 1 17 175 57 
-601 140 -1987 794 2172 -1779 0 0 0 0 1 17 177 38 
-920 206 -1933 722 2084 -1927 0 0 0 0 1 11 166 32 
-1010 277 -1886 544 1694 -2090 0 0 0 0 1 16 164 32 
-1212 387 -1702 271 1156 -2117 0 0 0 0 1 7 159 34 
-1239 314 -1802 100 866 -2070 0 0 0 0 1 9 161 23 
-1195 357 -1949 -25 854 -1985 0 0 0 0 1 20 155 31 
-1331 512 -2265 112 1315 -2015 0 0 0 0 1 7 144 20 
-1387 509 -2360 347 1698 -2085 0 0 0 0 1 15 153 29 
-1633 756 -2319 751 2269 -2357 0 0 0 0 1 16 144 25 
-1907 884 -2264 1013 2421 -2595 0 0 0 0 1 2 139 16 
-2093 995 -2095 1290 2211 -2807 0 0 0 0 1 2 120 11 
-1812 1009 -1872 1366 1925 -2770 0 0 0 0 1 -1 131 12 
-1716 1084 -1677 1316 1525 -2603 0 0 0 0 1 -2 112 11 
-2110 1305 -1610 1230 1231 -2604 0 0 0 0 1 -5 114 5 
-2640 1500 -1960 1160 761 -2823 0 0 0 0 1 -4 100 4 
-3048 1527 -2141 1159 657 -3198 0 0 0 0 1 -3 94 15 
-3231 1533 -2245 1160 896 -3380 0 0 0 0 1 -11 83 4 
-3021 1468 -2376 1222 1364 -3319 0 0 0 0 1 -8 72 5 
-2629 1532 -2608 1311 1514 -3030 0 0 0 0 1 -14 76 4 
-2508 1675 -2517 1329 1495 -2479 0 0 0 0 1 -12 74 -3 
-3162 1928 -2054 1174 1330 -2281 0 0 0 0 1 -23 61 -11 
-3835 2001 -1787 781 897 -2278 0 0 0 0 1 -24 52 1 
-3956 1971 -1657 297 528 -2329 0 0 0 0 1 -20 52 -1 
-3447 1717 -1689 -105 250 -2140 0 0 0 0 1 -24 38 -1 
-3229 1594 -1824 -272 102 -1909 0 0 0 0 1 -25 46 -2 
-3132 1534 -1876 -379 -8 -1506 0 0 0 0 1 -21 44 -2 
-2835 1426 -1860 -369 -79 -1227 0 0 0 0 1 -11 44 -2 
-2924 1265 -1701 -327 -198 -976 0 0 0 0 1 -23 46 -11 
-2954 1047 -1294 -420 -318 -969 0 0 0 0 1 -34 50 -3 
-2893 979 -1253 -583 -542 -1105 0 0 0 0 1 -17 45 8 
-2681 1036 -1389 -672 -671 -1183 0 0 0 0 1 -11 46 -4 
-2532 1038 -1403 -801 -661 -1176 0 0 0 0 1 -12 55 1 
-2110 884 -1183 -983 -559 -980 0 0 0 0 1 -24 52 -5 
-1860 750 -957 -1126 -597 -781 0 0 0 0 1 -12 67 3 
-1813 654 -862 -1337 -868 -520 0 0 0 0 1 1 62 -1 
-2020 457 -600 -1831 -3733 -413 0 0 0 0 1 81 118 52 
-1853 422 -578 -1229 -3502 134 0 0 0 0 1 103 107 67 
-1916 294 -745 -600 -2697 397 0 0 0 0 1 104 123 80 
-1902 211 -748 -208 -1896 444 0 0 0 0 1 110 122 72 
-1981 192 -789 326 -693 337 0 0 0 0 1 116 123 75 
-2047 283 -828 774 168 167 0 0 0 0 1 108 125 72 
-1988 332 -732 984 457 96 0 0 0 0 1 110 134 81 
-1915 326 -653 1147 414 112 0 0 0 0 1 107 136 87 
-1865 330 -777 1200 49 171 0 0 0 0 1 114 118 75 
-1817 390 -803 1168 -768 312 0 0 0 0 1 109 118 77 
-1769 380 -776 1105 -1217 413 0 0 0 0 1 121 114 89 
