Data Quantity : 14  Accelerometer : 3  Gyroscope : 3  FSR : 5







-1566 999 -934 -65 -45 -16 0 0 0 0 1 89 39 37 
-1584 1005 -963 -59 -24 -15 0 0 0 0 1 106 46 25 
-1573 1003 -963 -34 9 -15 0 0 0 0 1 104 47 33 
-1562 997 -942 -24 32 -9 0 0 0 0 1 99 41 30 
-1571 999 -931 -7 32 0 0 0 0 0 1 96 44 27 
-1580 999 -931 2 19 7 0 0 0 0 1 99 41 34 
-1584 997 -922 1 10 14 0 0 0 0 1 93 47 33 
-1585 1001 -913 -4 8 15 0 0 0 0 1 90 40 29 
-1590 1002 -924 -18 -9 18 0 0 0 0 1 99 49 30 
-1582 1006 -926 -27 -13 19 0 0 0 0 1 88 42 33 
-1572 1002 -923 -36 -19 20 0 0 0 0 1 92 46 30 
-1582 1000 -938 -39 -15 13 0 0 0 0 1 95 40 29 
-1571 1000 -937 -37 0 7 0 0 0 0 1 84 53 23 
-1573 999 -929 -31 13 8 0 0 0 0 1 102 42 38 
-1564 1001 -930 -35 7 13 0 0 0 0 1 94 41 25 
-1551 993 -899 -44 -9 22 0 0 0 0 1 97 47 36 
-1561 998 -911 -52 -13 17 0 0 0 0 1 89 39 37 
-1574 1007 -921 -51 -6 0 0 0 0 0 1 97 40 38 
-1597 1018 -920 -52 5 -20 0 0 0 0 1 93 40 24 
-1623 1036 -921 -58 -2 -44 0 0 0 0 1 93 42 33 
-1626 1056 -912 -69 -16 -48 0 0 0 0 1 96 51 39 
-1610 1057 -898 -101 -30 -15 0 0 0 0 1 96 39 41 
-1593 1053 -896 -129 -30 26 0 0 0 0 1 94 41 30 
-1611 1065 -910 -132 -31 44 0 0 0 0 1 99 49 32 
-1619 1072 -916 -130 -30 56 0 0 0 0 1 86 40 29 
-1630 1081 -905 -129 -38 51 0 0 0 0 1 100 42 38 
-1629 1101 -911 -116 -54 57 0 0 0 0 1 88 42 29 
-1622 1119 -904 -113 -28 61 0 0 0 0 1 92 44 39 
-1637 1160 -882 -122 6 65 0 0 0 0 1 101 49 30 
-1647 1214 -869 -128 66 72 0 0 0 0 1 89 53 41 
-1667 1306 -899 -123 118 68 0 0 0 0 1 87 58 32 
-1673 1399 -936 -83 263 63 0 0 0 0 1 97 52 24 
-1650 1501 -920 -41 411 73 0 0 0 0 1 88 45 43 
-1660 1556 -831 -40 579 96 0 0 0 0 1 93 60 40 
-1668 1634 -715 -83 555 111 0 0 0 0 1 76 62 26 
-1667 1676 -649 -244 362 112 0 0 0 0 1 96 49 27 
-1661 1682 -524 -498 62 83 0 0 0 0 1 83 50 31 
-1644 1671 -516 -681 -163 66 0 0 0 0 1 83 62 29 
-1522 1632 -616 -928 -434 46 0 0 0 0 1 92 56 23 
-1295 1470 -781 -1048 -492 53 0 0 0 0 1 83 69 40 
-1090 1370 -1021 -1126 -361 52 0 0 0 0 1 86 57 36 
-944 1161 -1276 -1156 -68 -32 0 0 0 0 1 90 62 31 
-914 1009 -1332 -1232 542 -329 0 0 0 0 1 96 71 39 
-836 758 -1286 -1380 1065 -783 0 0 0 0 1 84 78 41 
-791 603 -1249 -1507 1203 -1134 0 0 0 0 1 75 76 34 
-816 468 -1284 -1690 1036 -1724 0 0 0 0 1 89 80 34 
-731 344 -1324 -1829 772 -2098 0 0 0 0 1 79 84 29 
-702 191 -1366 -2104 311 -2594 0 0 0 0 1 81 87 36 
-669 129 -1407 -2488 25 -3024 0 0 0 0 1 95 87 33 
-719 -14 -1405 -2963 97 -3446 0 0 0 0 1 99 93 48 
-783 -69 -1448 -3272 302 -3729 0 0 0 0 1 93 106 57 
-779 -152 -1519 -3605 711 -4101 0 0 0 0 1 89 107 53 
-796 -237 -1576 -3720 985 -4312 0 0 0 0 1 108 105 51 
-802 -238 -1539 -3767 1270 -4545 0 0 0 0 1 112 104 54 
-815 -302 -1443 -3738 1377 -4655 0 0 0 0 1 102 99 59 
-903 -337 -1220 -3730 1361 -4679 0 0 0 0 1 110 103 67 
-992 -380 -1120 -3745 1210 -4672 0 0 0 0 1 116 111 59 
-1262 -477 -993 -3782 1107 -4669 0 0 0 0 1 129 120 79 
-4073 -1944 287 -4405 2016 -4274 0 0 0 0 1 132 120 86 
-4308 -2247 22 -4380 2676 -4079 0 0 0 0 1 123 126 87 
-4732 -2587 -268 -4219 3259 -3966 0 0 0 0 1 123 131 82 
-5096 -2686 -404 -3771 3620 -3925 0 0 0 0 1 126 118 84 
-6042 -3271 -562 -3066 3105 -3950 0 0 0 0 1 120 120 76 
-6277 -3244 -425 -2539 2363 -3900 0 0 0 0 1 119 116 77 
-6394 -3231 -669 -1510 268 -3612 0 0 0 0 1 127 112 74 
-6422 -3234 -1054 -701 -1142 -3229 0 0 0 0 1 139 112 76 
-6093 -3522 -1340 615 -2274 -2263 0 0 0 0 1 146 103 95 
-5912 -3805 -1505 1944 -2205 -895 0 0 0 0 1 151 100 79 
-5444 -4180 -1494 2720 -1744 224 0 0 0 0 1 149 82 91 
-5000 -4401 -1290 3625 -1048 2220 0 0 0 0 1 149 87 91 
-4529 -4379 -1063 4439 -831 4340 0 0 0 0 1 159 79 91 
-4515 -4385 -787 4967 -835 5745 0 0 0 0 1 161 79 77 
-4518 -4471 -225 5606 -1192 7991 0 0 0 0 1 151 88 79 
-4941 -4202 620 6107 -2061 9569 0 0 0 0 1 139 88 65 
-6220 -4002 314 7609 -3818 11673 0 0 0 0 1 148 103 74 
-7120 -3711 -363 9876 -5717 13469 0 0 0 0 1 142 99 82 
-7951 -3709 -1609 12210 -7332 15367 0 0 0 0 1 141 125 69 
-8355 -5816 -3622 13276 -6088 16494 0 0 0 0 1 134 134 65 
-7769 -6604 -5365 13416 -2442 18441 0 0 0 0 1 120 137 60 
-7051 -8504 -6392 12559 -347 20025 0 0 0 0 1 96 130 48 
-6241 -10357 -6989 10318 4722 21933 0 0 0 0 1 50 148 17 
-2847 -11012 -7918 7942 10536 22433 0 0 0 0 1 3 143 8 
-519 -10196 -7230 6609 11801 20417 0 0 0 0 1 -62 121 -12 
-470 -7466 -1960 4869 7957 12577 0 0 0 0 1 -115 110 -20 
-649 -8095 4086 3063 3417 5685 0 0 0 0 1 -165 53 -13 
-1084 -7994 4881 -1544 -5019 -3652 0 0 0 0 1 -163 35 -24 
-258 -6609 3557 -7846 -9928 -8040 0 0 0 0 1 -120 66 -18 
52 -3363 -1582 -10522 -9564 -8520 0 0 0 0 1 -89 98 -20 
1144 -2033 -3981 -10420 -5505 -7339 0 0 0 0 1 -47 134 2 
2239 -2071 -3889 -7157 -494 -5668 0 0 0 0 1 -12 185 31 
2446 -1163 -1505 -4722 1165 -4436 0 0 0 0 1 5 207 45 
2379 -330 -108 -2034 641 -2312 0 0 0 0 1 3 212 50 
1958 383 337 -433 -492 -258 0 0 0 0 1 9 215 55 
1409 207 -445 399 -524 701 0 0 0 0 1 1 207 59 
848 48 -1089 1273 206 1338 0 0 0 0 1 7 210 65 
387 -318 -1235 1409 726 1381 0 0 0 0 1 8 204 52 
245 -488 -994 888 891 1126 0 0 0 0 1 7 198 41 
138 -569 -797 265 602 823 0 0 0 0 1 -8 204 52 
214 -505 -866 -651 80 345 0 0 0 0 1 -3 204 57 
592 -414 -1426 -1206 -70 -131 0 0 0 0 1 -2 210 55 
611 -386 -1887 -1089 205 -499 0 0 0 0 1 -9 213 60 
501 -384 -2252 -836 382 -807 0 0 0 0 1 -4 208 67 
396 -366 -2325 -401 546 -1362 0 0 0 0 1 -1 202 66 
194 -557 -2091 -244 393 -2052 0 0 0 0 1 -1 222 61 
-217 -710 -1620 -573 -305 -2941 0 0 0 0 1 3 209 59 
-497 -841 -1215 -1028 -809 -3558 0 0 0 0 1 14 201 55 
-555 -840 -1138 -1799 -1396 -4294 0 0 0 0 1 34 214 77 
-463 -673 -1358 -2212 -1616 -4573 0 0 0 0 1 48 209 64 
-327 -315 -1514 -2580 -1588 -4648 0 0 0 0 1 57 209 94 
-230 -181 -1572 -2621 -1282 -4393 0 0 0 0 1 81 207 91 
-222 82 -1512 -2511 -913 -4171 0 0 0 0 1 87 196 97 
-292 177 -1413 -2249 -239 -3881 0 0 0 0 1 102 187 108 
-610 82 -1251 -1947 477 -3746 0 0 0 0 1 112 185 115 
-1063 -74 -1070 -1769 1051 -3760 0 0 0 0 1 122 188 111 
-1436 -70 -894 -1544 1961 -3893 0 0 0 0 1 122 193 118 
-1573 98 -643 -1418 2435 -3909 0 0 0 0 1 127 179 109 
-1444 281 -620 -1197 2875 -3710 0 0 0 0 1 132 176 104 
-1221 608 -488 -952 3160 -3351 0 0 0 0 1 113 171 95 
-1472 710 -601 -754 3233 -3169 0 0 0 0 1 128 158 98 
-2189 475 -639 -446 3357 -3247 0 0 0 0 1 121 148 82 
-3237 148 -468 -167 3818 -3656 0 0 0 0 1 119 141 77 
-3885 93 -636 93 4178 -3940 0 0 0 0 1 109 131 73 
-4034 282 -779 639 4445 -4102 0 0 0 0 1 113 142 60 
-3966 706 -1213 1072 4335 -3929 0 0 0 0 1 104 123 57 
-4166 824 -1389 1611 3904 -3504 0 0 0 0 1 102 101 50 
-4629 878 -1347 1714 3555 -3328 0 0 0 0 1 92 95 51 
-5671 476 -906 1555 3120 -3277 0 0 0 0 1 79 91 36 
-5804 342 -727 842 2428 -3340 0 0 0 0 1 74 77 29 
-4071 -110 -500 -2679 1506 -1403 0 0 0 0 1 47 88 18 
-3989 -200 -652 -2597 1198 -1331 0 0 0 0 1 33 105 30 
-4172 -256 -562 -2528 737 -1538 0 0 0 0 1 35 127 30 
-4460 -455 -421 -2507 366 -1779 0 0 0 0 1 42 112 25 
-4514 -592 -447 -2414 -286 -2151 0 0 0 0 1 30 132 34 
-4539 -542 -607 -2228 -869 -2470 0 0 0 0 1 42 139 44 
-4328 -533 -712 -2093 -899 -2578 0 0 0 0 1 51 130 39 
-4135 -594 -814 -1936 -754 -2590 0 0 0 0 1 60 133 50 
-4284 -760 -895 -1906 -582 -2543 0 0 0 0 1 63 130 58 
-4273 -818 -1098 -1911 -684 -2477 0 0 0 0 1 83 141 57 
-4297 -920 -971 -1927 -723 -2335 0 0 0 0 1 84 142 60 
-4253 -1091 -911 -1826 -532 -2212 0 0 0 0 1 102 141 57 
-4344 -960 -995 -1638 -417 -2205 0 0 0 0 1 93 148 66 
-4468 -974 -1045 -1219 -434 -2283 0 0 0 0 1 102 136 87 
-4495 -950 -877 -815 -609 -2297 0 0 0 0 1 116 143 84 
-4584 -1145 -548 -605 -821 -2221 0 0 0 0 1 122 134 90 
-4688 -1257 -283 -360 -1157 -2029 0 0 0 0 1 109 143 87 
-4906 -1441 -55 8 -1240 -1790 0 0 0 0 1 134 120 88 
-4982 -1605 153 337 -1074 -1549 0 0 0 0 1 140 121 94 
-4888 -1701 524 961 -672 -835 0 0 0 0 1 133 118 87 
-4618 -1914 1211 1755 -412 383 0 0 0 0 1 141 110 79 
-4527 -2021 1917 2428 -687 1535 0 0 0 0 1 148 127 90 
-4509 -2199 2724 3896 -1823 3643 0 0 0 0 1 148 100 93 
-4997 -2148 2865 5388 -3072 5127 0 0 0 0 1 140 111 80 
-5490 -2089 2495 8343 -5017 7232 0 0 0 0 1 149 99 94 
-5889 -2288 1885 10387 -6092 8572 0 0 0 0 1 153 98 90 
-6081 -2412 1458 12952 -7643 10633 0 0 0 0 1 158 85 81 
-5993 -3548 1 15099 -8372 12902 0 0 0 0 1 174 98 109 
-6095 -5660 -2512 16534 -7683 14569 0 0 0 0 1 165 100 107 
-6434 -7456 -4912 18938 -2520 17186 0 0 0 0 1 151 115 90 
-6259 -9711 -8736 20124 3814 19173 0 0 0 0 1 125 117 67 
-6023 -10141 -8362 17852 15449 21427 0 0 0 0 1 96 110 30 
-2335 -10613 -4241 12220 20539 19829 0 0 0 0 1 1 89 -10 
-1325 -9688 -163 9055 17263 14979 0 0 0 0 1 -73 49 -32 
718 -7670 9075 4187 6613 4424 0 0 0 0 1 -153 -12 -13 
1355 -8620 9275 -1380 -5183 -4461 0 0 0 0 1 -146 -17 -25 
184 -4652 3085 -7648 -13720 -8062 0 0 0 0 1 -114 15 -31 
-1204 -2399 -1673 -10539 -14164 -8240 0 0 0 0 1 -64 42 -33 
-999 -1499 -5386 -10743 -8792 -6701 0 0 0 0 1 -7 71 -27 
260 -1818 -5492 -7927 -1696 -5056 0 0 0 0 1 43 121 15 
-136 -1551 -2276 -5855 1732 -4564 0 0 0 0 1 51 144 18 
-352 -958 -605 -3513 2429 -3857 0 0 0 0 1 46 160 29 
21 -538 1004 -2638 1071 -2994 0 0 0 0 1 44 152 39 
356 -262 546 -1736 -549 -1509 0 0 0 0 1 41 158 33 
225 -283 -129 -742 87 -583 0 0 0 0 1 53 160 31 
-199 -470 -630 -126 885 -372 0 0 0 0 1 51 154 37 
-483 -516 -621 414 1681 -490 0 0 0 0 1 46 160 33 
-630 -445 -525 462 1800 -708 0 0 0 0 1 47 157 41 
-651 -576 -590 208 1394 -1058 0 0 0 0 1 37 152 32 
-662 -732 -1084 -187 939 -1454 0 0 0 0 1 33 149 27 
-648 -754 -1443 -418 820 -1738 0 0 0 0 1 38 150 24 
-563 -803 -1646 -693 962 -2118 0 0 0 0 1 33 139 32 
-274 -790 -1817 -867 1275 -2375 0 0 0 0 1 33 142 30 
-143 -770 -1819 -944 1361 -2536 0 0 0 0 1 44 144 27 
-363 -761 -1805 -1060 1170 -2953 0 0 0 0 1 40 152 37 
-914 -671 -1820 -1204 811 -3581 0 0 0 0 1 35 147 20 
-1077 -628 -1918 -1293 586 -4015 0 0 0 0 1 49 139 34 
-1141 -536 -1982 -1411 551 -4530 0 0 0 0 1 49 137 30 
-1035 -291 -1822 -1527 628 -4676 0 0 0 0 1 66 130 41 
-830 -183 -1726 -1712 603 -4588 0 0 0 0 1 61 134 41 
-827 60 -1552 -1928 362 -4405 0 0 0 0 1 68 132 48 
-1073 153 -1606 -2033 126 -4365 0 0 0 0 1 84 125 37 
-1629 35 -1641 -2170 -37 -4604 0 0 0 0 1 93 123 50 
-2500 -138 -1623 -2257 92 -4928 0 0 0 0 1 93 131 59 
-2870 -23 -1518 -2380 520 -5389 0 0 0 0 1 95 118 40 
-2830 110 -1368 -2491 945 -5468 0 0 0 0 1 104 123 59 
-2339 675 -952 -2632 1176 -5101 0 0 0 0 1 109 116 61 
-2231 681 -1000 -2699 1164 -4704 0 0 0 0 1 109 99 50 
-2377 559 -1099 -2714 1166 -4171 0 0 0 0 1 107 116 61 
-3309 37 -1115 -2711 1578 -4000 0 0 0 0 1 113 110 67 
-5782 -1200 -236 -2799 1367 -2449 0 0 0 0 1 96 130 55 
-5196 -875 -488 -2460 1193 -2011 0 0 0 0 1 81 138 66 
-4802 -448 -471 -2172 970 -1673 0 0 0 0 1 94 147 69 
-4658 -543 -490 -1731 681 -1236 0 0 0 0 1 89 137 65 
-4774 -835 -424 -1373 -100 -1093 0 0 0 0 1 94 147 74 
-5013 -1505 363 -1287 -1045 -1255 0 0 0 0 1 84 149 67 
-4884 -1871 250 -1251 -1348 -1384 0 0 0 0 1 92 147 79 
-4784 -1789 91 -1079 -1513 -1614 0 0 0 0 1 86 141 75 
-4399 -1557 113 -940 -1457 -1719 0 0 0 0 1 104 148 80 
-4162 -1369 -80 -721 -1207 -1729 0 0 0 0 1 123 138 84 
-4110 -1288 -326 -517 -815 -1632 0 0 0 0 1 130 150 94 
-4131 -1217 -680 -391 -659 -1563 0 0 0 0 1 129 139 95 
-4139 -1266 -398 -406 -527 -1423 0 0 0 0 1 129 134 93 
-4022 -1190 -271 -523 -1140 -1105 0 0 0 0 1 127 132 100 
-3784 -1242 -301 -541 -1563 -818 0 0 0 0 1 148 120 107 
-3691 -1238 -347 -401 -1400 -448 0 0 0 0 1 148 127 93 
-3665 -1400 -636 -71 -583 -274 0 0 0 0 1 159 128 110 
-3749 -1604 -694 143 99 -289 0 0 0 0 1 158 130 107 
-3792 -1746 -607 344 862 -418 0 0 0 0 1 151 125 111 
-3762 -1923 -374 353 1298 -604 0 0 0 0 1 149 131 101 
-4006 -2197 -86 305 1418 -782 0 0 0 0 1 149 118 94 
-4187 -2276 172 192 1789 -1053 0 0 0 0 1 162 110 95 
-4387 -2643 958 91 2064 -1102 0 0 0 0 1 136 110 102 
-4530 -2889 1472 56 1843 -734 0 0 0 0 1 148 105 83 
-4560 -3041 2968 271 880 96 0 0 0 0 1 130 104 87 
-4519 -3439 2923 2324 -1918 2191 0 0 0 0 1 146 95 79 
-6275 -3848 1906 6895 -4065 4232 0 0 0 0 1 156 106 82 
-6521 -3165 1678 10331 -4943 5596 0 0 0 0 1 141 100 88 
-6178 -2783 1215 14346 -6419 8394 0 0 0 0 1 163 82 73 
-5045 -2542 130 16030 -7616 10963 0 0 0 0 1 185 62 98 
-4572 -3038 -1437 18084 -8182 15222 0 0 0 0 1 180 69 103 
-6084 -5302 -3317 19348 -6361 17757 0 0 0 0 1 182 69 108 
-7573 -7361 -4698 20695 -699 20894 0 0 0 0 1 166 89 94 
-8496 -10380 -5345 19457 8483 23032 0 0 0 0 1 141 107 58 
-8281 -10252 -4506 16861 14009 22931 0 0 0 0 1 87 110 30 
-6530 -10206 -2796 12178 18284 19277 0 0 0 0 1 16 93 -9 
-1413 -10723 2067 9056 11907 11476 0 0 0 0 1 -94 4 -30 
814 -8065 8466 6813 4517 4563 0 0 0 0 1 -122 -14 -23 
538 -8422 8256 1547 -6170 -4299 0 0 0 0 1 -116 -35 -15 
580 -5873 4641 -5633 -14155 -7485 0 0 0 0 1 -70 -19 -37 
-1199 -2317 -1748 -9600 -15411 -7090 0 0 0 0 1 -18 -4 -32 
203 -976 -4821 -12262 -10257 -4503 0 0 0 0 1 51 63 -4 
920 -1228 -5449 -10840 -4630 -2564 0 0 0 0 1 86 109 15 
382 -2382 -4316 -7534 674 -2802 0 0 0 0 1 82 125 32 
160 -2554 -4025 -5186 2747 -3431 0 0 0 0 1 89 137 25 
303 -2818 -2494 -2784 3565 -3669 0 0 0 0 1 74 143 45 
423 -2611 -615 -2251 3360 -3465 0 0 0 0 1 83 131 40 
70 -2155 113 -2469 2847 -3370 0 0 0 0 1 69 155 47 
-320 -1515 203 -2761 2569 -3501 0 0 0 0 1 67 148 52 
-434 -1241 -209 -2853 2280 -3755 0 0 0 0 1 74 145 45 
-311 -776 -987 -2534 2099 -3699 0 0 0 0 1 75 142 46 
-123 -535 -1619 -2247 1841 -3420 0 0 0 0 1 75 157 55 
-204 -437 -1993 -1911 1587 -2908 0 0 0 0 1 74 153 54 
-416 -436 -2147 -1782 1526 -2583 0 0 0 0 1 76 145 50 
-770 -450 -2054 -1897 1750 -2529 0 0 0 0 1 74 148 40 
-850 -382 -2060 -2078 2194 -2628 0 0 0 0 1 68 144 53 
-905 -268 -2097 -2160 2449 -2724 0 0 0 0 1 74 163 50 
-992 -150 -2018 -2226 2628 -2815 0 0 0 0 1 67 165 57 
-916 32 -1990 -2204 2560 -2770 0 0 0 0 1 67 160 52 
-855 43 -1913 -2113 2225 -2576 0 0 0 0 1 77 154 55 
-1123 513 -1524 -2047 1769 -2489 0 0 0 0 1 63 161 48 
-1211 566 -1426 -2030 1305 -2536 0 0 0 0 1 66 176 58 
-1540 518 -1204 -2023 764 -2850 0 0 0 0 1 62 170 61 
-2042 453 -1012 -2041 710 -3225 0 0 0 0 1 69 168 52 
-2200 483 -1010 -2006 760 -3766 0 0 0 0 1 67 163 71 
-2267 432 -926 -1903 712 -4092 0 0 0 0 1 84 157 76 
-2260 455 -794 -1838 692 -4195 0 0 0 0 1 83 160 64 
-2317 581 -619 -1760 603 -4220 0 0 0 0 1 77 161 74 
-2309 596 -653 -1641 546 -4084 0 0 0 0 1 99 164 67 
-2464 591 -730 -1518 797 -3976 0 0 0 0 1 95 153 68 
-2936 382 -751 -1322 1493 -3963 0 0 0 0 1 119 136 77 
-3546 39 -592 -1245 2035 -4021 0 0 0 0 1 99 137 72 
-3800 -66 -502 -1204 2728 -4060 0 0 0 0 1 104 136 77 
-3896 -157 -446 -1199 3279 -3883 0 0 0 0 1 113 130 65 
-3962 -76 -378 -1242 3561 -3634 0 0 0 0 1 96 130 62 
-4268 -7 -300 -1429 3345 -3142 0 0 0 0 1 93 118 57 
-4861 -361 -216 -1739 2394 -2580 0 0 0 0 1 73 112 55 
-5302 -662 -89 -1993 1836 -2322 0 0 0 0 1 75 120 46 
-5602 -900 -96 -2246 1338 -2122 0 0 0 0 1 87 137 48 
-5564 -991 -516 -2178 998 -1998 0 0 0 0 1 79 133 54 
-5522 -949 -792 -1948 898 -1946 0 0 0 0 1 81 145 54 
-5345 -951 -922 -1572 899 -1877 0 0 0 0 1 71 133 71 
-5437 -1027 -635 -1480 780 -1888 0 0 0 0 1 77 154 65 
-5666 -1544 -134 -1689 135 -1965 0 0 0 0 1 71 143 59 
-5761 -1760 78 -2056 -1008 -2058 0 0 0 0 1 75 142 65 
-5789 -1718 59 -2179 -1764 -2131 0 0 0 0 1 94 147 67 
-5713 -1587 -206 -1984 -2335 -2303 0 0 0 0 1 101 147 65 
-5454 -1305 -879 -1586 -2464 -2427 0 0 0 0 1 125 137 88 
-5285 -1094 -1117 -836 -2718 -2632 0 0 0 0 1 130 148 98 
-5194 -1113 -1088 -362 -2785 -2750 0 0 0 0 1 133 138 103 
-4899 -1291 -997 -252 -3299 -2679 0 0 0 0 1 153 125 114 
-4471 -1465 -420 -445 -3565 -2533 0 0 0 0 1 163 118 119 
-4134 -1552 -153 -886 -3624 -2181 0 0 0 0 1 169 110 130 
-3617 -1508 -207 -1130 -3159 -1765 0 0 0 0 1 187 111 157 
-3232 -1390 -174 -1141 -2575 -1511 0 0 0 0 1 193 100 165 
-3011 -1421 -84 -1011 -1592 -1208 0 0 0 0 1 197 106 157 
-2872 -1521 89 -790 -747 -1087 0 0 0 0 1 202 95 176 
-2810 -1634 240 -549 -138 -1132 0 0 0 0 1 201 91 173 
-2963 -1972 393 -380 275 -1272 0 0 0 0 1 202 85 181 
-3145 -2149 635 -168 1061 -1595 0 0 0 0 1 206 84 175 
-3129 -2410 1044 27 2118 -1626 0 0 0 0 1 209 83 162 
-2802 -2969 2055 91 2937 -1246 0 0 0 0 1 211 79 157 
-2714 -3242 3049 280 3172 119 0 0 0 0 1 211 82 147 
-3232 -3244 3104 1045 2325 1332 0 0 0 0 1 199 79 136 
-4182 -3030 3081 3603 518 3084 0 0 0 0 1 193 83 123 
-5340 -3422 2528 7565 -1551 4869 0 0 0 0 1 193 66 128 
-5852 -3292 2926 10188 -2907 5992 0 0 0 0 1 199 65 124 
-6103 -3039 2242 13510 -6020 7664 0 0 0 0 1 200 66 130 
-5584 -2604 794 15789 -8867 9861 0 0 0 0 1 213 67 133 
-4763 -3606 -1519 17022 -9001 11867 0 0 0 0 1 213 72 147 
-4959 -4314 -3305 18589 -5002 15320 0 0 0 0 1 207 90 155 
-6529 -6134 -5934 19165 -588 17678 0 0 0 0 1 178 138 124 
-7541 -7621 -6359 18101 7191 20406 0 0 0 0 1 127 152 81 
-7137 -9394 -5546 14813 12376 20760 0 0 0 0 1 73 157 39 
-4608 -9743 -4071 10619 15859 17914 0 0 0 0 1 3 141 1 
49 -9248 -1825 8446 15740 14396 0 0 0 0 1 -70 115 -18 
236 -6769 1995 5392 11809 6628 0 0 0 0 1 -133 79 -17 
1101 -5951 6913 2863 5464 1631 0 0 0 0 1 -179 41 -9 
2022 -4717 7641 -2017 -5831 -3310 0 0 0 0 1 -161 47 -17 
1149 -3585 4720 -6588 -13925 -5654 0 0 0 0 1 -119 72 -22 
-698 -1815 -1712 -8284 -14224 -6337 0 0 0 0 1 -57 101 -19 
-568 -967 -5525 -8291 -9470 -6484 0 0 0 0 1 -22 118 8 
451 -1262 -5557 -6542 -3853 -5491 0 0 0 0 1 8 143 22 
1094 -1567 -4026 -5216 -1083 -4543 0 0 0 0 1 33 154 32 
674 -1311 -2469 -3757 1226 -3359 0 0 0 0 1 49 174 58 
586 -1298 -1477 -3228 1790 -2465 0 0 0 0 1 56 181 55 
552 -1431 -231 -3223 1754 -2088 0 0 0 0 1 51 188 60 
315 -1404 165 -3195 1478 -2059 0 0 0 0 1 53 199 64 
-114 -1199 121 -2968 1166 -2326 0 0 0 0 1 48 207 71 
-262 -900 -218 -2421 699 -2832 0 0 0 0 1 53 204 84 
-119 -806 -499 -1905 286 -3042 0 0 0 0 1 67 199 80 
-30 -731 -937 -1662 68 -3015 0 0 0 0 1 80 193 88 
-76 -710 -1281 -1451 -6 -2902 0 0 0 0 1 80 201 83 
-250 -742 -1617 -1477 470 -2867 0 0 0 0 1 89 193 88 
-345 -779 -1736 -1614 918 -2896 0 0 0 0 1 86 197 89 
-412 -790 -1734 -1916 1442 -2990 0 0 0 0 1 92 191 83 
-515 -855 -1685 -2212 1683 -3144 0 0 0 0 1 87 191 97 
-689 -746 -1660 -2336 1740 -3297 0 0 0 0 1 100 187 103 
-704 -582 -1668 -2376 1756 -3507 0 0 0 0 1 106 193 97 
-663 -387 -1621 -2331 1785 -3595 0 0 0 0 1 103 193 107 
-654 -173 -1593 -2170 1879 -3630 0 0 0 0 1 107 192 105 
-634 127 -1542 -1919 1912 -3512 0 0 0 0 1 106 179 111 
-847 154 -1501 -1645 1955 -3364 0 0 0 0 1 113 176 97 
-1324 178 -1340 -1503 2094 -3337 0 0 0 0 1 122 176 100 
-1700 291 -1193 -1394 2167 -3389 0 0 0 0 1 120 161 102 
-1997 136 -1123 -1397 2160 -3400 0 0 0 0 1 120 171 97 
-2349 218 -1099 -1453 2486 -3447 0 0 0 0 1 123 158 89 
-2634 365 -1150 -1461 2921 -3499 0 0 0 0 1 133 145 94 
-2891 493 -1274 -1410 3130 -3466 0 0 0 0 1 132 154 90 
-3210 528 -1310 -1290 3167 -3310 0 0 0 0 1 114 150 84 
-3719 478 -1259 -1182 2978 -3061 0 0 0 0 1 115 134 74 
-4323 321 -1195 -1125 2945 -2892 0 0 0 0 1 107 136 71 
-4672 245 -1130 -1078 3253 -2666 0 0 0 0 1 101 139 62 
-4944 359 -1333 -1046 3685 -2521 0 0 0 0 1 96 142 62 
-4976 428 -1415 -1001 4195 -2257 0 0 0 0 1 90 136 61 
-5175 486 -1346 -1160 4048 -2085 0 0 0 0 1 92 132 53 
-6054 131 -667 -1673 3119 -2120 0 0 0 0 1 53 133 47 
-6390 -42 -337 -2133 2217 -2217 0 0 0 0 1 63 139 44 
-6608 -130 -343 -2640 940 -2403 0 0 0 0 1 68 125 53 
-6649 40 -742 -2729 594 -2513 0 0 0 0 1 56 154 55 
-6038 -89 -1187 -2510 619 -2423 0 0 0 0 1 68 134 46 
-5675 -21 -1227 -2232 863 -2112 0 0 0 0 1 69 150 57 
-5708 -265 -956 -2191 846 -1932 0 0 0 0 1 54 154 58 
-5664 -602 -559 -2487 560 -1731 0 0 0 0 1 66 161 60 
-5664 -969 -246 -2774 199 -1673 0 0 0 0 1 74 163 64 
-5593 -1049 -365 -2990 -317 -1692 0 0 0 0 1 80 149 76 
-5267 -771 -747 -2784 -603 -1785 0 0 0 0 1 76 158 82 
-4977 -503 -971 -2425 -909 -1805 0 0 0 0 1 81 172 91 
-4644 -269 -1128 -1721 -1442 -1710 0 0 0 0 1 92 188 90 
-4392 -239 -1123 -1297 -1704 -1635 0 0 0 0 1 99 174 97 
-4150 -542 -987 -897 -2031 -1492 0 0 0 0 1 103 174 100 
-4018 -846 -803 -810 -2054 -1372 0 0 0 0 1 117 179 116 
-4001 -986 -539 -883 -1884 -1376 0 0 0 0 1 123 170 129 
-3828 -1079 -357 -1101 -1692 -1438 0 0 0 0 1 123 172 119 
-3745 -1096 -324 -1309 -1492 -1588 0 0 0 0 1 134 169 130 
-3742 -1093 -328 -1358 -1304 -1761 0 0 0 0 1 143 161 128 
-3776 -1115 -274 -1254 -1156 -2093 0 0 0 0 1 153 157 146 
-3874 -1290 20 -1064 -1147 -2432 0 0 0 0 1 165 154 158 
-3767 -1519 644 -939 -1188 -2551 0 0 0 0 1 168 158 154 
-3733 -1720 872 -614 -1330 -2549 0 0 0 0 1 180 153 159 
-3768 -2065 1301 -278 -1233 -2412 0 0 0 0 1 191 142 160 
-3541 -2676 1862 529 -829 -1712 0 0 0 0 1 187 143 173 
-3412 -3101 2352 1943 -195 -350 0 0 0 0 1 199 128 178 
-3871 -3537 3245 4155 -48 1382 0 0 0 0 1 189 131 168 
-4433 -3553 3014 6173 -1069 2607 0 0 0 0 1 198 120 151 
-5241 -3413 3355 9312 -3411 4252 0 0 0 0 1 182 114 147 
-5805 -3545 3203 11281 -5459 5352 0 0 0 0 1 189 109 166 
-6013 -3273 2227 14046 -8647 7027 0 0 0 0 1 202 105 155 
-5717 -3459 593 16691 -10413 9026 0 0 0 0 1 194 109 166 
-6110 -4788 -2115 18479 -9430 10452 0 0 0 0 1 202 130 176 
-7317 -5624 -3905 20351 -3819 12851 0 0 0 0 1 182 133 159 
-8280 -6636 -5095 20517 3008 15731 0 0 0 0 1 175 153 129 
-8955 -8494 -5066 18942 8412 17412 0 0 0 0 1 125 152 79 
-8216 -8998 -5022 14836 13561 18381 0 0 0 0 1 81 143 36 
1762 -9249 -149 7152 11109 11828 0 0 0 0 1 -110 49 -11 
1559 -7843 5520 4938 4720 5961 0 0 0 0 1 -130 38 -17 
1575 -7594 6342 532 -3950 -2442 0 0 0 0 1 -128 15 -17 
1066 -5406 3601 -3316 -7929 -5863 0 0 0 0 1 -115 29 -27 
-1052 -1969 -1993 -10358 -11440 -7166 0 0 0 0 1 -20 79 -17 
-747 -1076 -4487 -11373 -8271 -5523 0 0 0 0 1 8 114 1 
308 -404 -639 -1945 80 -3388 0 0 0 0 1 96 198 100 
256 -234 -1113 -1388 -220 -3087 0 0 0 0 1 110 198 100 
26 -223 -1520 -1180 -256 -2899 0 0 0 0 1 115 191 97 
-153 -253 -1678 -1164 253 -2711 0 0 0 0 1 114 192 115 
-308 -413 -1707 -1463 917 -2681 0 0 0 0 1 138 187 117 
-548 -599 -1624 -1746 1255 -2763 0 0 0 0 1 123 170 117 
-834 -676 -1644 -2144 1584 -3069 0 0 0 0 1 126 168 103 
-1037 -674 -1723 -2387 1760 -3535 0 0 0 0 1 135 175 105 
-1101 -467 -1790 -2441 1922 -3956 0 0 0 0 1 130 170 117 
-923 -254 -1673 -2425 1970 -4105 0 0 0 0 1 142 168 117 
-726 55 -1455 -2417 1876 -4101 0 0 0 0 1 138 160 112 
-793 367 -1318 -2420 1653 -4010 0 0 0 0 1 148 139 123 
-1128 321 -1289 -2458 1468 -3968 0 0 0 0 1 151 149 118 
-1958 73 -1246 -2547 1630 -4221 0 0 0 0 1 140 143 115 
-2699 -151 -1061 -2652 1752 -4498 0 0 0 0 1 158 137 123 
-2951 -150 -742 -2943 1620 -4843 0 0 0 0 1 163 138 117 
-3063 148 -84 -3368 966 -4894 0 0 0 0 1 167 130 130 
-3087 239 10 -3651 425 -4775 0 0 0 0 1 167 120 116 
-3352 143 -75 -3924 -93 -4574 0 0 0 0 1 173 106 133 
-3987 -189 -131 -4018 -101 -4508 0 0 0 0 1 181 100 123 
-4361 -512 -49 -4092 399 -4413 0 0 0 0 1 184 98 137 
-4376 -805 260 -4127 1226 -4061 0 0 0 0 1 194 99 140 
-3972 -666 833 -4128 1560 -3564 0 0 0 0 1 186 98 142 
-3604 -621 921 -3926 1395 -2446 0 0 0 0 1 192 96 138 
-3822 -483 836 -3618 1189 -1722 0 0 0 0 1 197 96 129 
-4333 -676 908 -3011 1210 -872 0 0 0 0 1 185 91 129 
-4785 -1254 1032 -2267 1601 -206 0 0 0 0 1 174 98 132 
-4970 -1455 880 -1716 2016 80 0 0 0 0 1 182 104 131 
-5135 -1430 638 -944 2851 233 0 0 0 0 1 185 104 138 
-5110 -1325 586 -619 3351 251 0 0 0 0 1 161 114 122 
-5111 -1355 622 -535 3487 226 0 0 0 0 1 151 117 109 
-5389 -1576 672 -737 3080 157 0 0 0 0 1 153 117 102 
-5310 -1690 848 -1350 2024 -94 0 0 0 0 1 145 121 91 
-5458 -2006 1161 -2043 646 -342 0 0 0 0 1 129 132 104 
-5525 -2131 774 -2282 -212 -499 0 0 0 0 1 136 130 100 
-5400 -1987 330 -2188 -676 -775 0 0 0 0 1 138 131 101 
-5139 -1896 -83 -1643 -495 -959 0 0 0 0 1 146 120 107 
-4675 -1738 -313 -1077 18 -983 0 0 0 0 1 151 122 114 
-4485 -1847 -240 -866 171 -916 0 0 0 0 1 153 127 114 
-4472 -1996 -165 -850 118 -781 0 0 0 0 1 156 133 112 
-4313 -2023 -173 -1025 113 -673 0 0 0 0 1 151 134 123 
-4113 -1909 -262 -1164 146 -622 0 0 0 0 1 151 132 116 
-3895 -1731 -397 -1253 246 -565 0 0 0 0 1 158 134 116 
-3784 -1380 -385 -1270 149 -536 0 0 0 0 1 163 123 124 
-3702 -1237 -619 -1223 88 -474 0 0 0 0 1 169 137 121 
-3685 -1190 -629 -1149 307 -313 0 0 0 0 1 160 134 132 
-3519 -1259 -657 -1045 544 -123 0 0 0 0 1 147 143 131 
-3633 -1299 -508 -959 747 -115 0 0 0 0 1 159 138 131 
-3637 -1424 -186 -802 1297 -116 0 0 0 0 1 161 143 129 
-3385 -1723 288 -367 1929 125 0 0 0 0 1 154 138 119 
-3381 -1985 929 65 2422 472 0 0 0 0 1 153 139 118 
-3461 -2497 1899 899 2700 1338 0 0 0 0 1 135 143 105 
-4252 -3139 3153 1808 1897 2122 0 0 0 0 1 122 134 95 
-5281 -3423 3537 4115 -699 3152 0 0 0 0 1 140 141 103 
-6981 -3282 4129 6209 -3006 3672 0 0 0 0 1 143 144 95 
-7318 -3131 3584 10005 -6939 4594 0 0 0 0 1 135 131 87 
-6720 -2943 1270 13468 -9243 6012 0 0 0 0 1 138 106 91 
-5532 -3445 -278 15156 -9957 7805 0 0 0 0 1 182 84 115 
-5419 -3831 -2088 17167 -9550 11032 0 0 0 0 1 195 73 116 
-6190 -5208 -4846 18819 -5271 14334 0 0 0 0 1 195 88 111 
-6834 -7608 -7561 19109 732 16573 0 0 0 0 1 178 89 101 
-6142 -8952 -8081 16170 10815 19538 0 0 0 0 1 147 104 71 
-4775 -9953 -6900 10337 16324 19559 0 0 0 0 1 90 111 29 
438 -9699 -4202 7096 15911 17342 0 0 0 0 1 -38 79 -15 
1923 -8557 551 3503 8304 10009 0 0 0 0 1 -81 72 -22 
2069 -8239 6338 90 -3130 788 0 0 0 0 1 -97 57 -17 
2083 -7360 3806 -2707 -9131 -3810 0 0 0 0 1 -53 67 -31 
814 -5833 86 -7298 -12392 -7565 0 0 0 0 1 -18 78 -20 
-352 -3424 -5345 -9374 -7240 -8100 0 0 0 0 1 28 100 6 
665 -2349 -6144 -8798 -3407 -7391 0 0 0 0 1 60 118 15 
886 -1871 -4428 -6706 564 -5977 0 0 0 0 1 89 149 51 
820 -1020 -1956 -5330 1552 -4913 0 0 0 0 1 96 152 51 
884 -647 -899 -3812 1260 -3062 0 0 0 0 1 89 161 55 
655 -740 -110 -2831 1232 -1612 0 0 0 0 1 96 159 72 
165 -945 -32 -2249 1645 -1054 0 0 0 0 1 95 168 66 
29 -906 -143 -1394 2304 -595 0 0 0 0 1 94 164 79 
-208 -712 -350 -917 2531 -459 0 0 0 0 1 81 170 68 
-430 -506 -568 -504 2566 -437 0 0 0 0 1 74 175 59 
-466 -469 -704 -473 2362 -561 0 0 0 0 1 71 175 66 
-582 -443 -1028 -579 2179 -741 0 0 0 0 1 57 187 59 
-579 -488 -1195 -836 2044 -1076 0 0 0 0 1 70 169 72 
-411 -508 -1372 -1036 1951 -1339 0 0 0 0 1 67 170 64 
-187 -504 -1552 -1074 1857 -1461 0 0 0 0 1 53 165 54 
-177 -464 -1634 -1028 1744 -1657 0 0 0 0 1 62 175 50 
-222 -313 -1631 -977 1602 -1817 0 0 0 0 1 54 176 62 
-352 -303 -1649 -898 1266 -2145 0 0 0 0 1 62 160 59 
-644 -261 -1623 -856 972 -2593 0 0 0 0 1 54 181 58 
-919 -155 -1610 -852 781 -2898 0 0 0 0 1 53 175 54 
-1052 -25 -1496 -945 507 -3268 0 0 0 0 1 60 165 59 
-1095 162 -1225 -1169 317 -3458 0 0 0 0 1 74 153 52 
-1201 334 -1102 -1317 56 -3520 0 0 0 0 1 77 164 55 
-1313 392 -1215 -1393 -470 -3545 0 0 0 0 1 87 159 67 
-1767 477 -1578 -1282 -634 -3597 0 0 0 0 1 93 153 71 
-2100 478 -1542 -1200 -407 -3697 0 0 0 0 1 94 147 72 
-2296 436 -1456 -1136 161 -3833 0 0 0 0 1 104 131 75 
-2418 524 -1111 -1183 546 -3888 0 0 0 0 1 116 143 75 
-2522 617 -724 -1421 940 -3919 0 0 0 0 1 113 132 72 
-2700 654 -627 -1714 912 -3903 0 0 0 0 1 116 121 68 
-2898 552 -493 -1904 779 -3828 0 0 0 0 1 123 123 77 
-3191 399 -406 -2132 551 -3658 0 0 0 0 1 122 122 76 
-3629 303 -409 -2214 365 -3432 0 0 0 0 1 132 122 88 
-3966 333 -398 -2185 425 -3274 0 0 0 0 1 129 120 72 
-4137 435 -354 -2040 868 -3063 0 0 0 0 1 129 110 74 
-4168 454 -465 -1755 1489 -2777 0 0 0 0 1 133 111 77 
-4302 116 -468 -1606 2049 -2543 0 0 0 0 1 133 109 82 
-4641 -291 -69 -1700 2815 -2213 0 0 0 0 1 120 120 74 
-5112 -645 519 -1960 2764 -1972 0 0 0 0 1 123 121 75 
-5442 -787 750 -2411 1689 -1561 0 0 0 0 1 101 112 67 
-5532 -561 473 -2536 485 -1195 0 0 0 0 1 109 126 66 
-5436 -389 -2 -2059 50 -927 0 0 0 0 1 115 125 81 
-5265 -410 -343 -1595 369 -819 0 0 0 0 1 126 138 80 
-5277 -650 -160 -1153 1195 -776 0 0 0 0 1 119 118 84 
-5374 -1079 238 -1153 1336 -791 0 0 0 0 1 108 125 81 
-5269 -1312 812 -1568 806 -827 0 0 0 0 1 113 127 81 
-5168 -1385 851 -2032 -62 -896 0 0 0 0 1 114 126 73 
-4969 -1158 525 -2142 -325 -987 0 0 0 0 1 106 134 86 
-4767 -1002 264 -1944 -495 -1138 0 0 0 0 1 127 137 93 
-4647 -792 13 -1515 -790 -1318 0 0 0 0 1 120 144 83 
-4489 -825 121 -1285 -960 -1406 0 0 0 0 1 125 144 104 
-4371 -906 153 -1093 -1252 -1457 0 0 0 0 1 125 142 109 
-4171 -1128 163 -1050 -1336 -1435 0 0 0 0 1 136 139 102 
-3978 -1153 180 -1058 -1115 -1392 0 0 0 0 1 147 141 115 
-3719 -1061 113 -1016 -763 -1345 0 0 0 0 1 146 149 114 
-3564 -1063 140 -979 -569 -1324 0 0 0 0 1 145 143 124 
-3519 -1025 246 -944 -437 -1350 0 0 0 0 1 163 128 129 
-3392 -1033 421 -919 -456 -1384 0 0 0 0 1 156 138 133 
-3376 -1071 438 -869 -397 -1422 0 0 0 0 1 158 142 132 
-3496 -1258 373 -675 -15 -1533 0 0 0 0 1 180 136 131 
-3748 -1683 380 -480 440 -1648 0 0 0 0 1 167 125 128 
-4102 -1973 936 -228 1298 -1831 0 0 0 0 1 173 123 136 
-4123 -2120 1129 117 1714 -1656 0 0 0 0 1 173 116 126 
-4146 -1994 2300 343 1567 -1215 0 0 0 0 1 176 95 114 
-3952 -1885 3350 911 -92 441 0 0 0 0 1 173 104 119 
-3597 -2528 4433 1974 -1624 2203 0 0 0 0 1 176 115 116 
-5088 -3195 3684 5537 -3495 4606 0 0 0 0 1 167 95 125 
-6320 -3628 3312 10260 -4232 5990 0 0 0 0 1 179 98 109 
-7254 -3769 2681 12847 -5392 6778 0 0 0 0 1 174 112 123 
-6919 -3755 1859 15041 -8759 8487 0 0 0 0 1 182 94 122 
-6148 -5035 -1212 16143 -10243 11097 0 0 0 0 1 201 91 145 
-5802 -6977 -6103 17204 -7797 13505 0 0 0 0 1 194 104 152 
-5883 -8335 -9926 18981 1398 18009 0 0 0 0 1 188 127 128 
-4168 -8624 -13990 19029 10264 21521 0 0 0 0 1 145 145 98 
-2609 -6450 -13892 15355 21302 25117 0 0 0 0 1 73 164 32 
-3548 -5883 -4786 9531 22530 21645 0 0 0 0 1 -119 99 -10 
-4032 -7545 3084 5154 13061 11288 0 0 0 0 1 -178 50 1 
-2529 -7605 12108 2548 2935 3211 0 0 0 0 1 -213 28 12 
-484 -8051 10403 -2110 -9600 -5754 0 0 0 0 1 -193 41 4 
-906 -5897 2871 -6861 -14002 -10788 0 0 0 0 1 -145 55 -17 
-2681 -1438 -4374 -9220 -10108 -12261 0 0 0 0 1 -51 103 -9 
-170 -540 -5397 -9188 -6551 -11066 0 0 0 0 1 -7 132 6 
963 -753 -4033 -7541 -2073 -8172 0 0 0 0 1 21 152 20 
403 94 -1366 -5121 -330 -5721 0 0 0 0 1 25 171 37 
303 377 -793 -3586 -387 -4260 0 0 0 0 1 44 169 44 
363 261 -443 -1937 -337 -2362 0 0 0 0 1 48 187 59 
-203 -658 -180 -1129 149 -1199 0 0 0 0 1 71 185 64 
-282 -833 -166 -909 622 -826 0 0 0 0 1 61 183 62 
-552 -940 -388 -643 1220 -782 0 0 0 0 1 61 183 67 
-675 -653 -745 -425 1517 -956 0 0 0 0 1 60 190 66 
-447 -381 -1070 -86 1798 -1220 0 0 0 0 1 53 185 57 
-234 -317 -1180 71 1844 -1446 0 0 0 0 1 54 186 58 
-194 -310 -1200 34 1666 -1675 0 0 0 0 1 50 182 59 
-222 -377 -1188 -226 1189 -2155 0 0 0 0 1 51 169 51 
-393 -538 -1230 -470 811 -2536 0 0 0 0 1 58 174 55 
-470 -635 -1479 -796 352 -3084 0 0 0 0 1 43 170 47 
-449 -573 -1802 -1010 367 -3528 0 0 0 0 1 71 160 61 
-449 -531 -1847 -1131 685 -3751 0 0 0 0 1 63 166 51 
-478 -135 -1879 -1273 925 -3934 0 0 0 0 1 69 170 57 
-492 -75 -1876 -1331 898 -3966 0 0 0 0 1 82 157 60 
-502 -17 -1877 -1341 804 -3960 0 0 0 0 1 80 159 51 
-1130 236 -1764 -1344 618 -4051 0 0 0 0 1 92 152 55 
-1474 212 -1670 -1402 188 -4224 0 0 0 0 1 103 134 58 
-1904 116 -1430 -1490 -37 -4335 0 0 0 0 1 96 144 65 
-2112 263 -1183 -1684 -154 -4456 0 0 0 0 1 107 138 77 
-2060 367 -1187 -1825 -81 -4364 0 0 0 0 1 117 127 69 
-1909 351 -1299 -1833 289 -4118 0 0 0 0 1 128 114 71 
-2286 478 -1277 -1809 550 -3977 0 0 0 0 1 121 123 71 
-2594 355 -1180 -1806 627 -3751 0 0 0 0 1 140 123 87 
-3115 69 -842 -1866 637 -3622 0 0 0 0 1 134 112 72 
-3401 -55 -627 -2029 802 -3498 0 0 0 0 1 143 120 83 
-3586 -21 -514 -2112 993 -3446 0 0 0 0 1 128 116 75 
-3658 86 -553 -2156 1272 -3383 0 0 0 0 1 141 103 79 
-3752 142 -652 -2155 1428 -3263 0 0 0 0 1 133 106 80 
-4006 85 -669 -2199 1504 -3057 0 0 0 0 1 136 100 76 
-4329 -258 -456 -2264 1493 -2828 0 0 0 0 1 126 99 66 
-4642 -535 -226 -2364 1543 -2423 0 0 0 0 1 127 105 76 
-4832 -589 -168 -2324 1684 -2064 0 0 0 0 1 130 111 80 
-4882 -612 -126 -2193 1769 -1819 0 0 0 0 1 119 114 66 
-4750 -561 -102 -1876 1807 -1431 0 0 0 0 1 129 105 67 
-4754 -466 -142 -1498 1499 -1120 0 0 0 0 1 116 109 66 
-4943 -674 -14 -1309 1136 -971 0 0 0 0 1 108 115 67 
-5102 -913 117 -1158 604 -834 0 0 0 0 1 113 107 60 
-5217 -1221 252 -1142 334 -804 0 0 0 0 1 112 121 73 
-5100 -1227 250 -1181 222 -821 0 0 0 0 1 113 105 62 
-4910 -1176 147 -1237 17 -857 0 0 0 0 1 113 112 60 
-4584 -1056 121 -1280 -75 -882 0 0 0 0 1 116 123 73 
-4511 -1055 125 -1376 -330 -953 0 0 0 0 1 115 120 76 
-4584 -1239 252 -1483 -589 -1051 0 0 0 0 1 112 114 80 
-4591 -1434 289 -1622 -926 -1270 0 0 0 0 1 126 121 71 
-4625 -1479 236 -1649 -1204 -1591 0 0 0 0 1 139 130 88 
-4573 -1467 -23 -1554 -1356 -1817 0 0 0 0 1 139 130 90 
-4516 -1450 -175 -1272 -1416 -2111 0 0 0 0 1 145 128 101 
-4248 -1416 -335 -976 -1214 -2275 0 0 0 0 1 151 122 109 
-3973 -1452 -221 -858 -1122 -2309 0 0 0 0 1 155 107 116 
-3758 -1485 -104 -826 -1170 -2287 0 0 0 0 1 162 105 111 
-3414 -1470 130 -893 -1327 -2174 0 0 0 0 1 169 110 118 
-3282 -1582 211 -933 -1487 -2021 0 0 0 0 1 184 103 116 
-3180 -1663 275 -916 -1563 -1713 0 0 0 0 1 180 94 131 
-3231 -1726 406 -818 -1420 -1464 0 0 0 0 1 198 95 135 
-3065 -1981 539 -522 -642 -832 0 0 0 0 1 195 83 137 
-2760 -2432 909 -243 431 -217 0 0 0 0 1 198 90 144 
-2696 -2523 981 437 2339 927 0 0 0 0 1 186 88 128 
-2999 -2482 1618 941 3399 1806 0 0 0 0 1 184 98 121 
-3129 -2104 2767 1644 2930 3748 0 0 0 0 1 171 89 105 
-3439 -1785 3179 3466 215 6267 0 0 0 0 1 159 114 101 
-4986 -1726 2591 5600 -817 7608 0 0 0 0 1 151 115 100 
-6627 -1650 2287 9094 -1519 8974 0 0 0 0 1 158 115 79 
-7359 -1336 2389 11376 -4083 10127 0 0 0 0 1 151 115 79 
-7364 -1202 2123 12132 -6692 11112 0 0 0 0 1 147 91 77 
-6930 -2055 607 13015 -8421 12965 0 0 0 0 1 153 112 86 
-6982 -3663 -2704 13790 -5604 14891 0 0 0 0 1 142 104 82 
-7613 -7110 -5236 13014 89 16363 0 0 0 0 1 135 116 66 
-7443 -7818 -5668 11497 3507 16755 0 0 0 0 1 110 125 53 
-5631 -10571 -7090 9152 7615 17000 0 0 0 0 1 80 127 30 
2431 -10895 -7459 7850 10765 17287 0 0 0 0 1 -23 115 -18 
3369 -8655 -2419 5760 10926 13946 0 0 0 0 1 -69 87 -15 
1340 -7829 2074 3477 2269 5055 0 0 0 0 1 -97 74 -26 
1513 -7749 4349 1211 -4076 -747 0 0 0 0 1 -87 66 -16 
1262 -6756 2568 -3788 -10693 -6349 0 0 0 0 1 -53 57 -31 
-1225 -4261 -1312 -8986 -10594 -8706 0 0 0 0 1 -12 77 -17 
-1255 -1899 -4403 -10518 -7882 -8627 0 0 0 0 1 47 120 18 
305 -1236 -4647 -9376 -4330 -6794 0 0 0 0 1 80 142 41 
866 -732 -1162 -6418 -900 -5061 0 0 0 0 1 88 148 66 
590 -359 -193 -4329 180 -4240 0 0 0 0 1 103 149 74 
548 -241 609 -2024 73 -2901 0 0 0 0 1 114 155 82 
590 -498 1108 -883 -282 -1545 0 0 0 0 1 125 159 83 
138 -740 272 -423 63 -964 0 0 0 0 1 117 164 97 
-286 -795 -304 8 1397 -691 0 0 0 0 1 121 163 80 
-608 -727 -853 137 2167 -712 0 0 0 0 1 119 138 75 
-700 -677 -1065 151 2735 -854 0 0 0 0 1 113 152 79 
-818 -540 -1197 43 2922 -1027 0 0 0 0 1 107 145 57 
-721 -553 -1310 -205 2944 -1269 0 0 0 0 1 106 157 67 
-507 -688 -1534 -483 2832 -1491 0 0 0 0 1 95 155 59 
-478 -803 -1588 -653 2813 -1660 0 0 0 0 1 92 142 60 
-441 -896 -1644 -806 2788 -1965 0 0 0 0 1 83 153 47 
-460 -919 -1789 -830 2723 -2223 0 0 0 0 1 86 143 45 
-531 -855 -1785 -825 2554 -2700 0 0 0 0 1 79 145 47 
-593 -801 -1801 -859 2342 -3241 0 0 0 0 1 71 128 36 
-697 -720 -1766 -985 2004 -3774 0 0 0 0 1 63 134 41 
-962 -709 -1804 -1119 1666 -4127 0 0 0 0 1 75 127 37 
-1223 -609 -1810 -1390 1134 -4643 0 0 0 0 1 76 126 26 
-1461 -429 -1779 -1619 760 -4917 0 0 0 0 1 80 122 37 
-1505 -115 -1690 -2035 230 -5084 0 0 0 0 1 84 112 39 
-1349 302 -2008 -2317 66 -4916 0 0 0 0 1 84 110 37 
-1450 364 -2110 -2373 307 -4745 0 0 0 0 1 101 100 44 
-1641 337 -2172 -2272 966 -4558 0 0 0 0 1 99 120 41 
-2149 170 -2061 -2134 1293 -4539 0 0 0 0 1 101 107 44 
-2573 115 -1843 -1996 1406 -4641 0 0 0 0 1 110 107 46 
-2995 208 -1480 -2025 1075 -4621 0 0 0 0 1 93 101 45 
-3087 266 -1013 -2167 720 -4419 0 0 0 0 1 103 98 41 
-3196 433 -728 -2479 -202 -3920 0 0 0 0 1 109 89 52 
-3234 597 -776 -2587 -748 -3542 0 0 0 0 1 107 96 57 
-3426 490 -1070 -2452 -850 -3103 0 0 0 0 1 104 94 52 
-3686 231 -1239 -2043 -59 -2862 0 0 0 0 1 120 98 55 
-3993 -330 -956 -1805 873 -2711 0 0 0 0 1 128 104 73 
-4146 -648 -636 -1650 2084 -2380 0 0 0 0 1 127 93 62 
-4270 -711 -167 -1725 2331 -1858 0 0 0 0 1 114 104 54 
-4199 -629 105 -1795 1997 -1425 0 0 0 0 1 107 104 52 
-4347 -488 -54 -1753 1405 -893 0 0 0 0 1 106 107 51 
-4499 -561 -163 -1541 1241 -672 0 0 0 0 1 94 107 58 
-4841 -985 -115 -1384 1418 -754 0 0 0 0 1 104 118 47 
-4996 -1247 -13 -1387 1492 -910 0 0 0 0 1 92 120 46 
-5101 -1464 214 -1581 1209 -1115 0 0 0 0 1 93 118 47 
-5094 -1577 292 -1730 725 -1168 0 0 0 0 1 93 114 57 
-5047 -1526 280 -1817 36 -1142 0 0 0 0 1 97 118 52 
-4926 -1448 -26 -1609 -326 -1068 0 0 0 0 1 89 120 58 
-4822 -1478 -144 -1347 -294 -1025 0 0 0 0 1 89 132 53 
-4743 -1545 -112 -965 -41 -972 0 0 0 0 1 99 127 62 
-4693 -1618 -83 -765 -50 -945 0 0 0 0 1 90 118 64 
-4615 -1640 -63 -574 -354 -915 0 0 0 0 1 104 123 64 
-4548 -1644 -136 -460 -695 -892 0 0 0 0 1 97 128 68 
-4406 -1491 -408 -339 -789 -882 0 0 0 0 1 101 132 67 
-4270 -1435 -525 -274 -780 -836 0 0 0 0 1 114 116 68 
-4182 -1326 -548 -229 -789 -726 0 0 0 0 1 106 134 81 
-3989 -1219 -641 -209 -809 -606 0 0 0 0 1 125 117 79 
-3873 -1182 -671 -177 -669 -382 0 0 0 0 1 121 131 84 
-3817 -1200 -625 -136 -527 -166 0 0 0 0 1 125 130 79 
-3939 -1283 -629 -68 -511 -63 0 0 0 0 1 126 123 80 
-4026 -1276 -648 109 -488 26 0 0 0 0 1 127 125 81 
-4150 -1235 -669 399 -454 80 0 0 0 0 1 123 126 84 
-4249 -1145 -584 602 -415 137 0 0 0 0 1 136 112 86 
-4452 -1152 -289 784 -500 298 0 0 0 0 1 138 116 82 
-4469 -1145 212 860 -600 637 0 0 0 0 1 132 110 81 
-3996 -794 344 1229 -851 1767 0 0 0 0 1 132 105 88 
-3822 -459 283 2183 -682 3385 0 0 0 0 1 133 121 82 
-3698 -142 541 3023 -179 4706 0 0 0 0 1 136 125 86 
-3733 -239 1241 4283 525 7036 0 0 0 0 1 132 120 83 
-4701 367 1472 6027 -892 9307 0 0 0 0 1 109 128 59 
-5688 810 1181 7492 -2892 10601 0 0 0 0 1 96 132 44 
-6026 369 713 9813 -5563 12059 0 0 0 0 1 100 123 43 
-6133 -1057 91 10869 -5673 12845 0 0 0 0 1 103 120 34 
-5946 -2261 -634 10996 -4645 13841 0 0 0 0 1 108 115 32 
-5737 -4824 -1239 9663 -4078 14869 0 0 0 0 1 94 110 25 
-5419 -6400 -2856 8935 -3144 15475 0 0 0 0 1 76 109 19 
-4812 -8340 -4224 8356 458 15770 0 0 0 0 1 53 116 22 
-2304 -9821 -5372 7947 3553 15241 0 0 0 0 1 34 106 1 
-32 -9050 -4748 6955 5840 12489 0 0 0 0 1 5 89 -10 
1271 -7946 -1966 5123 3169 6991 0 0 0 0 1 -34 82 -31 
1539 -6695 -115 3114 194 2864 0 0 0 0 1 -31 60 -24 
1306 -5832 -496 -1031 -2498 -1956 0 0 0 0 1 -40 53 -23 
785 -4386 -1011 -5719 -3771 -4168 0 0 0 0 1 -9 68 -20 
209 -3095 -1050 -8199 -4563 -4567 0 0 0 0 1 10 91 -3 
159 -2384 -1640 -9514 -4416 -4445 0 0 0 0 1 33 120 13 
393 -1886 -2353 -8041 -2720 -4186 0 0 0 0 1 43 145 26 
905 -1684 -2464 -6203 -1361 -3877 0 0 0 0 1 73 166 41 
1112 -1664 -2208 -3490 903 -3059 0 0 0 0 1 76 158 47 
829 -1686 -1312 -2256 2310 -2423 0 0 0 0 1 83 170 61 
394 -1651 -337 -1489 3571 -1790 0 0 0 0 1 64 187 64 
-237 -1511 459 -1368 3587 -1774 0 0 0 0 1 61 174 60 
-493 -1345 475 -1319 3287 -1971 0 0 0 0 1 58 181 48 
-484 -1171 208 -1138 2710 -2220 0 0 0 0 1 61 171 51 
-246 -874 -300 -921 2020 -2153 0 0 0 0 1 55 170 52 
-128 -653 -847 -824 1808 -1980 0 0 0 0 1 48 177 54 
-128 -628 -1164 -760 1895 -1657 0 0 0 0 1 60 180 54 
-170 -669 -1468 -790 2123 -1474 0 0 0 0 1 43 175 57 
-140 -777 -1605 -862 2536 -1288 0 0 0 0 1 53 172 54 
-374 -938 -1825 -846 2728 -1380 0 0 0 0 1 40 179 48 
-807 -933 -2001 -790 2720 -1652 0 0 0 0 1 29 180 52 
-985 -842 -2128 -661 2564 -2226 0 0 0 0 1 34 175 43 
-1139 -733 -2190 -599 2357 -2810 0 0 0 0 1 25 169 34 
-1007 -587 -2021 -650 2244 -3101 0 0 0 0 1 25 166 41 
-892 -450 -1820 -866 1880 -3427 0 0 0 0 1 22 170 38 
-919 -11 -1586 -1033 1526 -3622 0 0 0 0 1 27 160 38 
-1051 300 -1679 -1193 976 -3854 0 0 0 0 1 24 163 45 
-1330 359 -1863 -1166 671 -4099 0 0 0 0 1 34 170 45 
-2083 529 -2047 -1043 517 -4444 0 0 0 0 1 27 168 52 
-2235 570 -1904 -991 519 -4661 0 0 0 0 1 47 157 51 
-2231 605 -1656 -1033 678 -4832 0 0 0 0 1 49 154 48 
-2150 738 -1474 -1071 630 -4804 0 0 0 0 1 67 150 52 
-2207 927 -1418 -1124 360 -4596 0 0 0 0 1 62 150 57 
-2870 1020 -1392 -1181 -66 -4344 0 0 0 0 1 79 150 50 
-3275 1064 -1395 -1233 -241 -4217 0 0 0 0 1 82 144 46 
-3700 1057 -1451 -1298 -111 -4078 0 0 0 0 1 88 141 50 
-4075 945 -1490 -1320 376 -3963 0 0 0 0 1 76 126 47 
-4153 868 -1492 -1294 1510 -3682 0 0 0 0 1 92 120 58 
-4504 883 -894 -1397 2187 -3315 0 0 0 0 1 96 127 65 
-4731 776 -495 -1602 2040 -3015 0 0 0 0 1 88 126 54 
-5053 569 -79 -2055 1485 -2604 0 0 0 0 1 87 122 55 
-5540 302 256 -2413 1064 -2342 0 0 0 0 1 84 139 48 
-5688 125 315 -2498 842 -2214 0 0 0 0 1 100 128 54 
-5566 65 206 -2325 766 -2021 0 0 0 0 1 89 130 58 
-5127 105 -43 -2047 972 -1855 0 0 0 0 1 93 131 59 
-4793 120 -184 -1586 1370 -1559 0 0 0 0 1 90 143 54 
-4551 17 -69 -1425 1462 -1382 0 0 0 0 1 92 149 53 
-4668 -276 125 -1512 1135 -1248 0 0 0 0 1 80 137 60 
-5095 -887 595 -1876 634 -1382 0 0 0 0 1 84 147 69 
-5262 -1051 709 -2132 254 -1620 0 0 0 0 1 75 142 58 
-5196 -995 541 -2288 -574 -2035 0 0 0 0 1 70 147 79 
-4955 -870 331 -2106 -1312 -2346 0 0 0 0 1 99 147 93 
-4485 -790 -55 -1847 -1562 -2445 0 0 0 0 1 100 155 98 
-4170 -899 -404 -1399 -1408 -2459 0 0 0 0 1 114 145 87 
-4163 -1086 -438 -1113 -957 -2411 0 0 0 0 1 110 147 100 
-4216 -1461 -435 -1072 -684 -2362 0 0 0 0 1 125 149 90 
-4226 -1655 -199 -1269 -400 -2314 0 0 0 0 1 122 147 107 
-4190 -1762 -235 -1550 -443 -2302 0 0 0 0 1 140 131 108 
-4140 -1808 -267 -1697 -496 -2342 0 0 0 0 1 155 139 121 
-4067 -1863 -410 -1737 -464 -2466 0 0 0 0 1 159 126 117 
-3934 -1813 -527 -1576 -475 -2554 0 0 0 0 1 148 134 109 
-3761 -1921 -534 -1411 -452 -2547 0 0 0 0 1 155 134 137 
-3837 -2033 -466 -1139 -393 -2468 0 0 0 0 1 171 121 124 
-3907 -2321 -314 -840 -208 -2213 0 0 0 0 1 169 112 125 
-4371 -2689 -142 -446 249 -1928 0 0 0 0 1 172 107 132 
-4441 -2954 437 -219 770 -1572 0 0 0 0 1 187 106 126 
-3935 -2956 1424 95 1166 -122 0 0 0 0 1 178 109 126 
-3289 -2692 2011 724 798 1401 0 0 0 0 1 173 114 126 
-3536 -2304 1978 2832 -270 3932 0 0 0 0 1 176 103 116 
-4079 -2092 1611 6161 -1278 6582 0 0 0 0 1 172 117 116 
-5056 -2299 1655 8444 -1656 8236 0 0 0 0 1 156 109 110 
-5748 -2265 1364 11157 -2711 10460 0 0 0 0 1 163 109 101 
-6541 -2274 1124 12193 -3668 11738 0 0 0 0 1 158 117 95 
-7003 -2168 591 12833 -5170 13564 0 0 0 0 1 133 123 80 
-6647 -2865 -975 13086 -6001 16057 0 0 0 0 1 138 118 71 
-7111 -5267 -3663 13441 -4553 17536 0 0 0 0 1 127 120 62 
-7205 -8094 -5530 13154 964 18833 0 0 0 0 1 87 130 39 
-6232 -9531 -5758 10943 6331 19099 0 0 0 0 1 61 132 18 
-540 -12238 -5421 9018 8741 18932 0 0 0 0 1 11 125 9 
4184 -12556 -3489 6188 8011 15801 0 0 0 0 1 -50 101 -24 
1851 -10848 1735 3528 -381 5600 0 0 0 0 1 -80 83 -23 
376 -7899 1545 615 -6213 -1635 0 0 0 0 1 -86 69 -24 
1399 -5750 -1637 -5553 -9499 -7139 0 0 0 0 1 -15 79 -19 
969 -3019 -4504 -10290 -7812 -7790 0 0 0 0 1 21 107 -9 
-308 -1128 -4596 -11062 -6459 -7326 0 0 0 0 1 43 133 22 
435 -1135 -3668 -9219 -4263 -5932 0 0 0 0 1 75 144 34 
721 -1136 -1075 -5775 -1357 -4803 0 0 0 0 1 87 169 62 
835 -878 -355 -3509 47 -4129 0 0 0 0 1 120 164 97 
993 -657 524 -1223 1032 -2900 0 0 0 0 1 112 175 87 
952 -350 1164 -249 839 -1527 0 0 0 0 1 120 166 90 
900 -561 1431 46 684 -667 0 0 0 0 1 112 168 87 
594 -362 743 774 636 219 0 0 0 0 1 117 159 86 
412 -271 -546 1449 1033 613 0 0 0 0 1 116 163 82 
364 -269 -910 2161 2020 1039 0 0 0 0 1 117 164 67 
163 -411 -913 2173 2386 1179 0 0 0 0 1 100 148 71 
-143 -475 -873 1874 2149 1049 0 0 0 0 1 82 152 46 
-107 -536 -985 1277 1751 686 0 0 0 0 1 80 139 46 
126 -632 -1429 951 1737 410 0 0 0 0 1 80 149 34 
226 -648 -1672 675 2068 -33 0 0 0 0 1 74 148 43 
249 -721 -1976 635 2321 -324 0 0 0 0 1 70 144 37 
237 -741 -2038 704 2612 -707 0 0 0 0 1 62 143 38 
67 -775 -1969 799 2503 -1067 0 0 0 0 1 49 137 23 
-218 -805 -1958 831 2247 -1309 0 0 0 0 1 41 109 17 
-563 -795 -2147 846 1883 -1720 0 0 0 0 1 29 123 10 
-721 -756 -2321 802 1795 -2149 0 0 0 0 1 35 117 -2 
-782 -624 -2363 724 1867 -2375 0 0 0 0 1 35 98 16 
-748 -532 -2335 589 1824 -2534 0 0 0 0 1 28 105 11 
-780 -351 -2336 527 1775 -2538 0 0 0 0 1 30 100 6 
-1091 -235 -2429 558 1726 -2587 0 0 0 0 1 25 93 -4 
-1365 -179 -2575 726 1477 -2726 0 0 0 0 1 16 83 6 
-1532 -155 -2833 892 1326 -2769 0 0 0 0 1 15 69 -8 
-1183 -162 -2990 1140 1433 -2583 0 0 0 0 1 9 68 -2 
-1353 18 -2928 1265 1950 -2305 0 0 0 0 1 11 66 0 
-1270 -8 -2959 1309 2308 -2044 0 0 0 0 1 7 58 -9 
-1458 108 -2807 1288 2660 -1785 0 0 0 0 1 -16 53 -11 
-2117 248 -2629 1263 2577 -1781 0 0 0 0 1 -17 35 -15 
-2420 338 -2564 1285 1987 -1893 0 0 0 0 1 -29 30 -19 
-2606 308 -2654 1444 1240 -1925 0 0 0 0 1 -40 14 -9 
-2379 375 -3006 1660 920 -1820 0 0 0 0 1 -37 14 -18 
-2168 529 -3287 2094 977 -1473 0 0 0 0 1 -49 17 -20 
-2030 660 -3268 2467 1604 -1064 0 0 0 0 1 -47 2 -23 
-2293 801 -3317 2628 2035 -939 0 0 0 0 1 -58 -17 -16 
-2789 880 -3197 2648 2091 -1120 0 0 0 0 1 -63 -24 -13 
-3383 928 -2760 2380 1272 -1638 0 0 0 0 1 -68 -46 -23 
-3543 964 -2490 2099 453 -1998 0 0 0 0 1 -83 -50 -3 
-3365 979 -2204 1617 -819 -2335 0 0 0 0 1 -75 -53 -16 
-3253 1068 -2369 1211 -1748 -2429 0 0 0 0 1 -84 -68 -6 
-2952 1077 -2179 976 -2115 -2365 0 0 0 0 1 -80 -63 -9 
-3066 1018 -2009 672 -2673 -2292 0 0 0 0 1 -68 -63 -13 
