Data Quantity : 14  Accelerometer : 3  Gyroscope : 3  FSR : 5







-214 1700 -1231 210 -152 -443 0 0 0 0 1 -104 148 61 
-321 1677 -1426 220 -143 -493 0 0 0 0 1 -117 157 55 
-389 1732 -1478 259 -167 -569 0 0 0 0 1 -99 144 58 
-435 1728 -1509 318 -268 -661 0 0 0 0 1 -110 149 58 
-453 1681 -1527 362 -373 -725 0 0 0 0 1 -113 149 62 
-437 1677 -1533 429 -505 -810 0 0 0 0 1 -94 144 53 
-446 1706 -1528 487 -539 -874 0 0 0 0 1 -90 148 47 
-437 1771 -1501 529 -492 -914 0 0 0 0 1 -89 142 58 
-429 1857 -1471 534 -389 -921 0 0 0 0 1 -84 149 58 
-413 1854 -1454 511 -210 -922 0 0 0 0 1 -87 134 60 
-393 1791 -1432 452 -121 -898 0 0 0 0 1 -87 142 39 
-394 1684 -1445 408 -108 -881 0 0 0 0 1 -74 141 43 
-410 1644 -1475 349 -64 -852 0 0 0 0 1 -75 157 41 
-450 1614 -1550 317 -22 -830 0 0 0 0 1 -73 139 41 
-494 1502 -1621 308 -6 -816 0 0 0 0 1 -68 147 53 
-546 1372 -1662 319 -25 -805 0 0 0 0 1 -68 144 39 
-74 1151 -1941 354 23 -704 0 0 0 0 1 -61 134 44 
-607 1531 -1456 345 86 -610 0 0 0 0 1 -63 137 30 
-527 1370 -1340 294 -134 -525 0 0 0 0 1 -67 148 40 
-538 1279 -1507 245 -261 -454 0 0 0 0 1 -56 152 41 
-411 1081 -1452 115 -127 -300 0 0 0 0 1 -66 147 37 
-433 1074 -1435 39 15 -191 0 0 0 0 1 -56 137 39 
-465 1112 -1419 -63 24 -34 0 0 0 0 1 -70 157 32 
-517 1301 -1398 -157 -196 119 0 0 0 0 1 -68 147 34 
-484 1227 -1398 -212 -277 215 0 0 0 0 1 -61 152 37 
-606 1355 -1464 -247 -245 297 0 0 0 0 1 -63 139 44 
-643 1398 -1483 -255 -195 337 0 0 0 0 1 -60 163 26 
-697 1458 -1513 -228 -230 348 0 0 0 0 1 -55 143 36 
-736 1500 -1542 -167 -310 319 0 0 0 0 1 -66 169 34 
-750 1594 -1551 -100 -320 264 0 0 0 0 1 -50 160 33 
-660 1489 -1463 -66 -278 237 0 0 0 0 1 -63 164 39 
-628 1463 -1403 -44 -202 190 0 0 0 0 1 -54 161 34 
-666 1439 -1408 -29 -162 151 0 0 0 0 1 -58 171 30 
-665 1457 -1355 -38 -164 89 0 0 0 0 1 -51 171 23 
-622 1433 -1280 -78 -247 42 0 0 0 0 1 -48 168 33 
-587 1351 -1259 -106 -272 15 0 0 0 0 1 -38 165 31 
-573 1294 -1248 -136 -208 -13 0 0 0 0 1 -41 170 31 
-589 1427 -1295 -141 -177 -53 0 0 0 0 1 -43 170 33 
-703 1904 -1402 -184 -538 -373 0 0 0 0 1 -48 172 29 
-664 2134 -1354 -279 -537 -930 0 0 0 0 1 -31 175 26 
-607 1683 -1380 -290 -139 -1194 0 0 0 0 1 -37 176 32 
-710 1545 -1370 -243 324 -1451 0 0 0 0 1 -33 176 32 
-900 1202 -1477 -145 418 -1548 0 0 0 0 1 -30 174 32 
-647 838 -1185 45 260 -1436 0 0 0 0 1 -35 171 18 
-780 1237 -927 371 -440 -1484 0 0 0 0 1 -29 175 22 
-1377 1326 -1662 790 -1747 -1766 0 0 0 0 1 -14 169 23 
-1423 1247 -1733 1010 -2563 -1972 0 0 0 0 1 -7 171 23 
-858 1564 -2331 1178 -1816 -2133 0 0 0 0 1 3 153 22 
-195 1936 -1259 1051 -518 -2105 0 0 0 0 1 12 153 19 
-707 1679 -1057 821 96 -1806 0 0 0 0 1 15 158 17 
-634 599 -1776 861 -41 -1049 0 0 0 0 1 23 139 11 
91 806 -1413 839 131 -453 0 0 0 0 1 27 138 1 
-1312 1598 -1260 728 581 -208 0 0 0 0 1 22 143 3 
-1896 1256 -534 514 406 -325 0 0 0 0 1 25 144 -9 
-1454 1258 -38 -59 -741 -454 0 0 0 0 1 22 143 -3 
-1915 1298 -575 -533 -969 -677 0 0 0 0 1 16 147 0 
-2251 1573 -1335 -638 -550 -855 0 0 0 0 1 30 149 -2 
-1920 1462 -2505 -499 670 -903 0 0 0 0 1 31 148 1 
-874 1044 -2133 -427 1037 -725 0 0 0 0 1 23 147 0 
-527 906 -2097 -272 1397 -452 0 0 0 0 1 15 143 -1 
-1074 948 -2187 14 1611 -509 0 0 0 0 1 12 143 -1 
-1807 867 -2556 357 1915 -837 0 0 0 0 1 3 141 3 
-2703 1134 -1391 761 2576 -1856 0 0 0 0 1 4 122 -2 
-3542 680 -1711 1037 2595 -2721 0 0 0 0 1 -9 127 -11 
-3391 1117 -1482 1432 2846 -4262 0 0 0 0 1 -10 116 -8 
-2532 1480 -41 1324 3573 -5019 0 0 0 0 1 -16 115 -16 
-761 1485 670 814 4703 -5383 0 0 0 0 1 -33 110 -16 
390 426 -620 791 4641 -5138 0 0 0 0 1 -60 109 -19 
2393 -1010 -1805 936 4128 -4517 0 0 0 0 1 -54 100 -9 
-735 -621 -1255 832 2809 -4634 0 0 0 0 1 -62 91 -19 
-1173 556 -760 605 1994 -4961 0 0 0 0 1 -58 98 -11 
-1269 345 -1190 441 963 -5302 0 0 0 0 1 -71 89 -12 
-928 -32 -1973 512 977 -5537 0 0 0 0 1 -63 95 -13 
-1288 217 -2064 571 1730 -5792 0 0 0 0 1 -55 94 -19 
-1427 -1 -2205 737 2815 -6154 0 0 0 0 1 -70 93 -6 
-1645 -227 -2227 842 3176 -6375 0 0 0 0 1 -80 80 -11 
-1782 -325 -2034 903 3428 -6742 0 0 0 0 1 -74 99 -12 
-2017 -658 -2190 973 3375 -7038 0 0 0 0 1 -82 93 -11 
-2239 -717 -2250 1049 2953 -7579 0 0 0 0 1 -80 78 -16 
-2368 -751 -1769 914 2285 -7860 0 0 0 0 1 -93 96 -3 
-2354 -972 -1768 564 1043 -8066 0 0 0 0 1 -88 89 -15 
-2496 -1203 -2174 403 515 -8180 0 0 0 0 1 -74 84 -10 
-2670 -1445 -2767 521 378 -8315 0 0 0 0 1 -57 84 -15 
-2916 -1872 -3363 959 373 -8251 0 0 0 0 1 -53 101 -8 
-3686 -2670 -3672 1296 188 -8161 0 0 0 0 1 -44 105 -6 
-4305 -3317 -3554 1643 -105 -8014 0 0 0 0 1 -36 99 -8 
-5472 -4840 -2642 1711 -248 -7485 0 0 0 0 1 -23 85 -4 
-6468 -6915 -1063 1872 -626 -6352 0 0 0 0 1 -20 72 -17 
-7644 -8354 -1122 3950 -3675 -2438 0 0 0 0 1 -3 77 -22 
-7333 -9719 -3964 10196 -8107 4744 0 0 0 0 1 18 24 -30 
-5776 -8777 -5731 17581 -6855 12018 0 0 0 0 1 50 -15 -12 
-3736 -9356 -5073 19864 -8352 16323 0 0 0 0 1 77 -58 -11 
-3796 -10719 -2281 19015 -10907 20582 0 0 0 0 1 108 -90 27 
-4292 -11567 -9090 18277 -4948 24213 0 0 0 0 1 160 -93 55 
-5681 -9046 -10262 17150 -140 27421 0 0 0 0 1 192 -25 77 
-8395 -7527 -9147 14935 4282 32505 0 0 0 0 1 188 46 69 
-13547 -8816 -6749 13552 6266 32767 0 0 0 0 1 143 107 48 
-16760 -13118 -1101 13021 6181 32767 0 0 0 0 1 83 158 22 
-13778 -15079 5166 11299 1832 29484 0 0 0 0 1 29 163 1 
-4940 -16259 8991 9934 -4272 23722 0 0 0 0 1 -27 141 -10 
-550 -16042 8767 6726 -9825 12590 0 0 0 0 1 -27 111 -15 
721 -12298 -728 3010 -6423 383 0 0 0 0 1 9 85 -18 
-2600 -4325 -9493 1192 -498 -5908 0 0 0 0 1 22 65 -5 
-2763 -3820 -8664 -1292 5373 -8011 0 0 0 0 1 31 69 -10 
17 -4926 -1693 -4065 4888 -6074 0 0 0 0 1 12 55 -8 
-94 -3113 2155 -9299 1122 -3669 0 0 0 0 1 12 72 -10 
-701 -364 3440 -12805 -2786 -1965 0 0 0 0 1 3 114 5 
615 -255 683 -13004 -3925 -464 0 0 0 0 1 31 177 47 
1258 -689 -1784 -10215 -3440 1346 0 0 0 0 1 36 197 73 
1302 -1292 -3634 -5874 -887 1904 0 0 0 0 1 38 219 87 
1810 -1567 -3002 -3287 1449 1967 0 0 0 0 1 30 240 102 
1120 -1053 -1737 -699 4611 1182 0 0 0 0 1 33 233 111 
72 -267 -630 337 5593 291 0 0 0 0 1 16 247 111 
158 -78 -102 1230 5179 -821 0 0 0 0 1 16 230 102 
236 101 733 1445 4170 -1284 0 0 0 0 1 0 240 104 
547 59 818 1417 2219 -1514 0 0 0 0 1 2 233 93 
652 -154 157 1334 1148 -1562 0 0 0 0 1 1 226 94 
159 -308 -330 1256 369 -1904 0 0 0 0 1 -1 219 91 
174 36 -319 1119 469 -2329 0 0 0 0 1 5 214 84 
134 455 -146 907 1324 -2461 0 0 0 0 1 15 209 84 
255 583 175 526 3126 -2542 0 0 0 0 1 10 209 68 
270 -144 131 250 4254 -2370 0 0 0 0 1 9 210 72 
803 39 220 -252 4856 -1948 0 0 0 0 1 2 208 83 
564 21 117 -578 4495 -1806 0 0 0 0 1 -1 199 68 
239 -45 588 -1178 3680 -1934 0 0 0 0 1 -11 210 74 
-113 187 407 -1407 3020 -2188 0 0 0 0 1 -3 207 64 
-191 222 -158 -1359 2033 -2594 0 0 0 0 1 -18 215 81 
-265 551 -747 -1058 1580 -2905 0 0 0 0 1 -8 222 82 
-300 985 -952 -872 2000 -3027 0 0 0 0 1 -5 224 71 
49 1235 -928 -621 3055 -2915 0 0 0 0 1 -3 214 77 
831 966 -843 -309 3442 -2410 0 0 0 0 1 -2 228 74 
755 559 -554 -90 3232 -2138 0 0 0 0 1 -2 220 83 
-79 722 -286 234 2318 -2388 0 0 0 0 1 -7 223 83 
-1537 1284 -411 525 1180 -3348 0 0 0 0 1 -3 212 75 
-1854 1527 -462 577 759 -3955 0 0 0 0 1 -8 204 75 
-1563 1370 -661 398 1026 -4337 0 0 0 0 1 11 210 79 
-1019 1442 -657 165 1871 -4204 0 0 0 0 1 21 210 72 
-649 1588 -558 -63 3212 -3621 0 0 0 0 1 16 198 74 
-668 1804 -698 6 3588 -3189 0 0 0 0 1 35 193 69 
-863 1180 -825 364 3101 -2631 0 0 0 0 1 23 198 62 
-1619 1752 -632 581 2455 -2468 0 0 0 0 1 21 196 62 
-2022 2242 -628 829 1445 -2532 0 0 0 0 1 16 188 51 
-2729 1277 -1460 7 1571 -3752 0 0 0 0 1 5 104 1 
-2603 1094 -2086 -249 1990 -3416 0 0 0 0 1 7 122 -4 
-3017 1084 -2279 -287 2597 -3259 0 0 0 0 1 -2 107 -4 
-3710 1234 -2210 -199 2605 -3557 0 0 0 0 1 -11 115 2 
-3785 1189 -1949 -190 2313 -3794 0 0 0 0 1 -9 110 -9 
-3630 1062 -1691 -354 1699 -4013 0 0 0 0 1 -14 105 -11 
-3335 887 -1432 -545 1327 -4067 0 0 0 0 1 0 112 -9 
-3124 666 -1357 -838 933 -4084 0 0 0 0 1 -10 111 -8 
-3019 510 -1331 -1051 660 -4116 0 0 0 0 1 -8 111 -19 
-2960 340 -1439 -1104 542 -4181 0 0 0 0 1 0 112 -9 
-2881 333 -1536 -1038 528 -4287 0 0 0 0 1 -2 117 -11 
-2574 343 -1664 -825 599 -4234 0 0 0 0 1 15 121 -8 
-2322 129 -1759 -622 678 -4120 0 0 0 0 1 15 118 -12 
-2235 -8 -1743 -307 866 -3962 0 0 0 0 1 15 109 -10 
-2334 -26 -1704 -109 884 -3950 0 0 0 0 1 33 112 -9 
-2488 -161 -1657 129 629 -4125 0 0 0 0 1 24 114 -1 
-2706 -406 -1472 235 190 -4507 0 0 0 0 1 31 101 -19 
-2885 -706 -1269 230 -127 -4836 0 0 0 0 1 28 100 -6 
-2983 -984 -1195 123 -525 -5383 0 0 0 0 1 46 96 -17 
-3028 -1448 -1083 -22 -669 -5722 0 0 0 0 1 47 78 -6 
-3267 -1926 -1050 -309 -898 -6257 0 0 0 0 1 55 82 1 
-4113 -2772 -949 -754 -1112 -6998 0 0 0 0 1 60 74 -3 
-4946 -3459 -1004 -1162 -1042 -7553 0 0 0 0 1 68 73 -2 
-5977 -3598 -194 -2350 -972 -8203 0 0 0 0 1 88 57 -1 
-6370 -4368 1419 -3410 -1578 -7856 0 0 0 0 1 100 57 8 
-7062 -5659 816 -3311 -2609 -5913 0 0 0 0 1 109 74 12 
-8664 -8180 637 954 -2888 -2908 0 0 0 0 1 102 52 5 
-10508 -8168 -829 6978 -4695 -694 0 0 0 0 1 125 51 13 
-9357 -7847 -567 17228 -7531 3550 0 0 0 0 1 133 23 22 
-7404 -7013 -1586 22350 -9436 6775 0 0 0 0 1 148 -19 39 
-6597 -8491 -3438 25937 -9637 12027 0 0 0 0 1 205 -80 102 
-6324 -9733 -5803 25535 -5116 18418 0 0 0 0 1 219 -71 125 
-7292 -8668 -7441 24938 -543 23097 0 0 0 0 1 231 -26 135 
-11852 -6820 -8014 24837 5440 29282 0 0 0 0 1 235 56 130 
-16807 -8806 -6459 24552 8752 31373 0 0 0 0 1 194 128 94 
-18873 -12452 -1459 22756 9842 31201 0 0 0 0 1 135 158 52 
-15072 -12995 3247 20343 8370 28655 0 0 0 0 1 66 159 2 
-6366 -12309 9659 14790 2799 20916 0 0 0 0 1 10 126 -24 
-404 -14524 10189 10813 -3981 13216 0 0 0 0 1 -30 83 -46 
3154 -14468 5370 4270 -5374 -217 0 0 0 0 1 3 38 -33 
1452 -7264 -1530 115 -1913 -7263 0 0 0 0 1 14 12 -20 
-3542 -2094 -3238 -4112 1135 -13379 0 0 0 0 1 22 18 -24 
-4260 -770 -5038 -6555 1438 -13251 0 0 0 0 1 14 19 -16 
1175 -357 -1155 -171 5229 -588 0 0 0 0 1 57 256 138 
763 9 -628 990 5963 -804 0 0 0 0 1 41 258 133 
477 342 -109 2081 5783 -903 0 0 0 0 1 43 248 124 
301 526 462 2360 5048 -789 0 0 0 0 1 43 239 122 
225 495 606 2257 3480 -473 0 0 0 0 1 29 231 98 
89 302 617 1806 2150 -194 0 0 0 0 1 11 223 90 
-9 237 354 1434 1746 -77 0 0 0 0 1 11 220 95 
152 234 98 916 1938 49 0 0 0 0 1 8 222 87 
32 166 -252 638 2407 35 0 0 0 0 1 11 210 79 
199 315 -406 242 3410 -44 0 0 0 0 1 2 215 79 
520 348 -223 -36 3989 -85 0 0 0 0 1 -4 220 74 
411 243 -59 -307 4082 -274 0 0 0 0 1 -20 212 77 
124 374 -191 -326 3624 -497 0 0 0 0 1 -22 222 77 
-56 532 -151 -231 2658 -928 0 0 0 0 1 -36 207 80 
-62 668 -109 -48 1853 -1219 0 0 0 0 1 -35 213 76 
220 595 -496 166 1482 -1239 0 0 0 0 1 -34 214 66 
360 540 -696 555 1325 -1114 0 0 0 0 1 -38 217 73 
330 847 -826 797 1555 -1050 0 0 0 0 1 -35 210 69 
239 977 -850 1096 2222 -1121 0 0 0 0 1 -42 206 69 
55 1173 -639 1217 2665 -1308 0 0 0 0 1 -40 208 65 
-151 1436 -466 1241 3285 -1907 0 0 0 0 1 -41 199 64 
-566 1712 -249 1239 2972 -2577 0 0 0 0 1 -49 206 44 
-490 1539 -271 1238 2464 -2881 0 0 0 0 1 -53 207 52 
-427 1506 -277 1210 1831 -3067 0 0 0 0 1 -49 193 58 
-741 1664 -376 1195 1607 -3129 0 0 0 0 1 -51 188 48 
-1003 1865 -505 1178 1490 -3224 0 0 0 0 1 -36 177 47 
-1172 2097 -627 1153 1597 -3285 0 0 0 0 1 -37 176 41 
-1215 2329 -857 1162 1612 -3297 0 0 0 0 1 -27 190 45 
-1098 2321 -1094 1271 1521 -3212 0 0 0 0 1 -37 164 44 
-840 2109 -1463 1431 1647 -3072 0 0 0 0 1 -34 177 31 
-804 1970 -1674 1821 2180 -2885 0 0 0 0 1 -25 169 27 
-1598 1961 -1844 2125 2573 -2965 0 0 0 0 1 -35 171 30 
-2324 2149 -1950 2532 3035 -3340 0 0 0 0 1 -34 150 19 
-2736 2161 -1949 2765 3131 -3823 0 0 0 0 1 -36 148 17 
-3017 2197 -1857 2682 2791 -4201 0 0 0 0 1 -48 126 8 
-2610 2080 -1787 2454 2404 -4247 0 0 0 0 1 -37 120 0 
-2297 1870 -1796 1977 1886 -4015 0 0 0 0 1 -34 109 -3 
-1928 1497 -1775 1479 1707 -3671 0 0 0 0 1 -57 111 -10 
-2507 1344 -1936 1213 1575 -3648 0 0 0 0 1 -42 93 -9 
-3187 1326 -1907 820 1133 -4122 0 0 0 0 1 -38 104 -12 
-3796 1392 -1898 552 858 -4608 0 0 0 0 1 -51 90 -6 
-3665 1281 -1945 183 734 -5136 0 0 0 0 1 -42 83 -4 
-3295 1140 -1972 -135 823 -5319 0 0 0 0 1 -40 88 -20 
-3011 1230 -1864 -330 851 -5287 0 0 0 0 1 -36 91 -8 
-2704 1234 -1777 -577 690 -5052 0 0 0 0 1 -25 95 -18 
-2498 1051 -1735 -693 429 -4813 0 0 0 0 1 -36 89 -19 
-2396 976 -1654 -825 -24 -4428 0 0 0 0 1 -22 101 -17 
-2427 985 -1826 -792 -43 -4129 0 0 0 0 1 -17 91 -10 
-2283 814 -2072 -635 371 -3923 0 0 0 0 1 -25 100 -25 
-2220 662 -2105 -266 1251 -3613 0 0 0 0 1 -20 104 -15 
-2257 454 -1992 -211 -1348 -6272 0 0 0 0 1 38 74 -22 
-4081 -1679 -1057 -426 -1547 -6600 0 0 0 0 1 48 65 -10 
-5471 -2258 -98 -1316 -2633 -7227 0 0 0 0 1 66 58 -6 
-6856 -2491 1138 -3229 -4242 -7776 0 0 0 0 1 88 60 -3 
-8419 -3486 1957 -4427 -4904 -7039 0 0 0 0 1 101 61 18 
-8699 -5754 -120 -1381 -4126 -4508 0 0 0 0 1 108 73 23 
-8898 -7025 -659 3599 -4089 -2084 0 0 0 0 1 119 69 17 
-8998 -5415 393 12988 -6058 2113 0 0 0 0 1 132 56 32 
-7541 -5244 71 18340 -8621 5393 0 0 0 0 1 166 -6 66 
-6502 -6574 -239 22177 -9929 10432 0 0 0 0 1 192 -28 80 
-6359 -7818 -2633 21874 -8049 15461 0 0 0 0 1 218 -33 110 
-7084 -6446 -4466 21212 -5636 19430 0 0 0 0 1 227 -11 133 
-9784 -5821 -6745 22718 -695 25411 0 0 0 0 1 231 36 132 
-16665 -8219 -7470 25337 5050 29196 0 0 0 0 1 213 96 122 
-18762 -10712 -3719 25617 9211 30332 0 0 0 0 1 108 174 30 
-15311 -11317 1461 22024 10747 29190 0 0 0 0 1 31 141 -10 
-7470 -11141 10102 18101 3405 25241 0 0 0 0 1 -17 84 -33 
-2277 -13289 13914 11926 -9466 14356 0 0 0 0 1 -5 50 -47 
3438 -15267 6447 5553 -9722 3029 0 0 0 0 1 25 19 -25 
1427 -8593 -2038 1403 -4867 -3717 0 0 0 0 1 51 9 -18 
-3996 -2467 -5309 -2326 736 -11672 0 0 0 0 1 67 1 -3 
-5913 272 -8184 -2677 2911 -13221 0 0 0 0 1 57 -23 -8 
-2672 -2978 -5608 -3514 6571 -10040 0 0 0 0 1 35 -17 -2 
-1184 -2976 -238 -6016 6031 -5906 0 0 0 0 1 3 -11 -17 
-1422 -773 1782 -9265 1003 -2713 0 0 0 0 1 -12 6 -19 
-871 411 2736 -11357 -1705 -827 0 0 0 0 1 -8 38 -26 
-953 930 1862 -13111 -3709 1135 0 0 0 0 1 0 83 -13 
-1112 962 1 -13177 -3745 1734 0 0 0 0 1 14 125 0 
-955 646 -749 -12038 -2364 1753 0 0 0 0 1 22 202 52 
-275 -8 -1546 -10638 -995 1397 0 0 0 0 1 30 218 74 
161 -546 -1875 -7750 1130 610 0 0 0 0 1 21 237 104 
449 -823 -1853 -4497 2983 -271 0 0 0 0 1 21 242 111 
541 -583 -1588 -2416 3714 -740 0 0 0 0 1 11 252 123 
504 -421 -1229 164 4089 -1068 0 0 0 0 1 11 260 130 
572 -257 -828 1374 4045 -1054 0 0 0 0 1 -7 255 125 
252 211 -289 2150 3953 -984 0 0 0 0 1 -2 257 114 
225 497 154 2593 3903 -839 0 0 0 0 1 2 255 100 
285 552 604 2254 3979 -679 0 0 0 0 1 -4 237 86 
360 540 1175 1657 3974 -579 0 0 0 0 1 -7 225 88 
340 343 1669 579 3596 -492 0 0 0 0 1 -12 224 89 
232 181 1468 -7 3105 -493 0 0 0 0 1 -25 228 76 
157 151 1038 -359 2530 -534 0 0 0 0 1 -43 234 91 
100 255 238 -404 1640 -649 0 0 0 0 1 -38 222 84 
0 543 -146 -69 1157 -903 0 0 0 0 1 -30 228 81 
38 898 -470 241 1235 -1106 0 0 0 0 1 -37 223 86 
212 886 -602 728 1741 -1283 0 0 0 0 1 -29 229 87 
634 840 -697 1030 2179 -1283 0 0 0 0 1 -31 222 82 
889 912 -738 1479 2870 -1177 0 0 0 0 1 -37 233 83 
849 1099 -773 1956 3303 -1199 0 0 0 0 1 -42 220 88 
405 1286 -908 2281 3280 -1355 0 0 0 0 1 -42 218 69 
193 1382 -871 2605 2945 -1733 0 0 0 0 1 -47 208 65 
-216 1521 -721 2657 2703 -2081 0 0 0 0 1 -48 199 50 
-464 1718 -701 2537 2577 -2682 0 0 0 0 1 -55 182 52 
-449 1817 -629 2346 2667 -3001 0 0 0 0 1 -54 183 48 
-196 1779 -661 2037 2800 -3193 0 0 0 0 1 -53 175 38 
-138 1746 -890 1850 2583 -3235 0 0 0 0 1 -61 169 41 
-612 2014 -1009 1787 2199 -3353 0 0 0 0 1 -50 163 38 
-1152 2250 -1016 1694 1435 -3817 0 0 0 0 1 -58 161 23 
-1554 2534 -1098 1608 994 -4179 0 0 0 0 1 -51 164 30 
-1513 2441 -1232 1449 684 -4518 0 0 0 0 1 -47 157 25 
-1392 2284 -1631 1382 756 -4606 0 0 0 0 1 -34 148 22 
-1743 2421 -2228 1460 1050 -4622 0 0 0 0 1 -21 137 18 
-1940 2545 -2491 1696 1781 -4629 0 0 0 0 1 -22 123 8 
-2623 2680 -2514 1828 2429 -4732 0 0 0 0 1 -18 112 11 
-2811 2760 -2108 1714 2649 -4735 0 0 0 0 1 -27 126 3 
-2660 2407 -1927 1263 2374 -4461 0 0 0 0 1 -30 117 -6 
-2332 1933 -1663 621 1886 -4033 0 0 0 0 1 -33 105 -11 
-2920 1561 -1719 243 1615 -3958 0 0 0 0 1 -31 101 -15 
-3724 1565 -1760 -213 1136 -4429 0 0 0 0 1 -37 105 -4 
-4215 1588 -1720 -473 838 -4920 0 0 0 0 1 -30 103 -11 
-4087 1424 -1665 -824 470 -5528 0 0 0 0 1 -17 106 -5 
-3725 1254 -1546 -1164 139 -5853 0 0 0 0 1 -16 110 -6 
-3306 1174 -1345 -1404 -121 -5890 0 0 0 0 1 -11 117 -16 
-2996 1111 -1224 -1743 -529 -5695 0 0 0 0 1 0 110 -4 
-2595 988 -1185 -1903 -750 -5424 0 0 0 0 1 15 126 1 
-2401 853 -1275 -1947 -895 -4909 0 0 0 0 1 11 120 0 
-2289 677 -1512 -1728 -594 -4423 0 0 0 0 1 46 133 5 
-2167 489 -1560 -1482 -116 -4152 0 0 0 0 1 36 128 5 
-2103 359 -1541 -1042 760 -3822 0 0 0 0 1 43 128 10 
-2101 168 -1461 -743 1237 -3672 0 0 0 0 1 46 131 8 
-2143 66 -1335 -375 1559 -3584 0 0 0 0 1 60 133 10 
-2459 -62 -1102 -188 1225 -3750 0 0 0 0 1 44 130 13 
-2714 -137 -1000 -174 732 -3988 0 0 0 0 1 58 115 13 
-2848 -254 -837 -283 -2 -4423 0 0 0 0 1 56 127 2 
-2925 -467 -918 -379 -359 -4734 0 0 0 0 1 70 107 16 
-2862 -559 -1125 -447 -481 -5163 0 0 0 0 1 75 98 11 
-2864 -639 -1197 -407 -276 -5538 0 0 0 0 1 74 94 17 
-3006 -807 -1386 -304 -120 -5766 0 0 0 0 1 80 93 13 
-2970 -995 -1374 -124 133 -6003 0 0 0 0 1 89 80 13 
-3269 -1529 -1205 -31 122 -6212 0 0 0 0 1 112 62 12 
-3743 -2170 -1103 -56 27 -6375 0 0 0 0 1 104 50 24 
-4236 -2468 -942 -285 -31 -6586 0 0 0 0 1 109 50 8 
-4545 -3234 -641 -525 187 -6513 0 0 0 0 1 113 46 25 
-4787 -3682 -798 -665 710 -5966 0 0 0 0 1 108 26 16 
-4941 -3775 -438 -581 866 -5093 0 0 0 0 1 122 17 16 
-5013 -4088 -599 386 178 -2576 0 0 0 0 1 103 7 6 
-5454 -5494 -868 2762 -758 1339 0 0 0 0 1 104 13 10 
-5941 -5108 87 4990 -2145 4656 0 0 0 0 1 117 -4 9 
-5860 -5218 -1026 9714 -4786 10258 0 0 0 0 1 129 9 25 
-5868 -4383 -1569 12762 -4987 13668 0 0 0 0 1 136 -7 30 
-5381 -4303 -2460 15826 -5199 18294 0 0 0 0 1 151 -22 30 
-5456 -3966 -2938 16606 -6090 21839 0 0 0 0 1 168 -6 43 
-5582 -3746 -4122 16836 -5764 24043 0 0 0 0 1 189 33 71 
-6781 -3664 -5162 18140 -2441 27864 0 0 0 0 1 176 68 69 
-10796 -5671 -5037 19376 636 29955 0 0 0 0 1 161 109 47 
-14273 -7754 -1021 18946 3234 29868 0 0 0 0 1 119 136 40 
-13710 -9811 4925 15925 -1644 26074 0 0 0 0 1 70 130 11 
-8343 -9550 6122 13683 -4741 21914 0 0 0 0 1 54 103 0 
-3450 -10269 4558 9503 -5691 15099 0 0 0 0 1 40 78 -9 
1771 -11013 1691 5774 -5077 10203 0 0 0 0 1 61 63 2 
1236 -9391 -70 -739 -2847 1197 0 0 0 0 1 69 60 1 
-1274 -5263 -3469 -5031 1024 -5960 0 0 0 0 1 68 73 2 
-1846 -3306 -4872 -5971 3415 -8031 0 0 0 0 1 67 82 12 
-1968 -2517 -3427 -6149 4828 -7902 0 0 0 0 1 55 79 17 
-1472 -2519 -1097 -6265 4864 -6904 0 0 0 0 1 62 96 17 
-1615 -1794 125 -6711 4521 -5677 0 0 0 0 1 60 109 10 
-1421 -1191 350 -6911 3799 -4985 0 0 0 0 1 47 115 4 
-1198 -1080 239 -6924 3065 -4004 0 0 0 0 1 48 143 22 
-813 -1052 -260 -6688 2867 -3421 0 0 0 0 1 47 169 37 
-669 -828 -511 -6043 2974 -2817 0 0 0 0 1 51 174 55 
-569 -418 -361 -5353 3229 -2567 0 0 0 0 1 37 176 58 
-507 -24 136 -4980 3108 -2505 0 0 0 0 1 35 191 67 
-210 173 207 -4400 2371 -2297 0 0 0 0 1 33 203 76 
-50 350 102 -3937 1839 -2116 0 0 0 0 1 43 212 82 
40 401 -46 -3093 1324 -1828 0 0 0 0 1 34 219 84 
45 472 -340 -2115 1154 -1561 0 0 0 0 1 36 231 101 
159 392 -599 -1444 1213 -1364 0 0 0 0 1 46 236 108 
232 333 -625 -570 1523 -1083 0 0 0 0 1 35 230 102 
205 473 -488 -141 1764 -976 0 0 0 0 1 38 222 112 
84 530 -404 298 2060 -982 0 0 0 0 1 51 223 100 
-136 535 -433 525 2245 -1094 0 0 0 0 1 46 231 96 
-310 635 -480 826 2579 -1406 0 0 0 0 1 42 228 93 
-561 955 -548 1094 3089 -1830 0 0 0 0 1 36 219 84 
-517 1119 -528 1267 3398 -2015 0 0 0 0 1 38 212 77 
-341 1171 -393 1415 3828 -2030 0 0 0 0 1 25 206 69 
-33 1045 -304 1456 3930 -1861 0 0 0 0 1 28 206 79 
204 1011 -267 1458 3808 -1463 0 0 0 0 1 16 193 67 
15 1330 -316 1453 3538 -1286 0 0 0 0 1 29 190 59 
-396 1619 -303 1395 2921 -1371 0 0 0 0 1 11 198 48 
-781 1926 -300 1270 2274 -1788 0 0 0 0 1 9 183 41 
-1004 2045 -340 1158 1983 -2169 0 0 0 0 1 12 180 45 
-1197 1962 -463 1001 1875 -2708 0 0 0 0 1 2 164 34 
-909 1609 -699 962 1842 -2843 0 0 0 0 1 10 163 31 
-558 1416 -990 1079 2109 -2664 0 0 0 0 1 3 168 29 
-336 1209 -1453 1295 2351 -2399 0 0 0 0 1 -3 153 38 
-656 1359 -1691 1691 2473 -2198 0 0 0 0 1 -4 142 30 
-1509 1737 -1879 2030 2251 -2502 0 0 0 0 1 -8 143 24 
-2215 1929 -1747 2109 2038 -2932 0 0 0 0 1 -9 125 9 
-2424 1933 -1650 1996 1863 -3620 0 0 0 0 1 -2 120 4 
-2157 1841 -1673 1841 1919 -3892 0 0 0 0 1 0 112 -6 
-1814 1618 -1679 1563 2213 -3878 0 0 0 0 1 1 99 -10 
-1406 1334 -1732 1394 2464 -3635 0 0 0 0 1 -14 103 -4 
-1368 1357 -1881 1241 2567 -3186 0 0 0 0 1 -17 89 3 
-1799 1366 -2157 1231 2281 -2997 0 0 0 0 1 -17 91 -5 
-2630 1385 -2291 1261 2004 -3144 0 0 0 0 1 -17 74 -12 
-3015 1438 -2363 1272 1612 -3654 0 0 0 0 1 -21 80 -9 
-3261 1309 -2399 1219 1483 -4021 0 0 0 0 1 -33 78 -11 
-3239 1250 -2392 1016 1482 -4404 0 0 0 0 1 -30 63 -23 
-2960 1093 -2279 684 1755 -4440 0 0 0 0 1 -37 58 -16 
-2623 1072 -2005 407 1933 -4249 0 0 0 0 1 -30 58 -25 
-2294 986 -1960 21 1833 -3642 0 0 0 0 1 -46 65 -29 
-2028 823 -2167 -128 1579 -3153 0 0 0 0 1 -46 52 -29 
-2090 814 -2313 -169 1176 -2617 0 0 0 0 1 -57 52 -40 
-2462 678 -2390 -95 1042 -2501 0 0 0 0 1 -60 62 -31 
-2703 520 -2332 -32 1164 -2596 0 0 0 0 1 -62 50 -33 
-2856 450 -2228 33 1435 -2911 0 0 0 0 1 -73 51 -25 
-2992 397 -1964 -19 1447 -3266 0 0 0 0 1 -63 53 -23 
-2984 394 -1684 -129 1187 -3468 0 0 0 0 1 -71 52 -22 
-3018 451 -1500 -405 404 -3696 0 0 0 0 1 -68 58 -23 
-2891 418 -1347 -632 -215 -3773 0 0 0 0 1 -69 62 -22 
-2837 371 -1361 -932 -947 -3823 0 0 0 0 1 -58 58 -25 
-2789 345 -1557 -1057 -1156 -3831 0 0 0 0 1 -51 80 -25 
-2624 238 -1759 -1023 -1007 -3803 0 0 0 0 1 -51 63 -30 
-2497 136 -1820 -818 -552 -3726 0 0 0 0 1 -33 76 -30 
-2277 26 -1879 -532 -90 -3639 0 0 0 0 1 -25 83 -16 
-2131 -42 -1808 -339 97 -3606 0 0 0 0 1 -28 90 -27 
-2100 -100 -1671 -137 59 -3632 0 0 0 0 1 -21 85 -23 
-1999 -270 -1506 -35 -287 -3715 0 0 0 0 1 -11 78 -20 
-2079 -569 -1428 1 -608 -3814 0 0 0 0 1 -14 76 -20 
-2128 -814 -1495 70 -1096 -4062 0 0 0 0 1 1 72 -17 
-2524 -1179 -1704 211 -1393 -4547 0 0 0 0 1 2 80 -18 
-2831 -1666 -1978 341 -1365 -5000 0 0 0 0 1 25 76 -6 
-4187 -2533 -2043 495 -1288 -6425 0 0 0 0 1 36 65 -15 
-4842 -2733 -1627 95 -1532 -7764 0 0 0 0 1 47 56 -9 
-5716 -3665 -950 -736 -1974 -8723 0 0 0 0 1 74 35 -5 
-7232 -4161 -248 -1259 -2315 -8869 0 0 0 0 1 64 30 8 
-7523 -4794 1239 -1295 -3971 -6726 0 0 0 0 1 86 35 8 
-7548 -7099 13 2714 -6968 -1389 0 0 0 0 1 99 31 9 
-7509 -6918 147 7686 -6146 2542 0 0 0 0 1 115 9 20 
-7413 -5667 -1308 16049 -4255 8538 0 0 0 0 1 139 -2 25 
-6225 -4799 -862 19418 -4727 12820 0 0 0 0 1 145 -25 36 
-5700 -5995 -1971 20463 -6772 18842 0 0 0 0 1 181 -53 74 
-6036 -6873 -2817 19356 -7343 22048 0 0 0 0 1 206 -33 89 
-7093 -6977 -4146 18305 -5512 26622 0 0 0 0 1 225 15 112 
-10873 -8587 -6950 19753 -224 30372 0 0 0 0 1 214 88 114 
-16150 -12097 -6490 20365 5063 31474 0 0 0 0 1 174 149 88 
-15828 -13112 -5430 18861 12679 31431 0 0 0 0 1 104 177 38 
-9950 -10685 -2060 16101 16298 29395 0 0 0 0 1 16 181 -6 
-4984 -10174 6754 10904 14075 19843 0 0 0 0 1 -149 57 -29 
-2072 -10884 9815 8287 3096 4853 0 0 0 0 1 -169 34 -20 
1766 -11123 9093 5742 264 -2589 0 0 0 0 1 -166 8 -19 
-699 -6045 3742 451 -5160 -8623 0 0 0 0 1 -151 12 -20 
-3113 -2376 -718 -4974 -9193 -11376 0 0 0 0 1 -125 7 -25 
-2978 485 -4660 -8125 -8488 -11321 0 0 0 0 1 -89 36 -27 
-1077 533 -4976 -11154 -5736 -7976 0 0 0 0 1 -38 101 -5 
925 238 -4869 -10963 -2440 -3653 0 0 0 0 1 -22 138 12 
737 -380 -5289 -9216 -286 -1766 0 0 0 0 1 -15 160 29 
53 -757 -4667 -5790 2502 -772 0 0 0 0 1 -11 186 46 
-638 -833 -3097 -2946 3708 -1033 0 0 0 0 1 -15 195 40 
-745 -473 -1312 -1792 3861 -1390 0 0 0 0 1 -23 206 55 
-547 -469 -396 -1133 3761 -1765 0 0 0 0 1 -16 208 60 
-293 -153 410 -1158 3626 -1931 0 0 0 0 1 -29 209 66 
-128 158 588 -1407 3350 -2011 0 0 0 0 1 -21 213 62 
224 324 758 -1617 2695 -1751 0 0 0 0 1 -33 223 76 
544 668 743 -1657 2026 -1417 0 0 0 0 1 -35 220 86 
724 654 483 -1462 1015 -769 0 0 0 0 1 -46 231 75 
650 616 29 -1190 669 -426 0 0 0 0 1 -36 229 94 
434 611 -182 -727 732 -228 0 0 0 0 1 -46 229 71 
254 538 -350 -338 1128 -311 0 0 0 0 1 -38 236 91 
111 414 -358 -153 1423 -460 0 0 0 0 1 -41 231 87 
72 436 -283 36 1868 -753 0 0 0 0 1 -42 237 97 
96 782 -284 168 2169 -973 0 0 0 0 1 -42 225 86 
155 1010 -305 435 2487 -1228 0 0 0 0 1 -35 233 90 
497 1161 -418 666 2632 -1265 0 0 0 0 1 -49 228 81 
212 1425 -265 942 3205 -1422 0 0 0 0 1 -49 225 88 
489 1518 -82 1096 3394 -1382 0 0 0 0 1 -44 230 88 
590 1246 -122 1303 3208 -1189 0 0 0 0 1 -60 224 87 
344 1172 -325 1522 2493 -1089 0 0 0 0 1 -56 220 76 
-48 1404 -581 1666 2023 -1186 0 0 0 0 1 -71 212 71 
-446 1591 -646 1767 2051 -1661 0 0 0 0 1 -73 218 69 
-762 1646 -798 1820 2465 -2067 0 0 0 0 1 -64 212 66 
-781 1588 -1044 2035 3233 -2593 0 0 0 0 1 -70 201 62 
-535 1519 -1140 2331 3717 -2849 0 0 0 0 1 -74 192 57 
-730 1528 -1150 2537 3648 -2968 0 0 0 0 1 -73 198 53 
-1371 1813 -1125 2714 2857 -3453 0 0 0 0 1 -76 190 57 
-2281 2329 -955 2623 1624 -4296 0 0 0 0 1 -76 180 47 
-2650 2482 -923 2407 805 -4878 0 0 0 0 1 -67 172 43 
-2576 2367 -1013 1939 -74 -5515 0 0 0 0 1 -62 170 36 
-2139 2000 -1179 1592 -173 -5702 0 0 0 0 1 -50 165 33 
-1815 1635 -1332 1159 491 -5590 0 0 0 0 1 -36 165 29 
-1812 1320 -1651 968 1398 -5384 0 0 0 0 1 -23 159 27 
-2815 1685 -1747 895 1529 -5430 0 0 0 0 1 -31 148 19 
-3209 1843 -1619 684 889 -5562 0 0 0 0 1 -7 144 18 
-3118 1594 -1347 449 258 -5538 0 0 0 0 1 -7 144 16 
-3126 -184 -672 -1570 -1308 -5544 0 0 0 0 1 57 101 5 
-2843 3 -1267 -1736 -1543 -5302 0 0 0 0 1 64 94 8 
-2710 41 -1589 -1605 -1115 -4901 0 0 0 0 1 75 93 11 
-2469 -47 -1877 -1154 -141 -4448 0 0 0 0 1 82 98 16 
-2206 -173 -1879 -614 785 -3977 0 0 0 0 1 90 96 1 
-1992 -305 -1748 -315 1144 -3686 0 0 0 0 1 93 91 15 
-1892 -324 -1568 -46 1118 -3232 0 0 0 0 1 101 76 4 
-1942 -511 -1227 0 832 -2962 0 0 0 0 1 89 83 11 
-1996 -685 -1100 -67 405 -2723 0 0 0 0 1 94 56 16 
-2108 -1020 -1148 -129 159 -2684 0 0 0 0 1 99 63 13 
-2238 -1424 -1340 -123 148 -2765 0 0 0 0 1 93 55 5 
-2353 -1669 -1421 -59 419 -3031 0 0 0 0 1 99 53 11 
-2604 -2014 -1527 61 762 -3481 0 0 0 0 1 100 40 5 
-2896 -2275 -1540 107 985 -3891 0 0 0 0 1 93 33 22 
-3383 -2961 -1280 40 1275 -4627 0 0 0 0 1 90 38 8 
-3831 -3806 -704 -131 1450 -5104 0 0 0 0 1 89 31 6 
-4171 -4406 -143 -581 1730 -5681 0 0 0 0 1 82 19 -2 
-4865 -5284 308 -903 1665 -5946 0 0 0 0 1 80 12 4 
-5491 -6062 190 -1029 1330 -5982 0 0 0 0 1 75 9 2 
-6551 -6979 -68 -578 726 -5463 0 0 0 0 1 70 12 -2 
-6657 -7215 1079 1158 -2504 -2485 0 0 0 0 1 73 9 9 
-5452 -6932 -245 4287 -5913 1323 0 0 0 0 1 101 -17 9 
-3913 -8144 -2643 12431 -6619 8372 0 0 0 0 1 116 -38 24 
-4621 -5760 -2506 19085 -2704 14640 0 0 0 0 1 141 -51 32 
-4214 -5695 -2681 20805 -3274 20758 0 0 0 0 1 161 -67 47 
-5464 -6798 -3657 19999 -5688 23773 0 0 0 0 1 181 -71 67 
-6939 -7726 -5287 19123 -7232 26501 0 0 0 0 1 198 -49 79 
-9750 -9640 -8383 19607 -1464 28889 0 0 0 0 1 209 63 111 
-11938 -9400 -9790 19504 5716 30868 0 0 0 0 1 168 145 75 
-12645 -8050 -8329 16652 15957 32539 0 0 0 0 1 94 176 34 
-12767 -5175 -3362 13663 17271 30697 0 0 0 0 1 -10 168 -10 
-10822 -5077 1515 9841 12739 23356 0 0 0 0 1 -90 138 -19 
-4504 -6995 6418 7491 5257 12652 0 0 0 0 1 -148 71 -27 
-1633 -7352 7633 6087 2642 5116 0 0 0 0 1 -173 6 -10 
836 -7971 6010 2893 605 -1969 0 0 0 0 1 -168 -8 -3 
14 -5022 3478 -945 -2603 -5348 0 0 0 0 1 -159 3 -5 
-1093 -2024 133 -3397 -4284 -6283 0 0 0 0 1 -146 22 -4 
-1174 -1109 -1494 -6485 -4334 -6380 0 0 0 0 1 -130 40 -10 
-1197 -861 -2313 -8058 -3741 -5944 0 0 0 0 1 -128 72 -5 
-964 -943 -2376 -9405 -2837 -4847 0 0 0 0 1 -97 89 -1 
-298 -949 -2568 -9217 -1407 -3700 0 0 0 0 1 -74 163 24 
70 -1060 -2548 -8395 -267 -3173 0 0 0 0 1 -73 181 44 
210 -1167 -2249 -6719 1230 -2761 0 0 0 0 1 -66 191 44 
266 -1231 -1544 -5125 2155 -2658 0 0 0 0 1 -57 214 61 
266 -1166 -975 -4259 2394 -2675 0 0 0 0 1 -55 226 71 
415 -985 -782 -3196 2240 -2633 0 0 0 0 1 -53 239 84 
547 -662 -441 -2639 1969 -2550 0 0 0 0 1 -54 220 95 
563 -479 -252 -1982 1490 -2384 0 0 0 0 1 -42 262 116 
639 -257 -362 -1342 1095 -2128 0 0 0 0 1 -50 241 126 
601 -193 -530 -904 1072 -1972 0 0 0 0 1 -38 241 126 
381 -207 -530 -297 1260 -1807 0 0 0 0 1 -30 255 121 
528 90 -317 102 1552 -1701 0 0 0 0 1 -22 256 117 
187 421 67 224 1688 -1744 0 0 0 0 1 -29 256 117 
110 558 119 322 1549 -1871 0 0 0 0 1 -17 261 129 
-28 643 -235 474 985 -2050 0 0 0 0 1 -7 250 121 
-318 716 -417 623 757 -2179 0 0 0 0 1 -1 248 124 
212 797 -354 804 596 -2221 0 0 0 0 1 -7 250 111 
462 874 -282 901 535 -2213 0 0 0 0 1 -10 253 117 
-300 1339 -448 1040 621 -2334 0 0 0 0 1 -2 245 114 
963 1855 250 991 687 -2168 0 0 0 0 1 20 241 110 
196 1820 -87 1024 942 -2135 0 0 0 0 1 18 233 107 
164 1438 410 966 1283 -2110 0 0 0 0 1 24 229 96 
135 1323 30 1107 2091 -2010 0 0 0 0 1 18 240 102 
103 1396 -856 1596 3153 -1828 0 0 0 0 1 15 222 89 
129 1307 -911 2016 3654 -1710 0 0 0 0 1 15 224 77 
-284 1345 -1611 2828 3786 -1739 0 0 0 0 1 10 214 73 
-637 1273 -1341 3249 4112 -1976 0 0 0 0 1 5 204 61 
-1487 2022 796 2954 5178 -2835 0 0 0 0 1 5 192 54 
-1681 1853 104 2792 5252 -3359 0 0 0 0 1 -8 185 43 
-1563 1724 -159 2558 3932 -3792 0 0 0 0 1 -5 177 36 
-2491 1787 -177 2242 2369 -4091 0 0 0 0 1 -14 159 37 
-2485 2007 -422 1561 488 -4350 0 0 0 0 1 -9 154 23 
-1507 1699 -826 925 305 -4030 0 0 0 0 1 -5 153 22 
-1369 1700 -1037 652 714 -3720 0 0 0 0 1 -11 144 23 
-1340 1674 -1760 693 1490 -3239 0 0 0 0 1 0 144 20 
-1381 1534 -2193 957 2006 -3001 0 0 0 0 1 -3 136 17 
-2337 1558 -2237 1330 2599 -3153 0 0 0 0 1 -2 137 4 
-3578 1838 -2101 1508 2426 -3805 0 0 0 0 1 -5 118 5 
-3946 1952 -2162 1479 1871 -4174 0 0 0 0 1 -3 109 5 
-3708 1861 -2056 1063 1057 -4320 0 0 0 0 1 4 105 -4 
-3245 1660 -1841 587 859 -4145 0 0 0 0 1 3 114 3 
-2894 1471 -1897 -103 1078 -3630 0 0 0 0 1 -2 100 -9 
-2554 1351 -2070 -419 1331 -3272 0 0 0 0 1 0 100 -6 
-2693 1246 -2233 -573 1604 -2960 0 0 0 0 1 8 94 -10 
-2525 1074 -2288 -508 1765 -2884 0 0 0 0 1 -4 103 -13 
-2649 971 -2258 -287 1935 -3038 0 0 0 0 1 -5 104 -19 
-2930 850 -2142 -77 1949 -3443 0 0 0 0 1 -8 106 -17 
-2933 773 -1915 -20 1866 -3696 0 0 0 0 1 -10 111 -12 
-2707 682 -1743 -98 1566 -3815 0 0 0 0 1 -23 95 -23 
-2368 508 -1591 -228 1296 -3720 0 0 0 0 1 -11 90 -20 
-2294 467 -1514 -448 916 -3485 0 0 0 0 1 -5 87 -24 
-2321 412 -1594 -559 561 -3275 0 0 0 0 1 -15 101 -31 
-2377 366 -1630 -562 370 -3187 0 0 0 0 1 -14 100 -32 
-2449 305 -1626 -488 195 -3168 0 0 0 0 1 -12 96 -26 
-2479 315 -1620 -376 226 -3226 0 0 0 0 1 -4 98 -32 
-2399 149 -1588 -292 252 -3251 0 0 0 0 1 -5 91 -24 
-2417 93 -1626 -160 151 -3240 0 0 0 0 1 -3 91 -24 
-2354 96 -1463 -121 129 -3201 0 0 0 0 1 7 85 -18 
-2405 13 -1402 -117 31 -3125 0 0 0 0 1 3 96 -17 
-2474 -18 -1395 -158 -102 -3081 0 0 0 0 1 4 90 -20 
-2519 -165 -1323 -213 -203 -3064 0 0 0 0 1 8 84 -22 
-2656 -273 -1342 -301 -351 -3107 0 0 0 0 1 22 79 -22 
-2807 -359 -1332 -349 -544 -3207 0 0 0 0 1 20 84 -29 
-3148 -732 -1220 -389 -729 -3345 0 0 0 0 1 38 82 -17 
-3360 -874 -1143 -493 -893 -3719 0 0 0 0 1 44 80 -6 
-3753 -1248 -1104 -668 -837 -4355 0 0 0 0 1 62 69 -10 
-4450 -1643 -1242 -815 -664 -4999 0 0 0 0 1 70 78 -4 
-4759 -2358 -1473 -1133 -26 -6123 0 0 0 0 1 76 72 -12 
-4457 -2637 -1278 -1786 751 -7205 0 0 0 0 1 67 72 -3 
-5132 -1856 -701 -2423 -75 -7899 0 0 0 0 1 75 63 0 
-4806 -1889 -125 -3592 -3297 -7932 0 0 0 0 1 93 62 10 
-4713 -2299 583 -4153 -5591 -7101 0 0 0 0 1 114 62 19 
-7348 -3626 1025 -3470 -7612 -5538 0 0 0 0 1 143 66 39 
-7122 -5241 1171 997 -7984 -2879 0 0 0 0 1 156 67 45 
-7913 -8777 277 6632 -6707 -998 0 0 0 0 1 166 55 68 
-8397 -6397 1183 15412 -4804 1714 0 0 0 0 1 191 44 79 
-6502 -6467 1507 19391 -6977 4515 0 0 0 0 1 188 2 93 
-5653 -7352 396 22033 -10709 8955 0 0 0 0 1 202 -26 107 
-5363 -7291 -1486 22744 -11677 13373 0 0 0 0 1 248 -23 164 
-6093 -6671 -3704 23987 -10866 16568 0 0 0 0 1 246 25 215 
-8927 -6742 -4133 27446 -7430 20118 0 0 0 0 1 244 91 236 
-15439 -8749 -2846 29808 -4860 21043 0 0 0 0 1 218 150 217 
-17873 -11388 -1162 31389 1404 20921 0 0 0 0 1 194 204 175 
-13930 -12075 687 30327 6354 20592 0 0 0 0 1 130 226 103 
-8846 -9817 2356 25302 8937 18012 0 0 0 0 1 76 199 38 
-2175 -9276 7371 19904 5516 13280 0 0 0 0 1 28 130 -6 
2609 -11483 7772 10956 -1723 3839 0 0 0 0 1 -8 82 -29 
5108 -10332 4616 5192 -1529 -1877 0 0 0 0 1 11 22 -30 
148 -5338 668 -1347 147 -7981 0 0 0 0 1 17 13 -31 
-2746 -2288 -1567 -4970 -490 -10285 0 0 0 0 1 16 7 -30 
-3378 -1298 -3687 -6377 -101 -9678 0 0 0 0 1 21 24 -25 
-2707 -1608 -3249 -8137 693 -6737 0 0 0 0 1 24 35 -19 
-1283 -1712 -1936 -9569 -248 -2905 0 0 0 0 1 35 68 -11 
-1334 -854 -1794 -9961 -699 -1107 0 0 0 0 1 44 112 0 
-1429 -791 -2286 -9416 70 23 0 0 0 0 1 35 139 20 
-1488 -1002 -2675 -8477 1515 -100 0 0 0 0 1 42 164 30 
-1459 -1188 -2716 -6612 3680 -984 0 0 0 0 1 34 175 52 
-1004 -1284 -2535 -4555 5568 -1928 0 0 0 0 1 25 203 60 
-595 -1174 -1444 -3380 6656 -2409 0 0 0 0 1 24 209 68 
-271 -723 -474 -2136 6648 -2640 0 0 0 0 1 -3 214 66 
294 -99 673 -1502 4489 -2153 0 0 0 0 1 -7 218 62 
750 219 1030 -1278 2773 -1643 0 0 0 0 1 -8 224 73 
692 376 733 -910 1249 -1138 0 0 0 0 1 -9 215 83 
333 420 78 -583 1158 -1091 0 0 0 0 1 -9 208 72 
124 512 -294 -4 1875 -1315 0 0 0 0 1 -10 224 73 
22 560 -544 402 2621 -1505 0 0 0 0 1 -4 230 74 
-85 650 -453 859 3708 -1783 0 0 0 0 1 -8 219 75 
-309 935 -170 1033 4155 -1994 0 0 0 0 1 -21 220 74 
-376 1186 99 1109 4220 -2291 0 0 0 0 1 -27 199 59 
-231 1410 410 1089 3798 -2380 0 0 0 0 1 -21 215 65 
-96 1443 471 1040 2717 -2322 0 0 0 0 1 -24 197 57 
131 1408 249 1079 2042 -2181 0 0 0 0 1 -25 188 51 
371 1259 -183 1310 1521 -1871 0 0 0 0 1 -21 196 53 
434 1228 -500 1749 1648 -1525 0 0 0 0 1 -21 183 44 
147 1486 -861 2110 2033 -1437 0 0 0 0 1 -22 187 38 
-155 1605 -1067 2689 2729 -1553 0 0 0 0 1 -30 169 37 
-201 1692 -1367 3224 3278 -1732 0 0 0 0 1 -41 163 26 
-564 2358 -1130 3431 3668 -2002 0 0 0 0 1 -42 159 23 
-828 2432 -1075 3646 3937 -2373 0 0 0 0 1 -60 138 19 
-666 1962 -1252 3798 3803 -2440 0 0 0 0 1 -55 123 10 
-425 1576 -1316 3962 3446 -2430 0 0 0 0 1 -61 117 4 
-1086 1836 -1455 3994 3189 -2598 0 0 0 0 1 -80 103 2 
-1727 2073 -1776 3935 2422 -3271 0 0 0 0 1 -83 91 3 
-2458 2282 -2160 3755 1680 -3885 0 0 0 0 1 -79 74 -1 
-2512 2236 -2160 3137 790 -4683 0 0 0 0 1 -77 78 -6 
-2063 1886 -1928 2249 459 -5059 0 0 0 0 1 -77 51 -11 
-1504 1443 -2289 1708 487 -5046 0 0 0 0 1 -76 52 -15 
-1256 1375 -2392 1101 621 -4764 0 0 0 0 1 -74 47 -19 
-1428 1319 -2687 876 562 -4564 0 0 0 0 1 -70 41 -23 
-1819 1405 -2784 737 209 -4446 0 0 0 0 1 -76 47 -22 
-2199 1396 -2735 662 -208 -4442 0 0 0 0 1 -73 46 -20 
-2223 1227 -2836 640 -414 -4399 0 0 0 0 1 -69 40 -31 
-2112 1101 -2927 647 -301 -4210 0 0 0 0 1 -66 44 -27 
-1934 993 -3204 799 511 -3878 0 0 0 0 1 -64 38 -33 
-1704 664 -3094 904 1310 -3598 0 0 0 0 1 -64 42 -36 
-1969 470 -3069 1015 2221 -3317 0 0 0 0 1 -61 26 -27 
-2559 497 -2618 982 2316 -3317 0 0 0 0 1 -74 35 -15 
-2885 477 -2216 672 1634 -3547 0 0 0 0 1 -87 26 -23 
-2933 353 -1728 124 556 -3830 0 0 0 0 1 -93 18 -31 
-2894 256 -1711 -250 -75 -3975 0 0 0 0 1 -92 36 -32 
-2709 224 -1764 -704 -795 -4091 0 0 0 0 1 -97 33 -38 
-2704 158 -2018 -876 -1081 -4130 0 0 0 0 1 -80 41 -44 
-2706 77 -2113 -947 -1108 -4198 0 0 0 0 1 -70 46 -32 
-2720 -109 -2176 -863 -798 -4339 0 0 0 0 1 -77 49 -37 
-2867 -226 -2191 -700 -509 -4571 0 0 0 0 1 -60 47 -43 
-2775 -299 -2150 -592 -495 -4705 0 0 0 0 1 -54 56 -34 
-2520 -400 -2183 -466 -663 -4749 0 0 0 0 1 -40 63 -30 
-2206 -497 -2082 -460 -684 -4547 0 0 0 0 1 -30 66 -32 
-1916 -578 -1869 -560 -586 -4221 0 0 0 0 1 -29 72 -33 
-1684 -584 -1768 -629 -527 -3973 0 0 0 0 1 -14 63 -25 
-1631 -593 -1811 -638 -529 -3653 0 0 0 0 1 -14 71 -27 
-1678 -631 -1843 -504 -693 -3445 0 0 0 0 1 -10 72 -24 
-1865 -733 -1836 -353 -815 -3405 0 0 0 0 1 -7 66 -16 
-1979 -809 -1892 -57 -932 -3468 0 0 0 0 1 3 69 -19 
-2129 -939 -1900 284 -1112 -3656 0 0 0 0 1 17 72 -17 
-2424 -1178 -1922 629 -1467 -3988 0 0 0 0 1 25 61 -18 
-3105 -1625 -1723 761 -1830 -4325 0 0 0 0 1 35 46 -6 
-3520 -1890 -1337 627 -2847 -4847 0 0 0 0 1 41 50 -15 
-4466 -2557 -1581 487 -3852 -5222 0 0 0 0 1 50 35 -3 
-6287 -3874 -1278 115 -4681 -6011 0 0 0 0 1 71 38 -10 
-8031 -5137 -964 -379 -4488 -6938 0 0 0 0 1 90 28 12 
-8738 -6507 -1531 -269 -4226 -6823 0 0 0 0 1 108 12 11 
-7287 -7275 -1232 1189 -4090 -4068 0 0 0 0 1 130 20 26 
-5415 -5528 -29 5292 -6277 1827 0 0 0 0 1 138 -1 26 
-3348 -4674 -510 12173 -5972 8978 0 0 0 0 1 146 -14 37 
-3695 -4040 -700 16149 -4426 13321 0 0 0 0 1 171 -28 52 
-4934 -3911 -920 19019 -5258 18634 0 0 0 0 1 195 -24 81 
-7154 -4484 -2019 19307 -7707 21105 0 0 0 0 1 214 -2 109 
-7822 -5546 -2148 19429 -10269 24038 0 0 0 0 1 221 44 125 
-10761 -6859 -4321 21435 -7353 26000 0 0 0 0 1 217 93 139 
-12574 -7901 -4008 22898 -3438 26942 0 0 0 0 1 187 158 131 
-14659 -10510 -598 22934 2170 27147 0 0 0 0 1 133 197 80 
-12750 -12236 3706 20937 3885 25607 0 0 0 0 1 73 188 48 
-8372 -11677 5372 16295 120 19591 0 0 0 0 1 25 169 4 
-1831 -13414 7976 12161 -3453 12757 0 0 0 0 1 -3 136 -15 
1519 -13475 4988 5422 -5353 1254 0 0 0 0 1 5 65 -24 
-501 -7040 -2963 1804 -3050 -5219 0 0 0 0 1 18 53 -25 
-2914 -1996 -9159 -359 2218 -9601 0 0 0 0 1 28 51 -25 
-1067 -2969 -6576 -2570 6181 -7604 0 0 0 0 1 16 46 -13 
-785 -2752 -480 -5306 5485 -5987 0 0 0 0 1 2 51 -11 
597 405 392 -530 2569 -2356 0 0 0 0 1 47 228 102 
563 452 222 -75 1792 -2213 0 0 0 0 1 57 234 122 
346 551 -78 105 1540 -2101 0 0 0 0 1 49 225 114 
142 584 -232 113 1565 -2095 0 0 0 0 1 63 223 107 
-34 680 -344 -23 1727 -2078 0 0 0 0 1 54 225 109 
-15 621 -381 -223 1808 -2000 0 0 0 0 1 60 219 108 
-88 689 -477 -309 1798 -1981 0 0 0 0 1 60 222 103 
-278 868 -666 -355 1781 -2006 0 0 0 0 1 57 219 89 
-392 925 -691 -375 1801 -2020 0 0 0 0 1 60 212 103 
-469 970 -690 -397 1859 -2012 0 0 0 0 1 67 226 105 
-475 1100 -706 -389 1877 -1959 0 0 0 0 1 77 206 100 
-395 1180 -725 -305 1878 -1731 0 0 0 0 1 74 207 98 
-143 1212 -755 -197 1926 -1486 0 0 0 0 1 80 206 90 
-91 1212 -738 2 2117 -1127 0 0 0 0 1 62 204 87 
-298 1290 -759 174 2270 -994 0 0 0 0 1 60 212 84 
-550 1469 -729 427 2482 -1042 0 0 0 0 1 68 203 90 
-845 1570 -602 534 2577 -1188 0 0 0 0 1 66 196 88 
-920 1590 -517 567 2495 -1427 0 0 0 0 1 51 196 74 
-1056 1617 -465 513 2293 -1563 0 0 0 0 1 58 188 76 
-1014 1691 -477 394 2014 -1606 0 0 0 0 1 60 187 66 
-627 1555 -547 353 1971 -1472 0 0 0 0 1 51 191 74 
-475 1426 -630 415 2163 -1146 0 0 0 0 1 48 180 59 
-491 1431 -744 559 2396 -991 0 0 0 0 1 46 190 61 
-897 1690 -958 872 2747 -1041 0 0 0 0 1 55 175 52 
-1480 1925 -1027 1062 2897 -1269 0 0 0 0 1 36 180 40 
-1752 2008 -922 1226 2912 -1778 0 0 0 0 1 35 169 37 
-1894 2072 -957 1297 2699 -2209 0 0 0 0 1 34 168 43 
-1574 1943 -1082 1325 2609 -2313 0 0 0 0 1 18 152 25 
-1197 1843 -1095 1348 2797 -2106 0 0 0 0 1 23 152 25 
-813 1719 -1187 1404 3077 -1786 0 0 0 0 1 17 150 29 
-962 1727 -1289 1507 3417 -1488 0 0 0 0 1 9 130 20 
-1520 1981 -1352 1562 3373 -1570 0 0 0 0 1 5 138 15 
-2160 2181 -1473 1589 2733 -2015 0 0 0 0 1 -2 122 16 
-2602 2134 -1417 1499 2093 -2446 0 0 0 0 1 -2 120 13 
-2683 2051 -1420 1189 1253 -3091 0 0 0 0 1 -10 118 15 
-2440 1746 -1568 800 1017 -3491 0 0 0 0 1 -7 107 9 
-2039 1456 -1753 564 1293 -3587 0 0 0 0 1 -3 114 5 
-1800 1335 -1869 332 1965 -3524 0 0 0 0 1 -3 94 -5 
-1941 1142 -1971 269 2280 -3483 0 0 0 0 1 -12 99 -12 
-2368 1256 -1896 195 2287 -3684 0 0 0 0 1 -14 95 -6 
-2705 1329 -1850 154 1946 -3910 0 0 0 0 1 -17 96 -1 
-2671 1230 -1784 65 1244 -4173 0 0 0 0 1 -20 94 -1 
-2584 985 -1748 -87 807 -4318 0 0 0 0 1 -21 93 -18 
-2417 904 -1880 -170 755 -4344 0 0 0 0 1 -3 101 -19 
-2346 788 -2064 -184 871 -4287 0 0 0 0 1 -15 87 -5 
-2207 597 -2089 -134 1181 -4195 0 0 0 0 1 -7 100 -11 
-2398 502 -1979 -102 1358 -4186 0 0 0 0 1 -12 89 -22 
-2478 464 -1917 -69 1248 -4280 0 0 0 0 1 -9 85 -18 
-2802 340 -1788 -80 964 -4430 0 0 0 0 1 -14 85 -25 
-2927 281 -1501 -199 532 -4675 0 0 0 0 1 -9 83 -11 
-2928 105 -1354 -369 222 -4833 0 0 0 0 1 -10 82 -22 
-2892 -74 -1292 -450 121 -4894 0 0 0 0 1 -2 83 -18 
-2895 -129 -1275 -484 82 -4969 0 0 0 0 1 -3 77 -22 
-2975 -210 -1276 -419 -7 -5096 0 0 0 0 1 3 74 -12 
-3172 -395 -1189 -368 -163 -5222 0 0 0 0 1 5 84 -24 
-3230 -616 -1093 -367 -448 -5432 0 0 0 0 1 121 74 26 
-9764 -4759 1328 4854 -7596 -653 0 0 0 0 1 142 69 45 
-8729 -4415 2116 13487 -6793 2470 0 0 0 0 1 176 31 69 
-7512 -3822 1681 19014 -10036 6631 0 0 0 0 1 191 12 74 
-6594 -5816 -351 20609 -11170 9649 0 0 0 0 1 208 -11 96 
-7621 -5716 -3281 20784 -8583 15873 0 0 0 0 1 241 23 145 
-8849 -5193 -4873 22685 -6411 20711 0 0 0 0 1 237 69 154 
-13793 -6494 -5555 25834 -777 23831 0 0 0 0 1 222 114 147 
-17522 -8243 -2966 26447 4400 24767 0 0 0 0 1 189 160 122 
-16843 -9438 -268 23773 9636 24365 0 0 0 0 1 130 182 52 
-10722 -9421 3670 20342 8672 22036 0 0 0 0 1 61 161 9 
-2847 -12637 10102 13506 2916 13777 0 0 0 0 1 -8 87 -33 
2575 -13921 9211 6154 -2318 3142 0 0 0 0 1 -14 39 -41 
3029 -11541 3925 161 -2330 -5848 0 0 0 0 1 -8 42 -45 
-2697 -4192 -1673 -2516 -1750 -9803 0 0 0 0 1 8 33 -43 
-4225 -1122 -4579 -4794 -659 -11490 0 0 0 0 1 22 42 -29 
-3938 -766 -4290 -6671 248 -8824 0 0 0 0 1 36 60 -10 
-1212 -1137 -1845 -8049 -854 -5161 0 0 0 0 1 43 84 -15 
-928 -204 -937 -9539 -1579 -549 0 0 0 0 1 46 101 -3 
-1370 303 -1167 -9682 -1325 898 0 0 0 0 1 46 116 12 
-1811 331 -919 -9066 -9 947 0 0 0 0 1 49 164 34 
-1928 379 -256 -8432 498 124 0 0 0 0 1 47 181 51 
-1475 286 301 -7253 185 -1211 0 0 0 0 1 44 191 67 
-319 12 33 -6257 140 -1732 0 0 0 0 1 48 214 91 
79 -187 -127 -4539 978 -2104 0 0 0 0 1 63 210 93 
213 -107 -446 -3259 1777 -2226 0 0 0 0 1 66 223 109 
325 197 -875 -1297 3123 -2281 0 0 0 0 1 75 228 116 
260 467 -738 -181 3939 -2242 0 0 0 0 1 68 220 118 
189 833 -462 1001 4431 -1999 0 0 0 0 1 60 224 110 
126 1171 -120 1404 4351 -1767 0 0 0 0 1 62 222 94 
-4 1257 96 1501 3844 -1473 0 0 0 0 1 53 224 91 
-188 1169 212 1330 3288 -1341 0 0 0 0 1 42 213 79 
-319 1108 234 880 2355 -1275 0 0 0 0 1 51 193 76 
-424 1058 300 507 1832 -1288 0 0 0 0 1 58 201 74 
-436 1024 249 -23 1236 -1327 0 0 0 0 1 41 192 71 
-354 1003 -32 -364 834 -1304 0 0 0 0 1 46 199 61 
-225 1072 -354 -465 727 -1248 0 0 0 0 1 46 207 64 
-80 1174 -491 -469 829 -1125 0 0 0 0 1 53 202 61 
108 1179 -741 -360 1003 -1024 0 0 0 0 1 51 201 62 
65 1226 -839 -67 1408 -969 0 0 0 0 1 50 204 71 
-89 1243 -899 325 1929 -1068 0 0 0 0 1 37 196 60 
-257 1217 -865 587 2222 -1202 0 0 0 0 1 50 185 61 
-525 1278 -787 890 2430 -1540 0 0 0 0 1 44 183 48 
-801 1384 -602 994 2375 -1798 0 0 0 0 1 35 176 55 
-872 1337 -517 1032 2109 -2134 0 0 0 0 1 40 169 46 
-845 1390 -449 988 1935 -2293 0 0 0 0 1 43 180 52 
-763 1440 -439 879 1787 -2409 0 0 0 0 1 28 179 44 
-693 1389 -564 809 1729 -2439 0 0 0 0 1 40 161 41 
-737 1345 -639 772 1718 -2459 0 0 0 0 1 46 158 36 
-843 1313 -736 776 1657 -2572 0 0 0 0 1 28 152 39 
-1349 1410 -873 808 1583 -2915 0 0 0 0 1 40 147 37 
-1857 1634 -905 780 1548 -3244 0 0 0 0 1 31 138 19 
-1976 1733 -956 712 1499 -3668 0 0 0 0 1 33 134 11 
-1805 1804 -1111 668 1485 -3771 0 0 0 0 1 27 131 17 
-1575 1736 -1180 614 1507 -3574 0 0 0 0 1 40 130 13 
-1155 1592 -1341 601 1537 -3229 0 0 0 0 1 36 118 17 
-1012 1533 -1429 596 1676 -2594 0 0 0 0 1 34 109 15 
-1307 1502 -1437 549 1881 -2224 0 0 0 0 1 28 100 11 
-1988 1581 -1513 519 1910 -2236 0 0 0 0 1 41 106 10 
-2356 1624 -1522 447 1753 -2560 0 0 0 0 1 33 85 11 
-2632 1518 -1561 391 1655 -2854 0 0 0 0 1 30 98 4 
-2512 1371 -1540 325 1833 -3222 0 0 0 0 1 20 96 8 
-2383 1312 -1534 306 2184 -3388 0 0 0 0 1 24 84 -5 
-2225 1270 -1598 310 2209 -3390 0 0 0 0 1 20 87 -10 
-2285 1226 -1551 254 1877 -3390 0 0 0 0 1 17 82 -8 
-2477 1176 -1483 163 1509 -3457 0 0 0 0 1 10 69 -5 
-2583 1100 -1496 9 927 -3641 0 0 0 0 1 9 68 -9 
-2601 888 -1677 -82 519 -3833 0 0 0 0 1 9 76 -20 
-2584 732 -1761 -100 412 -3945 0 0 0 0 1 11 71 -18 
-2549 520 -1766 -88 399 -4092 0 0 0 0 1 14 61 -23 
-2745 308 -1762 -59 331 -4232 0 0 0 0 1 8 47 -17 
-2947 287 -1650 -109 -2 -4526 0 0 0 0 1 15 55 -26 
-3080 228 -1508 -215 -355 -4727 0 0 0 0 1 14 51 -25 
-3029 228 -1441 -463 -789 -4901 0 0 0 0 1 29 50 -17 
-2704 -14 -1410 -763 -867 -4771 0 0 0 0 1 35 49 -11 
-2453 -212 -1421 -948 -724 -4547 0 0 0 0 1 44 39 -16 
-2409 -248 -1445 -1132 -445 -4175 0 0 0 0 1 50 50 -19 
-2401 -278 -1456 -1189 -256 -3851 0 0 0 0 1 53 52 -15 
-2487 -383 -1510 -1146 -213 -3701 0 0 0 0 1 55 38 -15 
-2553 -504 -1540 -987 -218 -3561 0 0 0 0 1 60 40 -12 
-2612 -773 -1471 -796 -192 -3524 0 0 0 0 1 68 44 -20 
-2650 -1015 -1392 -675 -168 -3548 0 0 0 0 1 58 41 -23 
-2687 -1137 -1321 -535 -198 -3630 0 0 0 0 1 63 39 -20 
-2655 -1263 -1125 -483 -434 -3651 0 0 0 0 1 69 28 -12 
-2614 -1494 -1040 -481 -688 -3609 0 0 0 0 1 81 35 -3 
-2661 -1976 -950 -530 -1032 -3500 0 0 0 0 1 77 31 0 
-2873 -2247 -843 -685 -1202 -3553 0 0 0 0 1 80 29 -2 
-3864 -2549 -869 -835 -1312 -3858 0 0 0 0 1 76 15 -3 
-4976 -2882 -555 -1439 -1002 -4740 0 0 0 0 1 97 18 1 
-5838 -3633 1588 -3115 -511 -5153 0 0 0 0 1 106 14 0 
-6385 -4420 2747 -4439 -1426 -4797 0 0 0 0 1 100 35 10 
-8730 -6124 3055 -4974 -3913 -3514 0 0 0 0 1 108 39 23 
-9593 -6763 1417 -2474 -5697 -2126 0 0 0 0 1 116 38 24 
-9886 -6111 432 6233 -6757 -203 0 0 0 0 1 149 35 31 
-8202 -4645 1223 12725 -6428 1507 0 0 0 0 1 161 15 57 
-7080 -3976 692 19209 -8359 5689 0 0 0 0 1 165 -17 58 
-5978 -5420 -1672 20794 -8741 11069 0 0 0 0 1 195 -51 86 
-6437 -4597 -4205 20152 -6100 14933 0 0 0 0 1 215 -30 131 
-7975 -2265 -6549 19263 -2372 20957 0 0 0 0 1 209 26 135 
-9816 -1820 -7421 20793 1030 26319 0 0 0 0 1 217 73 125 
-13693 -3449 -5718 21917 3706 28709 0 0 0 0 1 180 141 94 
-15572 -5232 -2544 21246 6724 29092 0 0 0 0 1 129 179 65 
-14077 -8290 4015 16861 5690 25510 0 0 0 0 1 75 176 32 
-7817 -11073 9739 12885 2920 21204 0 0 0 0 1 1 148 1 
-3262 -13427 7674 7799 -4062 13108 0 0 0 0 1 -30 90 -27 
1840 -13789 3984 5270 -5401 7394 0 0 0 0 1 -22 172 26 
-1051 866 818 -9385 1617 -482 0 0 0 0 1 -29 192 45 
-688 45 -247 -8452 1196 -799 0 0 0 0 1 -30 215 58 
-288 -838 -1313 -5764 920 -1016 0 0 0 0 1 -40 228 76 
-33 -1258 -1548 -3661 1519 -1115 0 0 0 0 1 -31 234 98 
112 -1125 -1383 -828 3295 -1248 0 0 0 0 1 -24 253 101 
63 -602 -868 1247 4918 -1434 0 0 0 0 1 -42 255 114 
-219 91 -246 2159 5392 -1594 0 0 0 0 1 -46 248 94 
-277 590 56 2909 5257 -1839 0 0 0 0 1 -42 242 93 
-279 1186 569 3012 4551 -2061 0 0 0 0 1 -50 236 80 
-443 1547 897 2809 3852 -2181 0 0 0 0 1 -61 237 83 
-294 1612 991 2206 2453 -2221 0 0 0 0 1 -62 214 80 
-318 1654 1095 1701 1642 -2166 0 0 0 0 1 -54 215 72 
277 1575 903 1059 1083 -1850 0 0 0 0 1 -55 209 57 
98 1603 585 567 632 -1578 0 0 0 0 1 -62 204 57 
-341 1918 89 369 476 -1564 0 0 0 0 1 -54 201 60 
-588 2370 -195 342 162 -1643 0 0 0 0 1 -51 208 55 
-595 2777 -660 462 -186 -1654 0 0 0 0 1 -54 201 62 
-119 2862 -983 766 -442 -1429 0 0 0 0 1 -41 202 47 
115 2759 -855 1014 -178 -983 0 0 0 0 1 -38 199 52 
46 2495 -852 1132 110 -706 0 0 0 0 1 -34 190 45 
5 2377 -842 1316 212 -389 0 0 0 0 1 -31 190 33 
145 2301 -1362 1529 -123 -120 0 0 0 0 1 -28 174 46 
619 2158 -1022 1666 -139 148 0 0 0 0 1 -29 177 40 
-619 2958 -1145 1727 -9 -38 0 0 0 0 1 -20 168 33 
-881 3122 -863 1666 61 -279 0 0 0 0 1 -30 169 30 
-1311 3519 -220 1249 1 -793 0 0 0 0 1 -24 163 33 
-1461 3443 -56 908 -129 -1121 0 0 0 0 1 -17 158 31 
-956 3094 -328 551 30 -1272 0 0 0 0 1 -34 158 29 
-398 2560 -825 455 296 -1066 0 0 0 0 1 -20 153 19 
-202 2090 -816 435 2 -834 0 0 0 0 1 -23 157 25 
-163 2020 -934 407 -750 -412 0 0 0 0 1 -25 157 23 
2 2029 -916 302 -945 -100 0 0 0 0 1 -18 157 18 
-218 2031 -768 -51 -905 248 0 0 0 0 1 -12 143 19 
-650 2148 -600 -495 -816 373 0 0 0 0 1 -14 149 25 
-856 2165 -814 -672 -712 331 0 0 0 0 1 -12 153 22 
-687 2136 -1279 -718 -470 258 0 0 0 0 1 -2 159 20 
-746 1943 -1627 -623 -351 165 0 0 0 0 1 5 153 26 
-665 1894 -1557 -447 -349 -25 0 0 0 0 1 0 161 25 
-664 1883 -1571 -335 -527 -191 0 0 0 0 1 -14 166 30 
-555 1805 -1463 -395 -845 -442 0 0 0 0 1 0 161 25 
-1428 2297 -75 -944 -969 -1018 0 0 0 0 1 3 172 29 
-989 1984 -878 -1120 -860 -1319 0 0 0 0 1 3 163 29 
-881 1752 -976 -1235 -378 -1677 0 0 0 0 1 28 169 37 
-762 1874 -958 -1171 212 -1996 0 0 0 0 1 18 179 46 
-1130 1876 -1279 -946 568 -2264 0 0 0 0 1 27 172 38 
-1000 1992 -1244 -507 892 -2542 0 0 0 0 1 35 181 41 
-815 2027 -1188 -221 922 -2595 0 0 0 0 1 28 169 34 
-274 2092 -1005 -2 620 -2381 0 0 0 0 1 29 180 38 
-595 2133 -940 23 -55 -2140 0 0 0 0 1 42 176 25 
-922 1955 -1044 -55 -395 -2015 0 0 0 0 1 54 169 41 
-1047 1801 -863 -244 -276 -1862 0 0 0 0 1 42 174 37 
-531 2238 -691 -326 265 -1684 0 0 0 0 1 53 175 33 
-194 2351 -431 -466 1075 -1261 0 0 0 0 1 54 174 39 
-370 1977 -588 -528 1380 -991 0 0 0 0 1 46 175 31 
-787 1610 -781 -569 1577 -700 0 0 0 0 1 48 175 43 
-891 1694 -845 -568 1731 -478 0 0 0 0 1 41 180 40 
-1042 2013 -907 -535 1889 -369 0 0 0 0 1 29 177 38 
-1116 2030 -973 -409 2030 -279 0 0 0 0 1 40 188 39 
-1295 1964 -1104 -279 1945 -260 0 0 0 0 1 29 185 33 
-1340 1984 -1121 -46 1522 -236 0 0 0 0 1 15 182 43 
-1268 2073 -1113 186 1045 -159 0 0 0 0 1 17 185 29 
-1321 2009 -1174 338 993 -144 0 0 0 0 1 -3 165 31 
-1185 1482 -1201 249 472 -90 0 0 0 0 1 12 168 26 
-1145 1490 -1194 148 371 -30 0 0 0 0 1 -5 163 31 
-1050 1515 -1162 96 332 30 0 0 0 0 1 -9 166 30 
-976 1526 -1146 6 287 130 0 0 0 0 1 -4 161 23 
-896 1467 -1130 -56 219 197 0 0 0 0 1 -5 158 33 
-913 1440 -1149 -150 91 271 0 0 0 0 1 -15 163 22 
-941 1460 -1163 -203 45 299 0 0 0 0 1 -11 161 23 
-927 1436 -1124 -262 23 331 0 0 0 0 1 -9 171 25 
-927 1487 -1098 -285 44 353 0 0 0 0 1 -2 174 32 
-901 1519 -1070 -297 90 388 0 0 0 0 1 -7 161 30 
-913 1477 -1107 -258 139 392 0 0 0 0 1 -7 176 20 
-987 1571 -1175 -199 168 377 0 0 0 0 1 -16 169 30 
-986 1567 -1179 -94 180 318 0 0 0 0 1 -20 168 29 
-973 1551 -1185 -20 181 270 0 0 0 0 1 -17 175 22 
-952 1551 -1186 84 147 197 0 0 0 0 1 -20 172 29 
-937 1597 -1211 190 110 117 0 0 0 0 1 -11 171 44 
-927 1635 -1210 245 90 63 0 0 0 0 1 -21 176 37 
-922 1615 -1209 297 46 -24 0 0 0 0 1 -12 170 29 
-893 1531 -1193 311 5 -72 0 0 0 0 1 -18 169 27 
-853 1507 -1176 75 52 -93 0 0 0 0 1 -20 165 26 
-801 1463 -1264 64 0 -79 0 0 0 0 1 -21 161 30 
-798 1470 -1267 60 -46 -49 0 0 0 0 1 -16 157 30 
-821 1510 -1299 68 -23 -30 0 0 0 0 1 -14 147 23 
-803 1530 -1294 73 53 -7 0 0 0 0 1 -20 153 29 
-796 1472 -1290 74 92 4 0 0 0 0 1 -15 158 24 
-803 1425 -1300 79 139 15 0 0 0 0 1 -25 152 18 
-798 1425 -1291 84 141 34 0 0 0 0 1 -22 150 26 
-798 1410 -1294 82 91 58 0 0 0 0 1 -15 153 26 
-812 1398 -1280 74 16 95 0 0 0 0 1 -29 155 36 
-766 1421 -1266 62 75 124 0 0 0 0 1 -22 158 26 
-769 1430 -1260 56 132 140 0 0 0 0 1 -21 152 23 
-787 1424 -1269 46 146 149 0 0 0 0 1 -21 152 20 
-824 1424 -1299 42 98 147 0 0 0 0 1 -18 157 23 
-845 1436 -1308 39 32 127 0 0 0 0 1 -24 150 24 
-845 1417 -1302 35 23 107 0 0 0 0 1 -22 155 29 
-822 1400 -1296 29 36 77 0 0 0 0 1 -18 154 25 
-812 1429 -1298 33 40 56 0 0 0 0 1 -31 143 29 
-811 1441 -1291 26 29 28 0 0 0 0 1 -33 149 30 
-850 1453 -1307 29 -4 10 0 0 0 0 1 -24 150 19 
-860 1481 -1306 31 -89 -22 0 0 0 0 1 -22 148 31 
-860 1484 -1297 29 -106 -36 0 0 0 0 1 -25 147 23 
-876 1477 -1311 41 -24 -64 0 0 0 0 1 -23 154 32 
-884 1494 -1324 65 43 -74 0 0 0 0 1 -23 142 30 
-872 1505 -1312 104 76 -69 0 0 0 0 1 -33 152 32 
-884 1525 -1309 129 68 -55 0 0 0 0 1 -33 144 30 
-879 1527 -1305 153 70 -30 0 0 0 0 1 -30 154 23 
-854 1502 -1299 153 57 -14 0 0 0 0 1 -33 149 20 
-851 1496 -1304 139 49 11 0 0 0 0 1 -29 145 31 
-835 1546 -1306 118 61 26 0 0 0 0 1 -34 148 24 
-833 1557 -1326 78 68 33 0 0 0 0 1 -28 144 25 
-865 1560 -1346 53 58 24 0 0 0 0 1 -24 131 15 
-871 1560 -1346 5 39 -5 0 0 0 0 1 -25 144 25 
-866 1530 -1338 -25 26 -30 0 0 0 0 1 -22 158 17 
-852 1497 -1329 -66 23 -69 0 0 0 0 1 -27 145 24 
-841 1480 -1338 -89 21 -91 0 0 0 0 1 -18 147 23 
-842 1480 -1342 -95 15 -92 0 0 0 0 1 -23 144 32 
-829 1480 -1327 -91 -11 -72 0 0 0 0 1 -33 164 27 
-818 1475 -1308 -82 -15 -54 0 0 0 0 1 -25 142 23 
-815 1475 -1298 -76 -27 -26 0 0 0 0 1 -24 150 26 
-812 1436 -1291 -70 -39 -5 0 0 0 0 1 -29 136 31 
-812 1393 -1280 -68 -50 14 0 0 0 0 1 -30 152 25 
-812 1378 -1276 -71 -54 37 0 0 0 0 1 -25 142 20 
-792 1373 -1265 -75 -49 68 0 0 0 0 1 -37 149 25 
-772 1402 -1255 -79 -28 92 0 0 0 0 1 -27 155 31 
-768 1413 -1258 -88 31 120 0 0 0 0 1 -31 150 33 
-778 1425 -1258 -94 63 129 0 0 0 0 1 -36 165 22 
-777 1398 -1256 -106 60 125 0 0 0 0 1 -29 141 33 
-801 1379 -1267 -116 48 118 0 0 0 0 1 -29 150 26 
-810 1372 -1273 -124 18 101 0 0 0 0 1 -31 148 33 
-812 1406 -1281 -122 -21 86 0 0 0 0 1 -28 147 32 
-825 1419 -1291 -115 -38 71 0 0 0 0 1 -31 155 29 
-811 1420 -1280 -95 -23 50 0 0 0 0 1 -24 153 22 
-810 1410 -1267 -76 -6 31 0 0 0 0 1 -38 145 29 
-817 1433 -1276 -60 -3 13 0 0 0 0 1 -29 163 26 
-830 1437 -1273 -41 -5 -7 0 0 0 0 1 -27 155 29 
-818 1436 -1270 -28 -2 -21 0 0 0 0 1 -22 150 31 
-812 1426 -1255 -10 0 -35 0 0 0 0 1 -34 153 24 
-784 1446 -1228 3 7 -32 0 0 0 0 1 -34 150 26 
-800 1460 -1248 11 5 -27 0 0 0 0 1 -24 150 33 
-807 1450 -1254 24 -13 -23 0 0 0 0 1 -31 150 31 
-799 1435 -1246 24 -28 -17 0 0 0 0 1 -40 149 30 
-798 1447 -1253 25 -29 -8 0 0 0 0 1 -34 150 24 
-806 1477 -1267 21 -17 -1 0 0 0 0 1 -29 155 19 
-789 1484 -1248 13 0 5 0 0 0 0 1 -24 153 22 
-790 1467 -1241 -10 -8 1 0 0 0 0 1 -30 149 32 
-813 1460 -1260 -19 -20 -6 0 0 0 0 1 -23 152 23 
-807 1453 -1257 -34 -22 -9 0 0 0 0 1 -29 136 24 
-795 1470 -1248 -35 -16 -5 0 0 0 0 1 -29 153 29 
-790 1470 -1248 -25 0 5 0 0 0 0 1 -29 158 33 
-791 1493 -1252 -16 32 22 0 0 0 0 1 -33 152 25 
-793 1481 -1251 -7 26 33 0 0 0 0 1 -27 145 24 
-813 1457 -1271 -6 -11 34 0 0 0 0 1 -27 145 24 
-799 1437 -1244 -14 -19 35 0 0 0 0 1 -24 145 33 
-777 1438 -1241 -32 3 22 0 0 0 0 1 -29 150 31 
-800 1429 -1248 -42 29 5 0 0 0 0 1 -24 155 31 
-806 1458 -1258 -48 11 -4 0 0 0 0 1 -28 154 25 
-814 1466 -1263 -39 -25 -20 0 0 0 0 1 -33 154 25 
-806 1455 -1248 -35 -27 -29 0 0 0 0 1 -36 143 29 
-813 1458 -1267 -20 10 -44 0 0 0 0 1 -30 149 30 
-818 1467 -1267 -4 8 -53 0 0 0 0 1 -33 154 25 
-818 1453 -1281 7 -15 -62 0 0 0 0 1 -28 154 34 
-799 1430 -1264 14 -34 -65 0 0 0 0 1 -23 157 32 
-792 1415 -1267 12 -9 -66 0 0 0 0 1 -23 144 32 
-819 1420 -1286 16 14 -65 0 0 0 0 1 -25 149 30 
-826 1441 -1294 27 -3 -60 0 0 0 0 1 -31 145 31 
-824 1439 -1281 31 -12 -50 0 0 0 0 1 -27 150 17 
-805 1429 -1264 36 -14 -38 0 0 0 0 1 -23 152 32 
