Data Quantity : 14  Accelerometer : 3  Gyroscope : 3  FSR : 5







-1181 1140 -1079 -137 12 298 0 0 0 0 1 51 53 11 
-1130 1100 -1067 -133 14 342 0 0 0 0 1 57 55 12 
-1147 1090 -1070 -126 13 414 0 0 0 0 1 48 52 12 
-1152 1090 -1081 -112 13 448 0 0 0 0 1 46 55 5 
-1171 1075 -1090 -91 23 465 0 0 0 0 1 44 53 2 
-1178 1072 -1092 -48 52 463 0 0 0 0 1 50 52 22 
-1181 1067 -1086 -21 68 440 0 0 0 0 1 53 52 8 
-1194 1062 -1092 10 63 391 0 0 0 0 1 53 60 12 
-1188 1066 -1072 22 53 347 0 0 0 0 1 51 51 6 
-1196 1046 -1071 29 33 279 0 0 0 0 1 42 61 11 
-1191 1043 -1075 23 11 217 0 0 0 0 1 49 53 13 
-1185 1034 -1111 22 -7 179 0 0 0 0 1 44 61 13 
-1193 1037 -1130 23 -36 124 0 0 0 0 1 50 65 12 
-1226 1057 -1162 28 -59 70 0 0 0 0 1 44 44 16 
-1228 1069 -1198 25 -78 46 0 0 0 0 1 43 52 8 
-1247 1074 -1209 21 -105 28 0 0 0 0 1 40 53 9 
-1256 1110 -1225 15 -115 20 0 0 0 0 1 47 63 11 
-1268 1121 -1243 24 -130 18 0 0 0 0 1 55 55 3 
-1260 1140 -1258 36 -137 25 0 0 0 0 1 53 55 3 
-1281 1153 -1281 74 -145 35 0 0 0 0 1 53 67 12 
-1276 1161 -1302 109 -148 44 0 0 0 0 1 46 52 8 
-1283 1164 -1302 145 -128 64 0 0 0 0 1 50 55 5 
-1266 1176 -1299 166 -94 83 0 0 0 0 1 50 50 17 
-1257 1184 -1296 185 -35 122 0 0 0 0 1 61 53 6 
-1235 1183 -1282 190 -7 154 0 0 0 0 1 51 46 18 
-1199 1183 -1238 194 28 193 0 0 0 0 1 53 52 12 
-1192 1178 -1221 197 42 207 0 0 0 0 1 48 55 1 
-1169 1174 -1193 197 41 210 0 0 0 0 1 51 56 4 
-1158 1170 -1168 202 27 203 0 0 0 0 1 57 52 8 
-1139 1167 -1145 210 7 182 0 0 0 0 1 47 49 6 
-1133 1174 -1145 213 -4 157 0 0 0 0 1 40 41 4 
-1126 1194 -1148 220 -11 130 0 0 0 0 1 53 50 5 
-1117 1201 -1145 226 -10 90 0 0 0 0 1 53 52 10 
-1088 1197 -1123 213 6 60 0 0 0 0 1 51 46 11 
-1080 1196 -1117 199 7 41 0 0 0 0 1 44 49 16 
-1092 1211 -1111 184 2 27 0 0 0 0 1 50 50 12 
-1103 1222 -1128 166 -14 6 0 0 0 0 1 46 50 -3 
-1110 1225 -1139 155 -37 -18 0 0 0 0 1 48 42 8 
-1114 1246 -1164 145 -56 -33 0 0 0 0 1 49 46 11 
-1113 1241 -1183 133 -70 -39 0 0 0 0 1 54 34 4 
-1104 1245 -1197 125 -65 -37 0 0 0 0 1 43 35 8 
-1127 1241 -1223 124 -42 -47 0 0 0 0 1 44 41 4 
-1158 1250 -1264 132 -9 -69 0 0 0 0 1 50 40 12 
-1185 1260 -1284 134 8 -87 0 0 0 0 1 57 42 3 
-1180 1253 -1290 133 40 -110 0 0 0 0 1 55 50 5 
-1183 1252 -1306 126 55 -120 0 0 0 0 1 61 39 -2 
-1226 1255 -1328 111 64 -157 0 0 0 0 1 54 34 6 
-1251 1279 -1349 89 57 -188 0 0 0 0 1 60 42 1 
-1243 1274 -1369 50 16 -210 0 0 0 0 1 56 41 2 
-1234 1286 -1376 9 2 -231 0 0 0 0 1 40 36 4 
-1236 1279 -1373 -59 31 -267 0 0 0 0 1 64 38 3 
-1240 1286 -1370 -102 66 -294 0 0 0 0 1 44 31 13 
-1227 1293 -1362 -167 102 -333 0 0 0 0 1 49 36 6 
-1205 1289 -1321 -219 117 -354 0 0 0 0 1 50 35 8 
-1186 1293 -1279 -292 126 -384 0 0 0 0 1 40 41 6 
-1205 1292 -1269 -360 114 -442 0 0 0 0 1 47 44 2 
-1244 1331 -1210 -414 105 -500 0 0 0 0 1 60 40 12 
-1267 1339 -1156 -502 57 -594 0 0 0 0 1 55 52 8 
-1291 1345 -1128 -554 -22 -654 0 0 0 0 1 55 42 8 
-1297 1353 -1120 -627 -158 -716 0 0 0 0 1 53 47 1 
-1272 1368 -1123 -677 -241 -733 0 0 0 0 1 49 49 6 
-1256 1360 -1149 -693 -251 -722 0 0 0 0 1 53 42 8 
-1254 1360 -1167 -676 -192 -685 0 0 0 0 1 50 35 10 
-1230 1327 -1158 -651 -113 -644 0 0 0 0 1 57 40 17 
-1188 1296 -1140 -595 30 -552 0 0 0 0 1 60 45 10 
-1145 1248 -1101 -520 153 -453 0 0 0 0 1 68 41 6 
-1119 1187 -1070 -463 201 -400 0 0 0 0 1 46 52 10 
-1108 1165 -1047 -372 227 -364 0 0 0 0 1 55 52 5 
-1077 1095 -1043 -266 237 -371 0 0 0 0 1 49 53 6 
-938 1029 -1095 -177 240 -378 0 0 0 0 1 48 60 5 
-820 965 -1161 -22 262 -385 0 0 0 0 1 42 51 0 
-638 818 -1246 98 330 -399 0 0 0 0 1 43 52 15 
-581 697 -1310 270 537 -480 0 0 0 0 1 49 46 9 
-688 596 -1388 354 709 -622 0 0 0 0 1 53 52 -3 
-711 498 -1364 362 917 -943 0 0 0 0 1 50 45 5 
-744 300 -1286 260 949 -1241 0 0 0 0 1 49 39 0 
-779 224 -1187 -54 764 -1798 0 0 0 0 1 49 44 -9 
-805 117 -1039 -532 440 -2454 0 0 0 0 1 36 45 -1 
-793 69 -1097 -876 269 -2916 0 0 0 0 1 57 45 5 
-774 48 -1208 -1352 196 -3623 0 0 0 0 1 50 45 -1 
-913 10 -1386 -1710 385 -4352 0 0 0 0 1 43 38 -8 
-1238 -20 -1594 -1860 586 -4861 0 0 0 0 1 48 47 3 
-1424 -33 -1564 -2051 882 -5562 0 0 0 0 1 50 40 10 
-1568 -124 -1355 -2290 1022 -6101 0 0 0 0 1 47 41 13 
-1846 -181 -1165 -2491 1029 -6414 0 0 0 0 1 53 40 8 
-2084 -132 -1044 -2861 1008 -6819 0 0 0 0 1 40 49 11 
-2618 -60 -923 -3258 1006 -7125 0 0 0 0 1 37 39 2 
-2756 -69 -911 -3522 1019 -7244 0 0 0 0 1 41 52 8 
-3345 -266 -845 -3926 1191 -7302 0 0 0 0 1 44 63 9 
-3503 -246 -802 -4219 1322 -7267 0 0 0 0 1 54 63 13 
-3895 47 -540 -4710 1185 -7014 0 0 0 0 1 47 68 4 
-4092 -219 -606 -5004 749 -6623 0 0 0 0 1 61 68 9 
-4204 -143 -654 -5289 67 -5842 0 0 0 0 1 55 82 22 
-4449 -39 -833 -5270 -144 -5316 0 0 0 0 1 67 91 29 
-4662 -232 -992 -4845 -52 -4661 0 0 0 0 1 73 98 27 
-4924 -452 -817 -4419 254 -4356 0 0 0 0 1 76 106 29 
-4914 -564 -652 -3699 610 -3973 0 0 0 0 1 79 111 45 
-4690 -527 -394 -3220 463 -3698 0 0 0 0 1 89 117 48 
-4458 -472 -275 -2559 -280 -3206 0 0 0 0 1 94 127 41 
-3956 -417 -249 -1972 -999 -2615 0 0 0 0 1 87 125 53 
-3342 -356 -354 -1601 -1225 -2192 0 0 0 0 1 114 126 54 
-3067 -340 -517 -1027 -1377 -1591 0 0 0 0 1 106 112 65 
-2912 -460 -920 -369 -1478 -1101 0 0 0 0 1 123 123 80 
-3144 -876 -1197 57 -1320 -898 0 0 0 0 1 134 117 81 
-3522 -1125 -1116 468 -823 -752 0 0 0 0 1 130 116 80 
-3858 -1739 -1054 582 -454 -530 0 0 0 0 1 141 112 83 
-4086 -1649 -998 568 -601 -346 0 0 0 0 1 139 112 83 
-4406 -1761 -228 334 -1704 454 0 0 0 0 1 145 101 77 
-3825 -2394 846 877 -3429 2599 0 0 0 0 1 148 112 95 
-4520 -2658 707 3148 -3200 4585 0 0 0 0 1 153 117 95 
-5739 -3437 552 5110 -1757 5402 0 0 0 0 1 148 105 100 
-6763 -3462 555 7570 -1306 6469 0 0 0 0 1 146 120 90 
-6927 -3124 753 8790 -4700 8233 0 0 0 0 1 159 111 84 
-6585 -2530 11 9346 -6896 10577 0 0 0 0 1 153 117 95 
-6537 -1723 -1310 10075 -6890 12498 0 0 0 0 1 152 114 84 
-7091 -1100 -1980 11829 -6232 15484 0 0 0 0 1 148 127 104 
-8628 -1865 -2181 13030 -5154 17241 0 0 0 0 1 136 142 86 
-9700 -3016 -2404 14467 -2473 19133 0 0 0 0 1 128 150 75 
-10682 -5518 -3477 15290 1360 20233 0 0 0 0 1 96 137 58 
-9027 -7693 -3544 15030 5079 20704 0 0 0 0 1 11 117 0 
-7198 -9260 -2471 12953 10754 20040 0 0 0 0 1 -35 78 -18 
-1869 -11054 797 10235 10017 16364 0 0 0 0 1 -80 26 -20 
2261 -12930 6569 8367 3975 11390 0 0 0 0 1 -116 -6 -26 
2391 -12205 8598 4186 -6188 428 0 0 0 0 1 -103 -31 -20 
-842 -8191 931 -879 -10239 -8709 0 0 0 0 1 -79 -45 -15 
-2169 -4031 -6484 -4529 -9022 -10876 0 0 0 0 1 -18 -26 -20 
-205 -3498 -899 -11648 -4108 -8819 0 0 0 0 1 2 4 -27 
804 -2903 1123 -16173 -4499 -4446 0 0 0 0 1 10 60 -10 
734 -1929 -345 -15983 -6118 -2171 0 0 0 0 1 24 118 12 
652 -1754 -1687 -12084 -6605 -914 0 0 0 0 1 48 148 31 
367 -1476 -1754 -6550 -3373 -1781 0 0 0 0 1 73 183 65 
959 -1659 -1938 -3156 -518 -2319 0 0 0 0 1 84 193 97 
1182 -1858 -1231 188 3156 -2274 0 0 0 0 1 87 196 81 
554 -1302 1042 1063 4677 -1995 0 0 0 0 1 76 192 73 
-651 -497 1152 1352 4800 -1895 0 0 0 0 1 75 181 79 
-1061 -144 821 1256 4012 -2037 0 0 0 0 1 77 176 67 
-860 22 613 814 3086 -2134 0 0 0 0 1 63 179 53 
-573 -164 165 514 2714 -1940 0 0 0 0 1 56 174 48 
-434 -226 -405 306 2186 -1456 0 0 0 0 1 49 166 44 
-642 -145 -1284 393 1801 -1090 0 0 0 0 1 47 161 44 
-855 -149 -1592 534 1638 -984 0 0 0 0 1 50 158 47 
-1009 -246 -1841 720 1510 -998 0 0 0 0 1 36 150 31 
-1011 -498 -1710 634 1586 -1194 0 0 0 0 1 44 139 25 
-1103 -461 -1542 391 1524 -1482 0 0 0 0 1 25 142 23 
-1228 -467 -1449 -162 985 -2126 0 0 0 0 1 35 147 32 
-1277 -492 -1290 -775 354 -2794 0 0 0 0 1 25 122 20 
-1226 -340 -1381 -1092 -74 -3143 0 0 0 0 1 34 141 26 
-1175 -267 -1611 -1317 -668 -3437 0 0 0 0 1 33 127 27 
-1093 -45 -1727 -1367 -896 -3519 0 0 0 0 1 55 133 31 
-1118 207 -1680 -1432 -1042 -3592 0 0 0 0 1 61 130 39 
-1206 252 -1545 -1619 -972 -3740 0 0 0 0 1 73 130 32 
-1471 264 -1388 -1934 -682 -3997 0 0 0 0 1 86 133 40 
-1583 219 -1318 -2192 -261 -4198 0 0 0 0 1 84 127 48 
-1605 216 -1364 -2485 712 -4425 0 0 0 0 1 100 123 50 
-1566 591 -1559 -2596 1788 -4562 0 0 0 0 1 93 133 43 
-1607 1018 -1297 -2697 2282 -4619 0 0 0 0 1 87 122 41 
-1641 1245 -936 -3016 2142 -4525 0 0 0 0 1 97 118 54 
-1854 941 -497 -3328 1710 -4400 0 0 0 0 1 103 120 58 
-2180 737 -578 -3652 1498 -4352 0 0 0 0 1 103 130 34 
-3062 363 -1455 -3518 2368 -4514 0 0 0 0 1 103 127 48 
-3494 369 -1492 -3264 3464 -4681 0 0 0 0 1 104 128 54 
-3890 616 -1120 -2959 4839 -4835 0 0 0 0 1 84 139 46 
-4310 674 -648 -2849 4980 -4773 0 0 0 0 1 87 127 46 
-5138 753 -631 -2755 3944 -4628 0 0 0 0 1 86 128 38 
-5718 717 -773 -2647 2592 -4475 0 0 0 0 1 66 125 30 
-6491 341 -1269 -2493 2264 -4361 0 0 0 0 1 69 131 40 
-6700 -1070 405 -1398 -1156 -1253 0 0 0 0 1 81 150 61 
-6237 -1061 457 -657 -1547 -711 0 0 0 0 1 100 163 73 
-5595 -1106 435 -107 -1594 -264 0 0 0 0 1 96 149 72 
-5009 -1059 410 122 -1588 -14 0 0 0 0 1 104 153 77 
-4613 -985 363 323 -1727 315 0 0 0 0 1 107 150 73 
-3914 -760 315 417 -1870 492 0 0 0 0 1 108 149 88 
-3634 -763 368 570 -1842 724 0 0 0 0 1 113 152 93 
-3502 -939 523 737 -1230 869 0 0 0 0 1 125 152 83 
-3318 -1498 1047 941 -20 1001 0 0 0 0 1 116 153 96 
-3362 -1553 1209 1159 693 1088 0 0 0 0 1 120 161 93 
-3599 -1534 1532 1716 765 1370 0 0 0 0 1 107 143 80 
-3794 -1436 1870 2286 133 1735 0 0 0 0 1 114 148 87 
-4331 -1281 2299 3420 -1195 2398 0 0 0 0 1 119 141 64 
-4801 -1454 1883 5334 -3797 3642 0 0 0 0 1 117 139 83 
-4868 -1557 1523 7026 -5728 4747 0 0 0 0 1 126 133 75 
-5197 -1511 1491 9640 -7991 6406 0 0 0 0 1 155 117 67 
-5093 -1808 40 11559 -9631 7660 0 0 0 0 1 159 106 84 
-4911 -2565 -1095 14483 -10655 9923 0 0 0 0 1 167 90 100 
-4789 -5967 -3970 16698 -6863 12557 0 0 0 0 1 186 100 102 
-5238 -7236 -5339 17469 -2843 14563 0 0 0 0 1 178 91 103 
-5913 -10354 -6836 17475 3666 17694 0 0 0 0 1 161 104 80 
-4752 -11757 -7510 15157 12571 19841 0 0 0 0 1 77 95 13 
-1179 -10914 -7470 12641 16985 19265 0 0 0 0 1 1 77 -12 
-153 -10441 -4405 8911 15342 12589 0 0 0 0 1 -66 49 -25 
-3 -9375 4578 4217 6349 963 0 0 0 0 1 -92 19 -34 
976 -9122 7758 -294 -400 -5287 0 0 0 0 1 -113 7 -30 
1710 -6980 6304 -7814 -9063 -9169 0 0 0 0 1 -97 25 -38 
1261 -3941 1908 -11981 -11963 -8305 0 0 0 0 1 -3 87 -29 
565 -2753 -4827 -11042 -9044 -7340 0 0 0 0 1 14 117 -4 
607 -3473 -6147 -6790 -1658 -6353 0 0 0 0 1 48 143 19 
-76 -4342 -3395 -3451 3485 -5351 0 0 0 0 1 55 148 40 
-835 -4245 -1423 -2741 4374 -4898 0 0 0 0 1 54 137 25 
-1629 -4032 -54 -3234 3387 -5172 0 0 0 0 1 46 155 19 
-2296 -3339 106 -3756 2808 -6248 0 0 0 0 1 48 155 40 
-1941 -2086 -951 -3594 3117 -6828 0 0 0 0 1 55 165 40 
-1399 -1314 -1310 -2886 3202 -6817 0 0 0 0 1 55 153 45 
-895 -478 -1404 -2422 2737 -6289 0 0 0 0 1 62 158 40 
-954 260 -1522 -1903 1940 -5293 0 0 0 0 1 58 137 39 
-1099 415 -1639 -1521 1399 -4399 0 0 0 0 1 57 155 43 
-1761 180 -1897 -1190 1310 -3877 0 0 0 0 1 68 149 41 
-2176 235 -1885 -1038 1501 -3787 0 0 0 0 1 84 142 34 
-2648 289 -1948 -950 1898 -3914 0 0 0 0 1 62 136 45 
-2912 544 -1887 -1025 2135 -4013 0 0 0 0 1 70 134 34 
-2898 656 -1597 -1428 2334 -4033 0 0 0 0 1 64 141 40 
-2942 768 -983 -1860 2206 -3971 0 0 0 0 1 67 131 31 
-2813 683 -669 -2503 1450 -3674 0 0 0 0 1 73 125 32 
-2779 586 -781 -2768 598 -3240 0 0 0 0 1 66 127 32 
-3037 606 -1316 -2486 383 -2875 0 0 0 0 1 61 144 34 
-3181 580 -1388 -2111 817 -2696 0 0 0 0 1 79 155 50 
-3204 688 -1283 -1502 2200 -2449 0 0 0 0 1 70 147 53 
-3215 728 -945 -1167 3217 -2261 0 0 0 0 1 71 138 45 
-3418 736 -739 -841 4024 -2012 0 0 0 0 1 63 139 39 
-3746 610 -534 -734 3928 -1873 0 0 0 0 1 42 149 30 
-4144 486 -387 -731 3167 -1764 0 0 0 0 1 34 150 43 
-4437 430 -455 -760 2135 -1804 0 0 0 0 1 24 136 38 
-4665 507 -734 -730 1545 -1863 0 0 0 0 1 35 139 25 
-4611 471 -1002 -600 1085 -1890 0 0 0 0 1 31 133 22 
-4507 371 -1077 -502 1281 -1788 0 0 0 0 1 31 143 31 
-4511 136 -1095 -487 1527 -1701 0 0 0 0 1 23 144 25 
-4659 -22 -1029 -580 1561 -1632 0 0 0 0 1 27 138 38 
-4883 -233 -1016 -744 1104 -1666 0 0 0 0 1 24 150 22 
-4960 -392 -1092 -848 786 -1725 0 0 0 0 1 21 142 27 
-5039 -423 -1202 -935 435 -1869 0 0 0 0 1 23 142 27 
-5038 -510 -1408 -941 242 -2018 0 0 0 0 1 18 144 37 
-5063 -585 -1545 -935 124 -2117 0 0 0 0 1 18 152 39 
-5149 -666 -1526 -979 -201 -2251 0 0 0 0 1 22 155 47 
-5174 -669 -1376 -1106 -831 -2266 0 0 0 0 1 46 153 40 
-5038 -697 -1357 -1184 -1258 -2191 0 0 0 0 1 58 157 41 
-4932 -702 -1368 -1220 -1530 -1995 0 0 0 0 1 54 144 46 
-4698 -720 -1345 -1158 -1283 -1704 0 0 0 0 1 68 161 51 
-4518 -783 -1194 -1098 -815 -1505 0 0 0 0 1 67 160 52 
-4601 -787 -1159 -935 -78 -1301 0 0 0 0 1 75 157 55 
-4625 -687 -1201 -773 237 -1189 0 0 0 0 1 82 152 69 
-4526 -647 -1162 -500 453 -1020 0 0 0 0 1 76 158 59 
-4560 -621 -1007 -367 394 -868 0 0 0 0 1 86 160 57 
-4468 -784 -717 -398 151 -628 0 0 0 0 1 94 154 67 
-4430 -913 -134 -495 10 -402 0 0 0 0 1 83 145 61 
-4297 -1001 180 -526 -17 166 0 0 0 0 1 77 157 62 
-3951 -1021 323 -118 104 1012 0 0 0 0 1 93 165 54 
-4321 -1137 619 374 319 1566 0 0 0 0 1 81 172 61 
-4524 -1236 1370 1196 144 2543 0 0 0 0 1 76 163 54 
-5120 -1248 1991 1985 -1060 3345 0 0 0 0 1 63 154 60 
-5823 -1020 1792 3867 -3903 4629 0 0 0 0 1 87 159 53 
-6068 -909 1467 6309 -6516 5964 0 0 0 0 1 82 142 58 
-6164 -957 1121 7865 -8123 6945 0 0 0 0 1 101 144 60 
-6053 -1090 903 9888 -11011 8625 0 0 0 0 1 101 125 51 
-5874 -1986 638 11073 -12511 9827 0 0 0 0 1 142 118 77 
-5864 -2776 -15 12977 -14102 11781 0 0 0 0 1 166 118 84 
-7164 -6081 -1931 15540 -14227 13784 0 0 0 0 1 173 116 110 
-8452 -8284 -3652 17857 -12434 14888 0 0 0 0 1 188 130 118 
-9744 -10617 -5064 21535 -5255 16420 0 0 0 0 1 171 131 124 
-9836 -12849 -5122 22693 2950 17647 0 0 0 0 1 158 125 88 
-5373 -11882 -5014 21009 13897 19518 0 0 0 0 1 119 123 47 
-3059 -11028 -4029 16682 9938 16569 0 0 0 0 1 -4 36 -27 
-402 -9440 3378 12810 3509 9592 0 0 0 0 1 -9 2 -25 
-311 -8398 5263 4861 624 -3664 0 0 0 0 1 -16 -44 -25 
1327 -7180 1798 -2244 3011 -12431 0 0 0 0 1 -25 -36 -34 
-1275 -5348 1743 -6027 1767 -14481 0 0 0 0 1 -31 -20 -29 
-1229 -4807 1940 -11044 -4198 -11613 0 0 0 0 1 -42 -7 -23 
-805 -1790 1556 -13723 -6992 -5777 0 0 0 0 1 1 82 -24 
-1243 -1073 -3065 -11398 -5606 -1896 0 0 0 0 1 27 104 19 
-1600 -3450 -5114 -6541 523 -1274 0 0 0 0 1 44 154 30 
-1793 -3803 -4591 -3449 4733 -1967 0 0 0 0 1 41 153 26 
-2199 -3626 -3250 -401 8629 -3603 0 0 0 0 1 30 174 30 
-2663 -2517 -730 314 9511 -4765 0 0 0 0 1 8 155 26 
-2840 -1737 1125 -150 8292 -6353 0 0 0 0 1 -15 153 17 
-2699 -1088 1567 -1380 4937 -7244 0 0 0 0 1 -18 159 20 
-1587 -620 1071 -2184 2620 -7066 0 0 0 0 1 -12 160 19 
-1011 -223 132 -2709 429 -6079 0 0 0 0 1 -8 155 15 
-779 302 -1750 -2085 -1 -5041 0 0 0 0 1 -1 148 31 
-1082 410 -2682 -900 1458 -4533 0 0 0 0 1 8 160 15 
-1405 376 -2765 -185 2740 -4484 0 0 0 0 1 9 159 27 
-1873 411 -2615 412 3784 -4803 0 0 0 0 1 10 155 29 
-2501 549 -2161 402 3689 -5201 0 0 0 0 1 3 150 31 
-2713 726 -1412 -176 2706 -5715 0 0 0 0 1 2 149 18 
-2396 984 -988 -1197 955 -5538 0 0 0 0 1 0 144 16 
-1642 957 -1175 -1795 130 -4977 0 0 0 0 1 12 145 10 
-1817 1387 -1750 -2007 76 -4302 0 0 0 0 1 18 154 30 
-2191 1354 -2670 -1685 660 -4021 0 0 0 0 1 29 138 22 
-2350 1295 -2824 -963 2437 -3724 0 0 0 0 1 30 149 30 
-2643 1022 -2364 -459 4112 -3459 0 0 0 0 1 23 149 32 
-3203 875 -1948 -344 4424 -3342 0 0 0 0 1 17 153 19 
-3485 882 -1564 -594 3741 -3243 0 0 0 0 1 9 147 23 
-3733 844 -947 -976 2945 -3242 0 0 0 0 1 -1 145 19 
-3848 1199 -931 -1535 1839 -3273 0 0 0 0 1 -8 145 15 
-3748 1209 -1436 -1584 1282 -3108 0 0 0 0 1 -16 147 23 
-4101 1203 -1962 -1201 1645 -2964 0 0 0 0 1 -5 158 26 
-4144 1144 -1891 -878 2028 -2827 0 0 0 0 1 -17 145 29 
-4253 1121 -1689 -546 2143 -2608 0 0 0 0 1 -11 144 32 
-4447 1002 -1422 -471 1888 -2477 0 0 0 0 1 -12 143 22 
-4576 824 -1425 -480 1397 -2358 0 0 0 0 1 -21 152 30 
-4909 490 -1501 -589 1049 -2391 0 0 0 0 1 -11 152 39 
-5108 297 -1649 -718 685 -2501 0 0 0 0 1 -11 147 30 
-5017 208 -1731 -806 532 -2556 0 0 0 0 1 -20 158 26 
-5048 146 -1816 -926 333 -2637 0 0 0 0 1 -14 161 25 
-5227 -33 -1876 -969 222 -2656 0 0 0 0 1 -1 160 31 
-5315 -170 -1801 -1094 33 -2631 0 0 0 0 1 0 154 30 
-5287 -224 -1495 -1297 -316 -2506 0 0 0 0 1 3 158 36 
-5115 -139 -1441 -1386 -485 -2378 0 0 0 0 1 15 172 36 
-4841 -57 -1436 -1389 -557 -2141 0 0 0 0 1 20 165 45 
-4604 -186 -1350 -1323 -583 -1971 0 0 0 0 1 31 170 43 
-4522 -318 -1235 -1187 -648 -1727 0 0 0 0 1 37 169 44 
-4400 -421 -1073 -1035 -775 -1490 0 0 0 0 1 48 177 50 
-4106 -351 -833 -866 -1057 -1179 0 0 0 0 1 41 163 50 
-3984 -291 -685 -748 -1251 -955 0 0 0 0 1 50 158 59 
-3807 -260 -499 -565 -1404 -595 0 0 0 0 1 53 177 61 
-3599 -403 -255 -446 -1295 -352 0 0 0 0 1 64 175 57 
-3440 -569 -63 -264 -705 22 0 0 0 0 1 66 164 55 
-3333 -866 169 -32 -106 368 0 0 0 0 1 71 175 57 
-3532 -1090 568 125 48 572 0 0 0 0 1 75 171 79 
-3637 -1267 901 351 -150 922 0 0 0 0 1 70 181 74 
-4045 -1192 1738 486 -638 1219 0 0 0 0 1 67 182 71 
-4384 -657 2287 871 -1843 1840 0 0 0 0 1 76 170 64 
-4708 -1029 2112 1605 -2839 2501 0 0 0 0 1 79 172 73 
-4625 -1607 1474 3653 -4679 4039 0 0 0 0 1 87 171 65 
-5028 -1535 1696 6028 -5863 5462 0 0 0 0 1 90 170 57 
-5720 -1752 1858 7494 -6737 6191 0 0 0 0 1 95 158 71 
-5680 -2089 1300 9451 -9114 7050 0 0 0 0 1 103 154 53 
-4959 -2338 -73 10953 -11626 7798 0 0 0 0 1 117 134 58 
-4113 -2650 -1743 12131 -12665 8836 0 0 0 0 1 130 118 75 
-3745 -3707 -3532 14565 -11308 11355 0 0 0 0 1 158 115 74 
-4334 -5950 -6033 16554 -8107 13407 0 0 0 0 1 166 106 80 
-5316 -8450 -7589 18208 1540 16503 0 0 0 0 1 146 125 65 
-6177 -10544 -7776 15229 11964 17769 0 0 0 0 1 94 110 27 
-3596 -9394 -7123 12135 14804 16674 0 0 0 0 1 35 93 -16 
230 -8446 -5875 8567 15138 12334 0 0 0 0 1 -27 74 -24 
-31 -6371 41 6250 12863 6972 0 0 0 0 1 -83 42 -29 
-792 -6359 4567 1570 4181 -1776 0 0 0 0 1 -120 19 -18 
1873 -5515 5907 -3966 -4600 -6506 0 0 0 0 1 -116 28 -31 
913 -4664 2978 -7761 -9593 -8215 0 0 0 0 1 -76 57 -26 
-720 -2465 -1998 -8532 -8699 -8832 0 0 0 0 1 -38 94 -10 
-344 -2030 -4041 -7486 -4498 -8894 0 0 0 0 1 -9 107 -6 
163 -2393 -4077 -5537 -1086 -7684 0 0 0 0 1 27 136 22 
89 -2627 -3102 -4362 608 -6240 0 0 0 0 1 38 153 12 
-314 -2853 -2229 -4120 880 -5598 0 0 0 0 1 42 147 27 
-748 -2978 -1856 -4130 1067 -5493 0 0 0 0 1 58 147 37 
-1391 -2643 -1828 -4092 1526 -5906 0 0 0 0 1 70 157 32 
-1483 -2075 -1541 -3878 2548 -6663 0 0 0 0 1 54 159 41 
-1674 -1532 -1258 -3587 2580 -7159 0 0 0 0 1 71 158 47 
-1632 -437 -865 -3458 1669 -7102 0 0 0 0 1 73 164 48 
-1488 -204 -1182 -3169 -131 -6421 0 0 0 0 1 83 150 61 
-1620 296 -1943 -2651 -441 -5642 0 0 0 0 1 110 157 60 
-1965 461 -2398 -2247 299 -5231 0 0 0 0 1 110 144 74 
-2151 330 -2235 -1831 1800 -4746 0 0 0 0 1 119 141 66 
-2552 122 -1771 -1755 2442 -4416 0 0 0 0 1 121 148 59 
-2947 -53 -1589 -1815 2449 -4258 0 0 0 0 1 117 132 62 
-3285 -16 -1286 -2077 2382 -4027 0 0 0 0 1 123 128 57 
-3503 51 -986 -2263 2194 -3762 0 0 0 0 1 108 132 60 
-3583 67 -915 -2369 1785 -3191 0 0 0 0 1 115 122 58 
-3619 358 -554 -2371 1517 -2642 0 0 0 0 1 109 116 61 
-3496 510 -535 -2270 1406 -2320 0 0 0 0 1 103 122 60 
-3433 486 -784 -1891 1419 -1919 0 0 0 0 1 109 123 61 
-3521 166 -1014 -1332 1906 -1597 0 0 0 0 1 100 114 61 
-3618 -31 -1042 -969 2420 -1400 0 0 0 0 1 104 128 50 
-3698 -168 -1013 -567 2993 -1131 0 0 0 0 1 90 128 45 
-3913 -168 -772 -457 3100 -994 0 0 0 0 1 81 126 47 
-3945 -9 -515 -527 2787 -874 0 0 0 0 1 62 126 36 
-3814 368 -504 -639 2074 -834 0 0 0 0 1 73 137 30 
-3750 376 -582 -649 1707 -822 0 0 0 0 1 63 130 34 
-3870 251 -904 -578 1643 -917 0 0 0 0 1 63 120 34 
-4416 -293 -1088 -541 2012 -1171 0 0 0 0 1 51 139 32 
-4719 -480 -1130 -545 2143 -1416 0 0 0 0 1 41 136 26 
-4943 -515 -1066 -647 1781 -1818 0 0 0 0 1 40 137 39 
-5031 -507 -859 -800 1294 -2059 0 0 0 0 1 43 123 26 
-4970 -412 -790 -1065 371 -2372 0 0 0 0 1 36 126 31 
-4900 -389 -1031 -1247 -540 -2613 0 0 0 0 1 55 116 22 
-4842 -432 -1171 -1348 -1000 -2736 0 0 0 0 1 62 136 31 
-4838 -776 -1241 -1427 -1112 -2750 0 0 0 0 1 68 134 39 
-4970 -1011 -1250 -1464 -1225 -2733 0 0 0 0 1 67 128 36 
-5113 -1170 -1147 -1522 -1598 -2666 0 0 0 0 1 75 122 58 
-5047 -1091 -1038 -1531 -2035 -2585 0 0 0 0 1 92 127 51 
-4820 -1432 -1091 -1424 -2444 -2375 0 0 0 0 1 104 133 64 
-4608 -1566 -868 -1343 -1794 -1962 0 0 0 0 1 121 126 66 
-4067 -1464 -548 -1242 -880 -1484 0 0 0 0 1 121 123 73 
-3956 -1324 -467 -1132 -690 -1177 0 0 0 0 1 134 120 72 
-3882 -1156 -181 -1037 -956 -742 0 0 0 0 1 126 123 75 
-3709 -1000 137 -984 -1341 -443 0 0 0 0 1 132 127 81 
-3560 -951 106 -742 -1728 -30 0 0 0 0 1 145 123 96 
-3457 -1081 162 -421 -1313 303 0 0 0 0 1 158 122 95 
-3085 -1391 552 -278 -647 556 0 0 0 0 1 141 134 97 
-2843 -1439 985 -272 359 1072 0 0 0 0 1 148 137 102 
-2506 -1538 1576 -409 954 1785 0 0 0 0 1 151 139 97 
-2689 -1622 2171 -498 1110 2305 0 0 0 0 1 139 139 95 
-2867 -1626 2788 -506 815 3343 0 0 0 0 1 139 149 100 
-3678 -1196 3028 -102 415 4040 0 0 0 0 1 121 153 101 
-3899 -1728 2672 1556 -787 5396 0 0 0 0 1 115 174 93 
-4472 -1799 2706 4138 -3118 6875 0 0 0 0 1 107 175 82 
-5483 -1175 3115 6106 -5228 7634 0 0 0 0 1 107 180 89 
-5767 -1003 2592 9251 -8733 8595 0 0 0 0 1 106 164 90 
-5283 -942 750 11306 -10151 9393 0 0 0 0 1 108 159 88 
-4281 -613 -1298 14258 -9671 11611 0 0 0 0 1 113 157 86 
-2624 -989 -4834 16816 -6336 15687 0 0 0 0 1 115 130 74 
-4092 -1901 -4924 17861 -2933 18765 0 0 0 0 1 89 137 37 
-6982 -3644 -4524 17626 1443 21602 0 0 0 0 1 62 109 24 
-11154 -7142 -1057 15063 3729 21288 0 0 0 0 1 25 93 4 
-11717 -8633 2290 8034 4256 17319 0 0 0 0 1 7 68 -18 
-4719 -14102 2423 1890 4246 12073 0 0 0 0 1 -18 63 -30 
2375 -14963 -1280 1601 1661 8190 0 0 0 0 1 -63 49 -32 
5197 -10820 -3554 3102 1374 4190 0 0 0 0 1 -62 40 -33 
1370 -7326 -2709 4112 2643 -3643 0 0 0 0 1 -69 28 -26 
-204 -5526 -1153 2067 2642 -8662 0 0 0 0 1 -73 17 -39 
-1059 -4091 2624 -1264 490 -9554 0 0 0 0 1 -74 3 -29 
-1933 -2459 2875 -6995 -4090 -8839 0 0 0 0 1 -77 17 -23 
-2181 -1809 1210 -10437 -6564 -6919 0 0 0 0 1 -25 76 -16 
-1731 -1645 -2828 -10411 -6422 -5546 0 0 0 0 1 1 116 -5 
-1429 -2714 -4592 -7875 -3246 -4360 0 0 0 0 1 15 138 17 
-1468 -3203 -4254 -4757 1035 -4450 0 0 0 0 1 31 160 31 
-1650 -2993 -2969 -3132 3021 -4871 0 0 0 0 1 37 166 34 
-1981 -2352 -1543 -1695 4509 -5688 0 0 0 0 1 30 164 37 
-2341 -1586 -805 -1211 4490 -6599 0 0 0 0 1 27 158 26 
-2362 -1176 -750 -1179 3699 -7309 0 0 0 0 1 33 149 30 
-2234 -752 -861 -1329 2738 -7507 0 0 0 0 1 29 148 29 
-2073 -422 -1047 -1468 1851 -7248 0 0 0 0 1 43 143 31 
-1860 -5 -1338 -1714 624 -6598 0 0 0 0 1 44 152 25 
-2115 299 -1757 -1803 313 -6292 0 0 0 0 1 55 138 12 
-2342 379 -2158 -1652 690 -6133 0 0 0 0 1 69 138 29 
-2611 358 -2678 -1411 1470 -6170 0 0 0 0 1 70 137 20 
-3186 405 -2864 -991 2734 -6368 0 0 0 0 1 71 123 40 
-3251 350 -2790 -738 3446 -6348 0 0 0 0 1 68 120 23 
-3442 517 -2118 -956 3088 -6059 0 0 0 0 1 58 110 23 
-3247 731 -1223 -1401 2066 -5598 0 0 0 0 1 67 111 22 
-3047 578 -1103 -2080 521 -4677 0 0 0 0 1 58 95 23 
-3350 943 -2050 -2058 407 -3823 0 0 0 0 1 69 96 15 
-3404 880 -2674 -1638 1103 -3485 0 0 0 0 1 70 98 16 
-3515 669 -2692 -924 2566 -3013 0 0 0 0 1 69 91 22 
-3799 454 -2394 -566 3354 -2739 0 0 0 0 1 61 93 9 
-4075 382 -2159 -341 3666 -2400 0 0 0 0 1 43 104 12 
-4397 279 -1697 -436 3436 -2208 0 0 0 0 1 47 93 4 
-4603 307 -1379 -880 2640 -2013 0 0 0 0 1 23 105 9 
-4843 350 -1184 -1390 1502 -1914 0 0 0 0 1 16 95 2 
-4842 300 -1151 -1648 -702 -215 0 0 0 0 1 21 149 23 
-3890 -964 -351 -1479 -649 -241 0 0 0 0 1 22 155 26 
-3806 -1138 -413 -1335 -287 -356 0 0 0 0 1 25 157 39 
-3701 -1185 -339 -1281 -117 -435 0 0 0 0 1 31 160 36 
-3697 -1032 -395 -1207 -202 -551 0 0 0 0 1 18 161 34 
-3533 -740 -625 -1043 -446 -583 0 0 0 0 1 25 166 37 
-3278 -536 -861 -907 -459 -543 0 0 0 0 1 31 170 52 
-3139 -387 -1016 -726 -195 -458 0 0 0 0 1 50 170 43 
-3223 -306 -1254 -584 387 -421 0 0 0 0 1 36 172 50 
-3114 -369 -1337 -559 1218 -330 0 0 0 0 1 31 163 59 
-3155 -484 -1290 -589 1710 -286 0 0 0 0 1 42 166 44 
-3374 -436 -1352 -541 1813 -353 0 0 0 0 1 24 175 57 
-3700 -546 -1415 -359 1288 -531 0 0 0 0 1 25 169 53 
-4351 -481 -1244 -199 854 -756 0 0 0 0 1 29 168 52 
-4701 -504 -1440 241 -199 -1123 0 0 0 0 1 27 177 40 
-5322 -522 -1731 855 -1440 -1386 0 0 0 0 1 33 181 51 
-5363 -466 -1498 1231 -2136 -1302 0 0 0 0 1 27 165 50 
-4607 -525 -1799 1947 -2300 -440 0 0 0 0 1 56 164 55 
-4123 -442 -1917 2620 -1637 1097 0 0 0 0 1 60 141 38 
-3935 -256 -1014 2844 -1745 2470 0 0 0 0 1 58 144 48 
-4249 -50 -898 3183 -3289 4723 0 0 0 0 1 60 141 43 
-4878 402 -1229 4057 -5243 7044 0 0 0 0 1 80 134 37 
-5081 889 -2012 4917 -6173 8578 0 0 0 0 1 76 131 40 
-5420 652 -1767 5879 -7075 10769 0 0 0 0 1 74 131 43 
-5870 569 -1141 6328 -8004 12232 0 0 0 0 1 76 131 38 
-6420 407 -946 7144 -9690 14281 0 0 0 0 1 86 133 45 
-7222 -1028 -1325 8305 -10142 16119 0 0 0 0 1 100 148 54 
-7613 -1967 -1586 8907 -8827 17117 0 0 0 0 1 94 149 58 
-7776 -2676 -1834 9079 -6380 18678 0 0 0 0 1 86 155 52 
-8557 -3962 -1579 8566 -4009 19837 0 0 0 0 1 68 161 41 
-10356 -5742 -1213 8161 -2914 19684 0 0 0 0 1 38 160 33 
-10753 -7590 -906 7551 -1042 18016 0 0 0 0 1 12 153 24 
-7802 -9860 -548 7171 784 16382 0 0 0 0 1 -48 123 5 
-2238 -11690 -1209 7398 1743 13187 0 0 0 0 1 -54 100 -18 
145 -11241 -1490 8143 1301 7466 0 0 0 0 1 -81 79 -17 
1618 -9491 242 7474 1519 2537 0 0 0 0 1 -95 40 -22 
1278 -7811 717 4682 2136 -4329 0 0 0 0 1 -95 20 -19 
-735 -5078 309 947 2388 -8797 0 0 0 0 1 -109 1 -19 
-1964 -3726 963 -1983 1323 -10108 0 0 0 0 1 -112 20 -29 
-1858 -3100 1476 -6898 -1789 -9599 0 0 0 0 1 -97 65 -22 
-1018 -1574 1041 -11297 -4644 -7014 0 0 0 0 1 -83 77 -15 
-1112 -1163 -519 -13240 -5530 -4675 0 0 0 0 1 -50 131 -8 
-1484 -1358 -3194 -12902 -4807 -4040 0 0 0 0 1 -18 164 25 
-1419 -1841 -4090 -10821 -1980 -4407 0 0 0 0 1 -18 206 53 
-1222 -2373 -4366 -7887 1336 -5569 0 0 0 0 1 15 251 103 
-910 -2476 -4096 -5853 3130 -6323 0 0 0 0 1 35 250 114 
-743 -2333 -3602 -3154 5252 -7084 0 0 0 0 1 43 253 131 
-796 -1738 -2001 -1340 6371 -7350 0 0 0 0 1 49 252 123 
-931 -1289 -1294 -744 6124 -7344 0 0 0 0 1 58 237 123 
-1254 -870 -689 -692 4854 -7428 0 0 0 0 1 64 234 122 
-2125 -496 -208 -1012 3906 -7668 0 0 0 0 1 87 213 100 
-2864 -233 -381 -1663 2601 -8160 0 0 0 0 1 96 206 102 
-3130 7 -502 -2379 1748 -8442 0 0 0 0 1 123 192 96 
-2917 57 -773 -2798 1521 -8319 0 0 0 0 1 125 193 104 
-2992 410 -989 -3145 1717 -7895 0 0 0 0 1 134 174 114 
-3157 496 -901 -3286 2176 -7436 0 0 0 0 1 141 157 109 
-3671 424 -451 -3348 2593 -7082 0 0 0 0 1 162 139 114 
-3897 279 -307 -3349 2744 -6910 0 0 0 0 1 169 134 109 
-4125 226 -406 -3179 2937 -6562 0 0 0 0 1 162 122 109 
-3782 144 -103 -3043 3015 -5999 0 0 0 0 1 166 111 96 
-3452 81 -102 -2775 2861 -4702 0 0 0 0 1 167 98 93 
-3499 297 -203 -2397 2726 -3373 0 0 0 0 1 155 103 88 
-3737 136 -342 -1953 2857 -2269 0 0 0 0 1 154 99 82 
-3857 -24 -408 -1670 3140 -1681 0 0 0 0 1 151 93 72 
-3974 -185 -532 -1227 3744 -963 0 0 0 0 1 134 98 79 
-4210 -565 -544 -872 4608 -444 0 0 0 0 1 130 106 61 
-4502 -826 -346 -746 5025 -268 0 0 0 0 1 125 105 48 
-4769 -952 -104 -738 4811 -294 0 0 0 0 1 101 112 32 
-5195 -1058 149 -819 4113 -520 0 0 0 0 1 82 115 32 
-5315 -991 141 -959 2699 -1017 0 0 0 0 1 73 105 34 
-5121 -883 -96 -982 1446 -1394 0 0 0 0 1 77 98 25 
-4734 -811 -687 -862 1000 -1493 0 0 0 0 1 68 110 23 
-4571 -846 -1015 -525 957 -1466 0 0 0 0 1 57 104 26 
-4608 -1029 -1399 -142 1341 -1427 0 0 0 0 1 56 100 23 
-4662 -1135 -1412 55 1516 -1439 0 0 0 0 1 51 107 13 
-4827 -1256 -1442 159 1273 -1583 0 0 0 0 1 57 99 29 
-5011 -1386 -1447 89 819 -1742 0 0 0 0 1 50 99 15 
-5022 -1484 -1463 -188 -47 -1992 0 0 0 0 1 50 94 15 
-5117 -1677 -1643 -532 -940 -2258 0 0 0 0 1 69 96 17 
-5293 -1915 -1887 -754 -1413 -2450 0 0 0 0 1 69 94 15 
-5345 -2060 -2050 -1027 -1907 -2686 0 0 0 0 1 79 96 29 
-5074 -2316 -2035 -1292 -1982 -2773 0 0 0 0 1 79 87 33 
-4897 -2395 -1933 -1438 -1828 -2744 0 0 0 0 1 93 82 36 
-4713 -2432 -1820 -1564 -1389 -2570 0 0 0 0 1 101 90 39 
-4375 -2481 -1652 -1561 -988 -2252 0 0 0 0 1 109 89 43 
-4189 -2432 -1369 -1524 -841 -2013 0 0 0 0 1 114 79 64 
-4082 -2321 -1004 -1497 -858 -1614 0 0 0 0 1 120 88 58 
-3851 -2107 -472 -1467 -1472 -1063 0 0 0 0 1 133 91 52 
-3674 -2206 -426 -1378 -1813 -615 0 0 0 0 1 132 78 62 
-3852 -2352 -406 -1158 -1870 3 0 0 0 0 1 147 87 82 
-3740 -2525 24 -1117 -1608 893 0 0 0 0 1 153 90 81 
-3006 -2869 886 -1201 -1062 1866 0 0 0 0 1 155 95 88 
-2887 -2561 1125 -1030 -241 3782 0 0 0 0 1 156 111 77 
-3086 -1901 980 -381 -219 5472 0 0 0 0 1 153 115 76 
-4163 -947 530 1775 -686 8417 0 0 0 0 1 135 145 87 
-5358 -650 841 4583 -1441 11151 0 0 0 0 1 106 159 72 
-7018 -109 1424 6309 -2935 12579 0 0 0 0 1 96 164 67 
-8108 -159 2661 8184 -7801 13944 0 0 0 0 1 84 159 67 
-8769 -950 2093 9414 -11942 14457 0 0 0 0 1 88 163 75 
-8299 -1954 233 11009 -13766 15499 0 0 0 0 1 96 174 72 
-6169 -2848 -3082 11515 -9703 18582 0 0 0 0 1 107 168 80 
-7411 -3428 -4058 11727 -6888 21104 0 0 0 0 1 58 176 48 
-11042 -6089 -3111 11439 -4757 21858 0 0 0 0 1 43 182 40 
-11542 -8312 -1947 8255 -3175 18456 0 0 0 0 1 12 165 31 
-8451 -13367 -817 4624 -1810 15098 0 0 0 0 1 -15 153 8 
-4350 -15862 -1612 -123 -2301 9554 0 0 0 0 1 -25 154 -6 
1198 -15355 -4220 -2195 -2456 2788 0 0 0 0 1 -34 172 15 
2651 -11387 -7173 -2358 -1344 -2127 0 0 0 0 1 -50 170 17 
2536 -9330 -8186 -2453 989 -7312 0 0 0 0 1 -15 172 33 
1437 -7221 -5771 -3522 1527 -8590 0 0 0 0 1 8 177 31 
-187 -5568 -1547 -6914 450 -8580 0 0 0 0 1 21 191 48 
-883 -4487 -268 -10003 -1302 -7969 0 0 0 0 1 37 203 67 
-1020 -3418 -1971 -10273 -1286 -7734 0 0 0 0 1 55 219 87 
-800 -3074 -3645 -8049 632 -7670 0 0 0 0 1 70 223 123 
-617 -2929 -3074 -5080 3176 -7514 0 0 0 0 1 115 233 146 
-759 -2405 -1335 -2958 4557 -7097 0 0 0 0 1 130 214 152 
-1078 -1923 -849 -2068 4750 -6838 0 0 0 0 1 132 215 137 
-1316 -1467 -748 -1227 4689 -6479 0 0 0 0 1 134 206 135 
-1552 -1039 -810 -898 4680 -6221 0 0 0 0 1 148 186 128 
-1736 -845 -849 -660 4623 -5914 0 0 0 0 1 136 171 123 
-1993 -435 -859 -625 4204 -5650 0 0 0 0 1 154 158 105 
-2224 -202 -970 -646 3913 -5444 0 0 0 0 1 152 136 87 
-2226 -111 -1022 -662 3583 -5046 0 0 0 0 1 139 132 81 
-2569 253 -1304 -662 3177 -4648 0 0 0 0 1 141 117 79 
-2650 308 -1422 -743 2780 -4334 0 0 0 0 1 142 101 66 
-2645 258 -1562 -984 2283 -3816 0 0 0 0 1 148 103 62 
-2717 406 -1878 -1239 2520 -3383 0 0 0 0 1 134 90 55 
-2841 458 -2230 -1369 2918 -3125 0 0 0 0 1 125 90 60 
-3050 489 -2366 -1511 3387 -2810 0 0 0 0 1 114 91 45 
-3123 447 -2289 -1687 3398 -2534 0 0 0 0 1 113 88 34 
-3502 314 -1990 -1840 3032 -2405 0 0 0 0 1 119 94 31 
-5192 -429 -1945 -2559 2221 -2196 0 0 0 0 1 44 147 37 
-5095 -641 -1747 -2517 2098 -2361 0 0 0 0 1 28 149 39 
-5038 -766 -1496 -2624 1397 -2493 0 0 0 0 1 43 158 40 
-4970 -903 -1302 -2779 408 -2485 0 0 0 0 1 36 168 43 
-4684 -1168 -1148 -2819 -112 -2375 0 0 0 0 1 33 164 58 
-4600 -1293 -1179 -2649 -530 -2112 0 0 0 0 1 54 181 53 
-4486 -1512 -1341 -2156 -552 -1799 0 0 0 0 1 42 183 65 
-4545 -1606 -1375 -1730 -389 -1616 0 0 0 0 1 44 179 62 
-4514 -1641 -1285 -1123 -161 -1394 0 0 0 0 1 62 180 77 
-4499 -1650 -1282 -644 -199 -1288 0 0 0 0 1 60 182 68 
-4577 -1773 -1326 -437 -400 -1294 0 0 0 0 1 60 190 71 
-4452 -1909 -1339 -336 -858 -1355 0 0 0 0 1 69 182 82 
-4344 -1920 -1319 -432 -1512 -1470 0 0 0 0 1 74 177 71 
-4091 -1880 -1270 -522 -1836 -1494 0 0 0 0 1 81 175 84 
-3795 -1818 -1303 -512 -1866 -1398 0 0 0 0 1 97 180 87 
-3531 -1537 -1395 -377 -1623 -1285 0 0 0 0 1 109 168 94 
-3340 -1354 -1373 -52 -1033 -1055 0 0 0 0 1 119 165 101 
-3103 -1190 -1257 320 -358 -778 0 0 0 0 1 116 170 91 
-2980 -1111 -1155 557 -11 -601 0 0 0 0 1 123 175 87 
-3074 -1180 -1009 803 222 -388 0 0 0 0 1 119 163 87 
-3191 -1681 -497 814 508 -181 0 0 0 0 1 127 154 100 
-3494 -2063 -1 724 669 -66 0 0 0 0 1 116 155 84 
-3791 -2225 950 403 550 345 0 0 0 0 1 116 155 89 
-3883 -1848 1386 294 -692 1567 0 0 0 0 1 117 159 86 
-3573 -1822 1115 812 -1468 2926 0 0 0 0 1 127 169 86 
-4354 -1211 749 2617 -1157 5216 0 0 0 0 1 113 154 81 
-5131 -388 164 4224 -811 7050 0 0 0 0 1 108 179 81 
-5956 246 58 6285 -1869 10020 0 0 0 0 1 97 175 77 
-6910 563 490 6930 -3748 11850 0 0 0 0 1 83 168 64 
-7939 841 541 6798 -6432 13689 0 0 0 0 1 66 171 55 
-7424 732 452 5850 -8845 15612 0 0 0 0 1 73 169 60 
-7321 156 -47 5408 -10081 17164 0 0 0 0 1 46 170 52 
-7847 -1087 -1264 5741 -10265 18879 0 0 0 0 1 50 190 54 
-9149 -3232 -3060 6734 -8119 19139 0 0 0 0 1 33 188 55 
-9062 -6276 -4518 7047 -4980 18570 0 0 0 0 1 21 198 53 
-9112 -7934 -4282 6296 -909 16679 0 0 0 0 1 -15 195 45 
-6222 -11969 -4751 5892 779 15586 0 0 0 0 1 -68 166 16 
836 -14564 -4943 6079 3939 14176 0 0 0 0 1 -97 138 10 
1704 -13436 -2636 6013 3452 8693 0 0 0 0 1 -141 107 6 
324 -9262 -1568 4242 -655 741 0 0 0 0 1 -154 74 3 
1790 -8549 -2712 1242 -2058 -2383 0 0 0 0 1 -146 58 -4 
2704 -8434 -2307 -4768 -1922 -3842 0 0 0 0 1 -136 63 -13 
697 -5505 -3445 -7426 -1888 -4795 0 0 0 0 1 -120 117 -6 
184 -5005 -4085 -7751 -373 -7025 0 0 0 0 1 -117 152 9 
58 -4882 -3945 -5649 867 -8467 0 0 0 0 1 -96 169 16 
-216 -4547 -3421 -4248 1550 -8616 0 0 0 0 1 -76 172 40 
-957 -4307 -2709 -2899 2525 -8251 0 0 0 0 1 -63 188 46 
-1442 -3935 -2271 -2287 2442 -7781 0 0 0 0 1 -56 206 44 
-1554 -3110 -1714 -2159 2265 -7478 0 0 0 0 1 -21 213 62 
-1586 -2020 -1719 -2005 2124 -7175 0 0 0 0 1 -20 217 57 
-1609 -1391 -2003 -1536 1911 -6998 0 0 0 0 1 -7 213 65 
-1796 -526 -2358 -923 1984 -6903 0 0 0 0 1 -1 217 64 
-2078 125 -2339 -645 2044 -6770 0 0 0 0 1 17 202 68 
-2371 387 -2091 -559 2347 -6462 0 0 0 0 1 31 204 59 
-2695 516 -2016 -644 3070 -6147 0 0 0 0 1 35 201 46 
-3052 898 -1819 -703 3371 -5816 0 0 0 0 1 43 197 61 
-3056 1114 -1660 -783 3293 -5008 0 0 0 0 1 37 188 53 
-3023 1456 -1259 -897 2931 -4230 0 0 0 0 1 36 177 50 
-3626 1500 -943 -982 2482 -4009 0 0 0 0 1 40 186 53 
-4176 1345 -917 -1066 1804 -4085 0 0 0 0 1 46 180 52 
-4642 1152 -931 -1088 1599 -4207 0 0 0 0 1 58 186 48 
-4689 1069 -930 -1082 1692 -4178 0 0 0 0 1 53 175 43 
-4277 1038 -971 -992 1982 -3704 0 0 0 0 1 48 180 45 
-3908 1222 -1046 -837 2131 -3263 0 0 0 0 1 49 169 51 
-3950 1359 -1041 -553 2210 -2700 0 0 0 0 1 48 165 40 
-3998 1430 -1052 -266 2102 -2371 0 0 0 0 1 46 170 50 
-4383 1354 -1331 -83 2128 -2326 0 0 0 0 1 41 155 43 
-4536 1115 -1292 1 2537 -2371 0 0 0 0 1 49 166 41 
-4699 705 -1224 -88 2843 -2422 0 0 0 0 1 38 148 38 
-4859 563 -1087 -469 3001 -2554 0 0 0 0 1 27 160 36 
-5008 459 -600 -1098 2439 -2734 0 0 0 0 1 25 142 39 
-4912 450 -518 -1530 1737 -2859 0 0 0 0 1 27 155 31 
-4769 436 -570 -1941 772 -3034 0 0 0 0 1 34 163 33 
-4430 382 -879 -1975 327 -3097 0 0 0 0 1 35 159 46 
-4180 327 -1077 -1718 45 -3075 0 0 0 0 1 35 164 48 
-3952 180 -1157 -1295 294 -2975 0 0 0 0 1 36 158 54 
-3890 -24 -1179 -1004 686 -2931 0 0 0 0 1 40 166 39 
-3872 -118 -1167 -647 1195 -2921 0 0 0 0 1 51 169 46 
-3814 -197 -1052 -509 1250 -2941 0 0 0 0 1 49 159 55 
-3867 -285 -921 -516 742 -2988 0 0 0 0 1 66 159 37 
-3883 -446 -727 -704 -83 -3037 0 0 0 0 1 44 154 53 
-4006 -643 -862 -805 -546 -3083 0 0 0 0 1 51 161 48 
-4070 -811 -1035 -845 -813 -3154 0 0 0 0 1 83 141 61 
-4022 -1219 -1200 -768 -469 -3176 0 0 0 0 1 76 153 54 
-3977 -1533 -1079 -724 -202 -3146 0 0 0 0 1 88 138 57 
-3914 -1646 -931 -705 -161 -2992 0 0 0 0 1 90 141 50 
-3854 -1742 -797 -662 -513 -2713 0 0 0 0 1 99 132 65 
-3774 -1884 -900 -547 -718 -2466 0 0 0 0 1 101 137 67 
-3756 -2219 -951 -241 -628 -2044 0 0 0 0 1 116 126 77 
-3907 -2377 -799 51 -416 -1593 0 0 0 0 1 127 110 62 
-3744 -2914 -322 176 -442 -1116 0 0 0 0 1 122 107 69 
-3663 -2964 -175 428 -433 -289 0 0 0 0 1 126 123 73 
-3703 -2873 124 684 -453 650 0 0 0 0 1 130 116 71 
-3533 -2860 556 877 -532 1485 0 0 0 0 1 130 121 71 
-3582 -2709 797 1412 -354 3108 0 0 0 0 1 128 116 73 
-3937 -2253 700 2409 -31 5204 0 0 0 0 1 130 111 71 
-4455 -1797 621 3171 -30 6627 0 0 0 0 1 116 128 59 
-4971 -1403 673 4088 -1211 8724 0 0 0 0 1 113 130 67 
-5442 -813 702 4662 -2652 10081 0 0 0 0 1 103 132 41 
-6382 -615 539 5905 -5109 11714 0 0 0 0 1 92 149 44 
-7064 -218 614 6962 -7319 12520 0 0 0 0 1 93 145 54 
-6686 -395 628 8861 -11934 13848 0 0 0 0 1 108 147 55 
-6183 -1325 -717 11446 -14520 15589 0 0 0 0 1 117 142 69 
-5566 -4254 -3670 13343 -13009 17474 0 0 0 0 1 119 148 73 
-5684 -6065 -4821 14947 -4665 20859 0 0 0 0 1 109 155 66 
-9559 -7958 -5112 13542 3367 21373 0 0 0 0 1 88 175 57 
-12469 -10390 -3190 11442 5172 19290 0 0 0 0 1 3 128 -3 
-8362 -12982 -2471 8760 7321 16042 0 0 0 0 1 -47 117 -13 
1225 -13959 -2760 7938 7914 12365 0 0 0 0 1 -86 74 -17 
2001 -10218 585 7572 6423 7329 0 0 0 0 1 -110 34 -16 
2042 -9708 3791 5286 2713 -1659 0 0 0 0 1 -126 18 -17 
945 -8168 2758 1176 -304 -8857 0 0 0 0 1 -142 -1 -24 
-1344 -5312 2777 -2846 -3395 -11612 0 0 0 0 1 -116 20 -17 
-2125 -2721 2227 -9709 -8217 -12175 0 0 0 0 1 -82 68 -32 
-1736 -1176 -600 -12826 -9333 -10122 0 0 0 0 1 -40 110 -9 
-719 -1340 -7262 -9990 -6106 -8247 0 0 0 0 1 5 148 10 
-177 -2333 -7760 -6607 -2034 -7495 0 0 0 0 1 24 170 40 
279 -3345 -6809 -2358 4038 -6270 0 0 0 0 1 46 170 54 
-539 -3700 -3895 -951 6277 -5694 0 0 0 0 1 38 182 43 
-2340 -3257 -804 -980 6068 -6090 0 0 0 0 1 30 171 30 
-2961 -2526 562 -2196 4257 -7771 0 0 0 0 1 27 172 31 
-2787 -1330 167 -2763 3037 -8744 0 0 0 0 1 36 172 36 
-1726 -178 -853 -2934 1457 -8954 0 0 0 0 1 44 164 34 
-1064 215 -1803 -2241 566 -7703 0 0 0 0 1 47 157 39 
-853 678 -2493 -1537 846 -6571 0 0 0 0 1 80 149 41 
-1209 644 -2472 -535 2073 -5043 0 0 0 0 1 80 154 41 
-1870 611 -2114 -56 2856 -4275 0 0 0 0 1 79 138 38 
-3030 467 -1529 -105 2771 -4273 0 0 0 0 1 70 139 34 
-3578 348 -1284 -594 2464 -4743 0 0 0 0 1 71 123 31 
-3978 389 -1136 -1237 2639 -5209 0 0 0 0 1 66 132 27 
-3634 391 -1324 -1554 2652 -5175 0 0 0 0 1 70 122 23 
-3236 612 -1304 -1843 2525 -4456 0 0 0 0 1 73 105 6 
-2801 960 -1222 -1851 2122 -3258 0 0 0 0 1 60 109 29 
-2951 1294 -1155 -1686 1773 -2578 0 0 0 0 1 50 116 19 
-3078 1368 -1165 -2022 480 -2853 0 0 0 0 1 10 126 19 
-4906 -549 -1641 -1967 471 -3016 0 0 0 0 1 -2 127 18 
-4892 -687 -1677 -1810 423 -3147 0 0 0 0 1 7 134 13 
-4867 -867 -1602 -1665 348 -3192 0 0 0 0 1 20 136 24 
-4884 -942 -1469 -1596 160 -3227 0 0 0 0 1 22 131 29 
-4941 -1002 -1399 -1502 -517 -3312 0 0 0 0 1 30 139 37 
-4930 -1105 -1407 -1403 -1172 -3407 0 0 0 0 1 33 147 34 
-4746 -1339 -1375 -1355 -1313 -3414 0 0 0 0 1 42 149 32 
-4697 -1608 -1236 -1327 -1212 -3338 0 0 0 0 1 58 142 37 
-4651 -1645 -1168 -1308 -1214 -3137 0 0 0 0 1 75 149 44 
-4546 -1643 -1226 -1227 -1344 -2949 0 0 0 0 1 84 134 58 
-4475 -1529 -1417 -914 -1458 -2652 0 0 0 0 1 95 143 57 
-4403 -1504 -1417 -494 -1344 -2372 0 0 0 0 1 90 141 57 
-4459 -1494 -1479 -183 -1297 -2208 0 0 0 0 1 99 132 67 
-4500 -1559 -1501 228 -1490 -1953 0 0 0 0 1 103 127 65 
-4378 -2069 -1153 396 -1807 -1644 0 0 0 0 1 116 131 61 
-4322 -2473 -953 414 -1966 -1435 0 0 0 0 1 138 111 80 
-3900 -3082 -391 364 -1598 -1055 0 0 0 0 1 134 100 72 
-3628 -3228 139 321 -968 -400 0 0 0 0 1 146 103 88 
-2734 -3065 515 679 -634 775 0 0 0 0 1 141 100 86 
-2814 -2738 986 1109 -241 1671 0 0 0 0 1 153 105 93 
-2778 -2510 1475 2093 -792 3582 0 0 0 0 1 145 109 82 
-3510 -2159 920 4150 -2208 5864 0 0 0 0 1 149 109 68 
-4125 -2268 499 6134 -2962 7354 0 0 0 0 1 140 114 80 
-4905 -2112 356 9349 -4237 9401 0 0 0 0 1 149 109 73 
-5983 -1656 779 11201 -5945 10634 0 0 0 0 1 139 103 76 
-6700 -2180 1015 13281 -9702 11988 0 0 0 0 1 138 101 71 
-6848 -3294 599 14580 -13708 12944 0 0 0 0 1 154 84 87 
-6185 -5624 -279 15039 -14153 14014 0 0 0 0 1 189 109 126 
-6356 -6997 -2231 15627 -9005 16428 0 0 0 0 1 197 123 136 
-9430 -9960 -5561 14640 1539 17847 0 0 0 0 1 178 153 117 
-10326 -11949 -5738 12718 6849 17095 0 0 0 0 1 132 169 83 
-5666 -13102 -7521 11040 11848 15436 0 0 0 0 1 80 159 51 
2319 -10845 -9556 10813 14513 13338 0 0 0 0 1 15 155 26 
-415 -7640 -5219 8717 13731 5424 0 0 0 0 1 -96 83 -11 
737 -6806 4250 2599 6734 -1765 0 0 0 0 1 -112 79 -3 
2034 -6061 6881 -2366 1645 -4898 0 0 0 0 1 -128 77 -10 
1368 -5094 5947 -8221 -5443 -7470 0 0 0 0 1 -110 103 -6 
291 -3119 1810 -10153 -7975 -8217 0 0 0 0 1 -68 127 4 
151 -1575 -3267 -8954 -6426 -8220 0 0 0 0 1 -36 158 22 
703 -1536 -4456 -5349 -2061 -7355 0 0 0 0 1 27 197 50 
1166 -1599 -3979 -2156 2041 -5618 0 0 0 0 1 30 193 67 
671 -1620 -2861 -1018 3292 -4403 0 0 0 0 1 43 204 57 
39 -1829 -2112 -852 3030 -3344 0 0 0 0 1 27 197 66 
-1059 -2035 -1087 -1407 2496 -3410 0 0 0 0 1 23 198 53 
-1491 -1816 -1003 -2286 2601 -4267 0 0 0 0 1 31 204 64 
-1491 -1485 -1563 -2308 2926 -5235 0 0 0 0 1 40 208 51 
-1207 -851 -2149 -1914 3026 -5639 0 0 0 0 1 40 213 74 
-967 -565 -2100 -1266 3102 -5760 0 0 0 0 1 38 199 54 
-747 -127 -1900 -857 2673 -5458 0 0 0 0 1 53 195 59 
-689 125 -1760 -772 2119 -5180 0 0 0 0 1 68 183 62 
-999 303 -1593 -917 1365 -4952 0 0 0 0 1 74 175 66 
-1196 318 -1657 -1194 1037 -4995 0 0 0 0 1 63 179 62 
-1371 239 -2027 -1291 1137 -5043 0 0 0 0 1 76 180 54 
-1325 250 -2365 -1197 1659 -5014 0 0 0 0 1 82 169 48 
-1630 573 -2284 -1071 2137 -4961 0 0 0 0 1 83 160 61 
-1732 635 -2069 -868 2337 -4781 0 0 0 0 1 86 158 50 
-1921 809 -1704 -676 1902 -4519 0 0 0 0 1 84 149 44 
-2164 867 -1589 -503 1626 -4329 0 0 0 0 1 92 139 51 
-2182 856 -1716 -80 1568 -3991 0 0 0 0 1 93 145 45 
-2305 906 -1906 260 1729 -3736 0 0 0 0 1 95 131 33 
-2598 873 -2052 746 2260 -3358 0 0 0 0 1 92 127 34 
-3126 748 -1596 918 2890 -2979 0 0 0 0 1 83 116 29 
-3425 659 -1054 804 3057 -2747 0 0 0 0 1 86 101 22 
-3609 754 -651 463 2666 -2293 0 0 0 0 1 64 94 15 
-3421 768 -652 373 2023 -1855 0 0 0 0 1 58 88 13 
-3341 740 -1056 738 1080 -1168 0 0 0 0 1 54 93 20 
-3700 968 -1800 1264 917 -894 0 0 0 0 1 58 88 -2 
-4124 380 -2162 2194 1156 -655 0 0 0 0 1 60 67 15 
-3964 -255 -1972 2876 1492 -199 0 0 0 0 1 56 61 11 
-3938 -380 -1199 2985 1843 138 0 0 0 0 1 35 49 -4 
-3759 -206 -576 2724 2268 633 0 0 0 0 1 33 36 2 
-3310 -149 -804 2463 1695 1084 0 0 0 0 1 11 34 -9 
-3180 -77 -851 2337 1008 1295 0 0 0 0 1 15 25 -5 
-3112 45 -974 2220 237 1423 0 0 0 0 1 16 19 -11 
-3097 75 -1177 2232 -12 1386 0 0 0 0 1 3 -8 -17 
-3003 -36 -1516 2300 98 1340 0 0 0 0 1 12 -13 -10 
-2944 -22 -1690 2370 544 1273 0 0 0 0 1 9 -14 -13 
-2705 78 -1739 2312 692 1242 0 0 0 0 1 -3 -23 -15 
-2740 -127 -1737 2198 541 1219 0 0 0 0 1 3 -25 -24 
-2478 -141 -1476 1863 241 1218 0 0 0 0 1 -8 -42 -5 
-2418 -320 -1299 1602 120 1183 0 0 0 0 1 -5 -30 -12 
-2137 -519 -1139 1176 328 1153 0 0 0 0 1 -9 -41 -20 
-2061 -605 -1312 901 687 1119 0 0 0 0 1 -9 -51 -13 
-2117 -648 -1703 909 873 1035 0 0 0 0 1 -18 -49 -13 
-2159 -586 -1891 1020 926 950 0 0 0 0 1 -20 -50 -10 
-2207 -578 -1846 1220 901 792 0 0 0 0 1 -10 -52 -5 
-2176 -572 -1720 1369 668 655 0 0 0 0 1 -14 -78 -25 
-2020 -588 -1486 1405 207 612 0 0 0 0 1 -11 -78 -6 
-1847 -657 -1298 1351 -113 618 0 0 0 0 1 -16 -66 -6 
-1574 -737 -1028 1147 -378 708 0 0 0 0 1 -29 -72 -8 
-1457 -768 -979 915 -385 846 0 0 0 0 1 -11 -88 -4 
-1380 -775 -1070 780 -246 987 0 0 0 0 1 -12 -82 -3 
-1331 -771 -1207 775 -116 1077 0 0 0 0 1 -4 -100 0 
-1332 -762 -1237 845 39 1183 0 0 0 0 1 -7 -100 0 
-1388 -751 -1242 940 55 1223 0 0 0 0 1 -15 -101 5 
-1443 -710 -1216 1106 -74 1227 0 0 0 0 1 -3 -99 5 
-1437 -685 -1203 1296 -339 1204 0 0 0 0 1 -4 -103 6 
-1429 -670 -1285 1536 -610 1172 0 0 0 0 1 7 -110 6 
