Data Quantity : 14  Accelerometer : 3  Gyroscope : 3  FSR : 5







-1374 1428 201 100 -189 97 0 0 0 0 1 200 53 444 
-1382 1435 188 76 -138 85 0 0 0 0 1 198 58 449 
-1403 1446 169 81 -114 60 0 0 0 0 1 194 52 443 
-1381 1451 150 77 -107 40 0 0 0 0 1 211 74 441 
-1373 1454 152 80 -100 20 0 0 0 0 1 208 62 434 
-1361 1452 154 76 -92 14 0 0 0 0 1 186 66 435 
-1343 1454 170 78 -90 15 0 0 0 0 1 199 55 448 
-1321 1448 163 59 -129 41 0 0 0 0 1 201 52 438 
-1323 1437 165 44 -154 52 0 0 0 0 1 204 52 438 
-1354 1436 160 18 -162 39 0 0 0 0 1 202 58 444 
-1362 1434 143 4 -144 25 0 0 0 0 1 197 60 441 
-1349 1431 139 -10 -105 6 0 0 0 0 1 192 57 445 
-1350 1424 139 -4 -80 -7 0 0 0 0 1 204 77 455 
-1333 1417 137 -1 -63 -4 0 0 0 0 1 199 62 445 
-1304 1409 149 -5 -30 7 0 0 0 0 1 199 50 450 
-1263 1382 190 -15 -13 14 0 0 0 0 1 202 56 440 
-1254 1365 224 -36 -14 5 0 0 0 0 1 199 62 450 
-1239 1340 253 -56 -30 -35 0 0 0 0 1 195 63 451 
-1223 1269 319 -74 -31 -59 0 0 0 0 1 195 68 440 
-1219 1183 381 -106 -52 -104 0 0 0 0 1 199 67 436 
-1195 1074 478 -135 -83 -137 0 0 0 0 1 198 61 449 
-817 -842 851 51 -1334 -1771 0 0 0 0 1 191 41 460 
-879 -1065 735 241 -1411 -2143 0 0 0 0 1 182 30 476 
-1064 -1386 552 591 -1491 -2758 0 0 0 0 1 187 23 483 
-1215 -1562 400 1057 -1416 -3408 0 0 0 0 1 191 0 477 
-1526 -1907 170 1418 -1203 -3863 0 0 0 0 1 167 2 484 
-1677 -2042 45 2013 -628 -4567 0 0 0 0 1 171 -13 490 
-1940 -2098 -43 2419 -178 -5041 0 0 0 0 1 178 -8 487 
-2050 -2063 -63 2996 374 -5689 0 0 0 0 1 181 -24 488 
-2151 -2004 16 3440 649 -6297 0 0 0 0 1 173 -25 483 
-2286 -1889 89 3649 554 -6667 0 0 0 0 1 168 -40 492 
-2381 -1796 212 3775 90 -7162 0 0 0 0 1 162 -46 491 
-2409 -1689 338 3656 -393 -7503 0 0 0 0 1 161 -57 490 
-2329 -1706 317 3508 -687 -7579 0 0 0 0 1 155 -63 491 
-2440 -1756 170 3274 -1034 -7553 0 0 0 0 1 141 -85 495 
-2556 -1794 -42 3143 -1212 -7424 0 0 0 0 1 140 -91 506 
-2745 -1805 -239 3031 -1414 -7118 0 0 0 0 1 120 -107 500 
-3232 -1862 -407 3011 -1558 -6699 0 0 0 0 1 108 -107 516 
-3764 -1990 -423 3016 -1597 -6407 0 0 0 0 1 95 -114 534 
-4523 -1927 -599 3066 -1410 -6141 0 0 0 0 1 86 -109 529 
-4836 -1815 -780 3209 -670 -6017 0 0 0 0 1 81 -106 531 
-4992 -1729 -835 3345 113 -5896 0 0 0 0 1 80 -103 537 
-5009 -1718 -748 3542 1171 -5489 0 0 0 0 1 60 -118 541 
-4870 -1665 -628 3583 1565 -4755 0 0 0 0 1 68 -103 535 
-4700 -1496 -526 3476 1524 -4139 0 0 0 0 1 58 -93 547 
-4502 -1354 -460 3129 1401 -3104 0 0 0 0 1 62 -87 538 
-4302 -1162 -428 2827 1403 -2412 0 0 0 0 1 67 -82 543 
-4208 -1126 -427 2399 1487 -1474 0 0 0 0 1 71 -82 538 
-4186 -1089 -441 2040 1219 -788 0 0 0 0 1 77 -76 535 
-4175 -983 -575 1866 766 -482 0 0 0 0 1 77 -73 533 
-4152 -865 -721 1678 62 -180 0 0 0 0 1 80 -58 537 
-4046 -693 -911 1576 -140 -43 0 0 0 0 1 81 -45 524 
-3993 -558 -1031 1419 112 119 0 0 0 0 1 82 -58 533 
-3999 -531 -1104 1250 653 252 0 0 0 0 1 89 -49 533 
-4011 -508 -1211 1106 913 360 0 0 0 0 1 79 -45 543 
-3990 -505 -1246 806 1067 557 0 0 0 0 1 90 -55 529 
-4040 -551 -1285 423 897 781 0 0 0 0 1 92 -39 526 
-4078 -574 -1310 109 617 953 0 0 0 0 1 93 -40 534 
-4192 -573 -1321 -421 43 1196 0 0 0 0 1 102 -45 543 
-4266 -573 -1387 -974 -429 1471 0 0 0 0 1 88 -30 541 
-4281 -550 -1541 -1336 -584 1677 0 0 0 0 1 96 -34 549 
-4257 -606 -1777 -1797 -799 2031 0 0 0 0 1 89 -39 547 
-4344 -689 -1939 -2190 -1205 2391 0 0 0 0 1 92 -46 544 
-4558 -807 -2007 -2448 -1517 2615 0 0 0 0 1 80 -41 537 
-4826 -875 -1943 -2895 -1895 2917 0 0 0 0 1 76 -57 545 
-4961 -992 -1883 -3383 -2076 3205 0 0 0 0 1 70 -51 547 
-5190 -1207 -1798 -3709 -2140 3413 0 0 0 0 1 70 -76 554 
-5502 -1286 -1928 -4124 -2335 3704 0 0 0 0 1 54 -71 561 
-5836 -1275 -2177 -4305 -2640 3891 0 0 0 0 1 57 -89 564 
-6274 -1178 -2579 -4258 -3204 4126 0 0 0 0 1 47 -95 558 
-6557 -1212 -2915 -4131 -3837 4440 0 0 0 0 1 31 -111 552 
-6737 -1424 -2942 -3886 -4606 5240 0 0 0 0 1 38 -121 564 
-7610 -2182 -3005 -3587 -4538 6260 0 0 0 0 1 23 -117 568 
-8173 -2698 -3219 -3302 -3894 6977 0 0 0 0 1 25 -127 568 
-8695 -3451 -3344 -2829 -2200 8012 0 0 0 0 1 34 -133 566 
-9644 -4757 -3318 -2446 -925 8855 0 0 0 0 1 40 -139 563 
-10904 -6170 -3214 -2235 -691 9314 0 0 0 0 1 61 -130 568 
-11536 -7141 -3111 -1895 -46 10212 0 0 0 0 1 61 -127 551 
-11905 -8351 -2806 -1707 2466 11603 0 0 0 0 1 74 -118 557 
-12625 -9441 -2263 -1833 4745 12512 0 0 0 0 1 115 -98 547 
-13670 -10259 -1225 -2548 7020 13643 0 0 0 0 1 151 -49 509 
-14004 -10847 -24 -3701 6295 14775 0 0 0 0 1 181 -22 493 
-13992 -10886 220 -4339 4494 15406 0 0 0 0 1 200 9 477 
-14228 -10596 397 -4765 2515 15855 0 0 0 0 1 191 63 470 
-14349 -10611 418 -4803 2872 15707 0 0 0 0 1 187 82 464 
-13782 -10889 596 -4615 3776 14864 0 0 0 0 1 165 130 470 
-12606 -11509 504 -3895 3550 14072 0 0 0 0 1 154 150 457 
-9870 -12751 596 -3291 3612 13684 0 0 0 0 1 110 193 470 
-8007 -13214 1175 -3112 4028 12671 0 0 0 0 1 86 231 459 
-5590 -12453 3714 -4328 3397 10750 0 0 0 0 1 70 233 470 
-3911 -11345 4846 -5097 1985 9272 0 0 0 0 1 54 237 481 
-1837 -10704 4220 -5179 472 7421 0 0 0 0 1 25 237 479 
-1110 -9966 3422 -4062 317 5673 0 0 0 0 1 11 220 493 
-600 -9016 2802 -3002 629 4465 0 0 0 0 1 -10 214 527 
-233 -8503 2798 -1442 1285 2780 0 0 0 0 1 -8 209 524 
12 -7374 2782 -567 1566 1761 0 0 0 0 1 -15 207 524 
227 -6688 3103 275 1840 474 0 0 0 0 1 -20 209 522 
300 -5727 3481 634 1778 -646 0 0 0 0 1 -3 214 518 
183 -4816 3747 651 1503 -1317 0 0 0 0 1 11 215 514 
168 -4244 3794 472 880 -2132 0 0 0 0 1 2 213 516 
20 -3444 3666 310 370 -2562 0 0 0 0 1 27 217 513 
-48 -2966 3369 180 -462 -3032 0 0 0 0 1 25 210 514 
-237 -2463 2815 223 -904 -3295 0 0 0 0 1 25 201 523 
-398 -2160 2425 478 -1179 -3705 0 0 0 0 1 43 204 522 
-729 -1791 1901 887 -1130 -4107 0 0 0 0 1 48 202 518 
-1021 -1507 1650 1239 -873 -4478 0 0 0 0 1 53 199 522 
-1254 -1279 1613 1358 -644 -4736 0 0 0 0 1 67 192 511 
-1441 -1088 1467 1443 -345 -5211 0 0 0 0 1 75 193 509 
-1512 -975 1363 1474 -150 -5534 0 0 0 0 1 86 180 504 
-1608 -955 1372 1490 20 -6060 0 0 0 0 1 108 171 498 
-1754 -959 1292 1497 -345 -6649 0 0 0 0 1 112 160 513 
-2085 -1015 1201 1490 -867 -7088 0 0 0 0 1 132 154 491 
-2189 -1062 958 1609 -1827 -7675 0 0 0 0 1 147 143 494 
-2289 -1254 438 1957 -2308 -8135 0 0 0 0 1 146 122 500 
-2463 -1437 -8 2304 -2094 -8405 0 0 0 0 1 166 99 508 
-2532 -1637 -214 2995 -1193 -8795 0 0 0 0 1 175 77 508 
-3016 -1810 -495 3559 -520 -9165 0 0 0 0 1 176 56 502 
-3501 -1910 -605 4433 279 -9829 0 0 0 0 1 187 47 506 
-3501 -2085 -553 5150 778 -10279 0 0 0 0 1 178 25 490 
-3818 -2448 -450 5472 826 -10432 0 0 0 0 1 188 14 493 
-3821 -2639 -478 5747 496 -10289 0 0 0 0 1 197 -28 494 
-3602 -3080 -565 5832 148 -9758 0 0 0 0 1 195 -53 491 
-3609 -3256 -868 5900 73 -9385 0 0 0 0 1 182 -60 485 
-3639 -3496 -925 6043 125 -8943 0 0 0 0 1 174 -78 491 
-3657 -3838 -799 6107 -76 -8764 0 0 0 0 1 175 -87 501 
-3713 -3957 -837 6079 -1310 -8568 0 0 0 0 1 156 -91 499 
-4037 -4326 -1005 5828 -2065 -8391 0 0 0 0 1 142 -94 518 
-4494 -4548 -1257 5624 -1546 -8254 0 0 0 0 1 130 -94 529 
-4655 -4542 -1428 5465 189 -7954 0 0 0 0 1 103 -103 526 
-4839 -4486 -1627 5518 1752 -7607 0 0 0 0 1 114 -99 541 
-4827 -4392 -1481 5577 2205 -7396 0 0 0 0 1 97 -87 534 
-4794 -4429 -1286 5501 1294 -7047 0 0 0 0 1 96 -83 549 
-4841 -4390 -1074 4974 -586 -6613 0 0 0 0 1 88 -87 545 
-4899 -4405 -793 4092 -1420 -6152 0 0 0 0 1 70 -78 554 
-5168 -4316 -850 3541 -1087 -5896 0 0 0 0 1 69 -79 550 
-5482 -4337 -987 3008 35 -5666 0 0 0 0 1 62 -72 555 
-5680 -4237 -1172 2843 679 -5559 0 0 0 0 1 68 -66 556 
-5509 -4005 -1142 2804 607 -5353 0 0 0 0 1 48 -69 555 
-5300 -3757 -1194 2729 -197 -4663 0 0 0 0 1 60 -72 562 
-5189 -3188 -1323 2540 -811 -3634 0 0 0 0 1 44 -53 565 
-5205 -2740 -1305 2349 -657 -2859 0 0 0 0 1 56 -56 558 
-5242 -2458 -1280 2028 182 -1867 0 0 0 0 1 44 -46 554 
-5395 -2108 -1297 1749 589 -1309 0 0 0 0 1 48 -45 564 
-5358 -1638 -1440 1587 429 -1115 0 0 0 0 1 63 -36 563 
-5187 -1360 -1550 1328 67 -883 0 0 0 0 1 54 -34 561 
-4840 -1021 -1681 1123 -56 -675 0 0 0 0 1 68 -39 551 
-4738 -722 -1699 746 -26 -305 0 0 0 0 1 63 -24 549 
-4788 -509 -1598 290 150 75 0 0 0 0 1 71 -11 552 
-4847 -397 -1567 -166 340 518 0 0 0 0 1 75 -29 551 
-4912 -342 -1601 -450 407 883 0 0 0 0 1 80 -24 561 
-4938 -372 -1568 -853 313 1489 0 0 0 0 1 81 -23 552 
-4939 -328 -1534 -1213 -140 1988 0 0 0 0 1 83 -30 562 
-4930 -277 -1579 -1424 -506 2239 0 0 0 0 1 69 -6 555 
-4896 -260 -1602 -1702 -804 2554 0 0 0 0 1 62 -38 548 
-4855 -356 -1575 -1959 -714 2856 0 0 0 0 1 56 -39 563 
-4853 -428 -1632 -2104 -553 3059 0 0 0 0 1 63 -34 563 
-4857 -510 -1734 -2259 -349 3400 0 0 0 0 1 46 -40 550 
-4762 -601 -1789 -2353 -218 3656 0 0 0 0 1 48 -60 559 
-4699 -713 -1826 -2512 -91 4036 0 0 0 0 1 50 -50 562 
-4706 -820 -1724 -2749 -151 4283 0 0 0 0 1 53 -62 564 
-4857 -858 -1720 -2971 -587 4311 0 0 0 0 1 51 -68 570 
-5048 -993 -1790 -3070 -1017 4256 0 0 0 0 1 51 -68 570 
-5172 -1228 -1872 -3097 -1735 4150 0 0 0 0 1 56 -71 563 
-5350 -1301 -2101 -2932 -2410 4015 0 0 0 0 1 46 -79 564 
-5733 -1436 -2522 -2700 -2413 3896 0 0 0 0 1 41 -84 566 
-6076 -1628 -2803 -2255 -1371 3779 0 0 0 0 1 35 -95 565 
-6567 -2107 -2896 -1981 -113 3806 0 0 0 0 1 42 -93 568 
-6931 -2486 -2765 -1688 1280 4065 0 0 0 0 1 55 -101 566 
-7440 -3324 -2605 -1579 838 4771 0 0 0 0 1 57 -101 569 
-8231 -4290 -2105 -1838 -1 5838 0 0 0 0 1 79 -99 550 
-9523 -5398 -2041 -2175 -2 6671 0 0 0 0 1 86 -99 564 
-10367 -6180 -2268 -2790 1498 8063 0 0 0 0 1 89 -83 544 
-11350 -7728 -2393 -3628 3538 9519 0 0 0 0 1 108 -88 549 
-11978 -8836 -2254 -4461 4406 10655 0 0 0 0 1 134 -73 540 
-12206 -9594 -1606 -6335 5048 13015 0 0 0 0 1 159 -67 524 
-13203 -10310 -853 -8319 4134 15866 0 0 0 0 1 187 -23 490 
-14762 -10641 -663 -9397 3571 17740 0 0 0 0 1 199 8 492 
-16873 -10632 -969 -10481 2817 19768 0 0 0 0 1 188 44 470 
-17925 -10662 -1198 -10903 3060 20464 0 0 0 0 1 180 91 471 
-18807 -10783 -1584 -10729 4007 20085 0 0 0 0 1 168 126 487 
-18140 -11522 -2280 -9613 3469 19436 0 0 0 0 1 142 153 485 
-16048 -12462 -3021 -7536 2991 18563 0 0 0 0 1 89 186 505 
-12725 -13948 -2690 -6139 3563 17237 0 0 0 0 1 55 195 513 
-10252 -14321 -768 -4835 3916 13579 0 0 0 0 1 34 197 508 
-6747 -14162 1522 -4110 2704 10683 0 0 0 0 1 21 206 528 
-3311 -14352 2287 -2810 1176 7351 0 0 0 0 1 -1 185 541 
-1865 -13982 2756 -1726 1232 4923 0 0 0 0 1 0 181 528 
-1030 -12543 3189 -1102 1234 3192 0 0 0 0 1 -11 183 544 
-750 -11279 3223 -242 999 506 0 0 0 0 1 -11 179 533 
-369 -9386 3300 383 648 -1682 0 0 0 0 1 -12 185 541 
-366 -7707 3264 792 169 -3219 0 0 0 0 1 -2 181 542 
-625 -6179 3065 1024 -501 -3901 0 0 0 0 1 5 177 538 
-1174 -4788 2751 1309 -1352 -4668 0 0 0 0 1 12 177 545 
-1502 -3987 2524 1539 -1587 -5311 0 0 0 0 1 28 196 542 
-1970 -2998 2207 1674 -1622 -5707 0 0 0 0 1 22 170 536 
-2200 -2346 1997 1795 -1470 -6216 0 0 0 0 1 35 179 537 
-2305 -1974 1906 1817 -1126 -6659 0 0 0 0 1 43 185 527 
-2484 -1439 1664 1816 -951 -6915 0 0 0 0 1 63 169 530 
-2423 -1252 1527 1819 -794 -7138 0 0 0 0 1 70 164 519 
-2298 -989 1356 1860 -781 -7144 0 0 0 0 1 89 166 530 
-2236 -906 1317 1945 -1125 -6911 0 0 0 0 1 107 145 513 
-2225 -913 1126 2077 -1808 -6511 0 0 0 0 1 104 133 520 
-2623 -948 822 2150 -2200 -6290 0 0 0 0 1 113 134 526 
-2905 -887 638 2174 -2182 -6315 0 0 0 0 1 119 133 518 
-3058 -816 457 2187 -1764 -6477 0 0 0 0 1 134 130 523 
-3092 -839 395 2190 -1295 -6595 0 0 0 0 1 136 115 519 
-3058 -907 403 2188 -624 -6771 0 0 0 0 1 147 89 531 
-3043 -936 322 2236 -374 -7011 0 0 0 0 1 147 82 518 
-3273 -1055 121 2289 -525 -7262 0 0 0 0 1 160 78 526 
-3260 -999 72 2367 -704 -7670 0 0 0 0 1 153 41 509 
-3297 -1131 -233 2488 -763 -7880 0 0 0 0 1 156 35 524 
-3257 -1152 -449 2803 -615 -8030 0 0 0 0 1 163 38 522 
-3243 -1381 -661 3248 -112 -8063 0 0 0 0 1 163 8 522 
-3364 -1448 -926 3608 369 -8078 0 0 0 0 1 161 -18 513 
-3335 -1641 -929 4098 1068 -8024 0 0 0 0 1 171 -25 518 
-3315 -1789 -893 4437 1290 -7899 0 0 0 0 1 172 -17 500 
-3357 -2061 -882 4547 1117 -7820 0 0 0 0 1 169 -49 509 
-3525 -2210 -1001 4592 533 -7817 0 0 0 0 1 161 -52 508 
-3669 -2344 -1324 4633 256 -7865 0 0 0 0 1 162 -63 505 
-3764 -2536 -1605 4728 574 -7851 0 0 0 0 1 139 -76 500 
-3919 -2744 -1797 5049 1471 -7701 0 0 0 0 1 143 -80 514 
-3950 -2833 -1834 5464 1860 -7369 0 0 0 0 1 130 -87 513 
-4149 -2995 -1651 5627 1492 -7132 0 0 0 0 1 135 -91 524 
-4374 -2992 -1625 5638 405 -6866 0 0 0 0 1 125 -90 519 
-4526 -3002 -1551 5392 -128 -6581 0 0 0 0 1 123 -89 520 
-4522 -2999 -1503 5166 172 -6303 0 0 0 0 1 108 -83 533 
-4562 -3026 -1475 4862 1120 -5908 0 0 0 0 1 115 -85 533 
-5165 -2951 -1409 4714 1379 -5828 0 0 0 0 1 95 -82 534 
-5358 -2734 -1092 1374 -1130 -2485 0 0 0 0 1 61 -63 563 
-4645 -953 -746 1168 -1290 -1747 0 0 0 0 1 55 -55 559 
-4661 -756 -988 1123 -891 -1279 0 0 0 0 1 58 -51 556 
-4665 -682 -1065 1153 171 -719 0 0 0 0 1 53 -47 555 
-4634 -569 -963 1186 1062 -365 0 0 0 0 1 53 -33 557 
-4541 -463 -770 1159 1218 -188 0 0 0 0 1 56 -39 556 
-4323 -400 -640 1018 842 102 0 0 0 0 1 62 -40 552 
-4207 -349 -635 786 260 450 0 0 0 0 1 70 -39 565 
-4073 -385 -714 602 -42 716 0 0 0 0 1 68 -24 551 
-4093 -410 -754 276 -333 1104 0 0 0 0 1 63 -29 556 
-4191 -451 -800 37 -353 1324 0 0 0 0 1 62 -25 545 
-4307 -592 -869 -289 -85 1566 0 0 0 0 1 68 -12 563 
-4333 -677 -906 -561 216 1713 0 0 0 0 1 57 -8 566 
-4379 -803 -1005 -706 236 1793 0 0 0 0 1 48 -20 562 
-4365 -881 -1083 -903 -12 1968 0 0 0 0 1 60 -23 571 
-4304 -920 -1117 -1134 -360 2227 0 0 0 0 1 61 -26 558 
-4367 -854 -1169 -1333 -491 2395 0 0 0 0 1 50 -25 552 
-4469 -885 -977 -1774 -523 2624 0 0 0 0 1 50 -30 566 
-4692 -917 -1060 -2255 -868 2821 0 0 0 0 1 47 -26 568 
-5050 -894 -1107 -2553 -1239 2984 0 0 0 0 1 50 -52 559 
-5019 -818 -1050 -2962 -1862 3493 0 0 0 0 1 34 -50 576 
-5064 -707 -1066 -3224 -2190 4182 0 0 0 0 1 33 -44 568 
-5220 -614 -1253 -3231 -2108 4614 0 0 0 0 1 41 -69 571 
-5525 -761 -1781 -2876 -1669 5050 0 0 0 0 1 30 -83 579 
-6845 -1734 -2439 -1223 138 4812 0 0 0 0 1 21 -83 584 
-7102 -2018 -2226 -989 1075 4798 0 0 0 0 1 42 -68 575 
-7554 -2560 -2079 -1090 1786 5052 0 0 0 0 1 50 -79 571 
-8410 -3761 -2265 -1330 2217 5560 0 0 0 0 1 70 -76 575 
-8914 -4548 -2263 -1558 2151 6085 0 0 0 0 1 75 -68 565 
-9917 -5873 -1862 -2216 1963 7211 0 0 0 0 1 93 -65 562 
-10411 -6651 -1506 -3592 2516 9103 0 0 0 0 1 99 -61 570 
-11448 -7560 -1502 -4905 3439 10781 0 0 0 0 1 113 -51 554 
-12475 -8356 -1835 -7168 4702 13930 0 0 0 0 1 167 -29 519 
-14027 -8848 -1682 -9155 4765 16852 0 0 0 0 1 171 3 494 
-17414 -9233 -1705 -10370 4107 18731 0 0 0 0 1 176 22 484 
-18513 -8837 -1763 -10800 3728 19351 0 0 0 0 1 184 41 491 
-19005 -8979 -1002 -11429 4515 19473 0 0 0 0 1 165 88 498 
-18872 -8729 -878 -11295 2623 19233 0 0 0 0 1 153 107 495 
-17801 -9128 -1330 -10297 885 18879 0 0 0 0 1 141 127 507 
-16886 -9809 -2270 -7391 158 17192 0 0 0 0 1 84 161 528 
-13710 -11921 -2769 -5192 1185 15617 0 0 0 0 1 53 158 543 
-9134 -13276 -240 -3158 2992 13316 0 0 0 0 1 29 170 545 
-6613 -13555 1343 -2439 2248 10831 0 0 0 0 1 15 172 545 
-3826 -13084 2592 -2172 1279 8853 0 0 0 0 1 2 164 542 
-2669 -12630 2906 -1756 193 5663 0 0 0 0 1 -2 166 554 
-1496 -11682 2725 -1367 -222 3768 0 0 0 0 1 -28 169 544 
-597 -9992 2176 -663 -537 1718 0 0 0 0 1 -37 159 556 
-281 -8823 1837 -14 -828 559 0 0 0 0 1 -35 164 558 
-394 -7458 1642 314 -903 -45 0 0 0 0 1 -37 171 547 
-745 -6622 1595 586 -952 -1051 0 0 0 0 1 -29 177 548 
-1142 -5508 1512 630 -1029 -1743 0 0 0 0 1 -40 174 561 
-1294 -4628 1449 513 -1016 -2651 0 0 0 0 1 -34 163 562 
-1302 -4130 1361 310 -912 -3368 0 0 0 0 1 -22 163 559 
-1491 -3404 1177 181 -796 -3838 0 0 0 0 1 -12 168 559 
-1629 -2994 1072 28 -611 -4562 0 0 0 0 1 -12 160 552 
-1695 -2475 879 -11 -528 -5019 0 0 0 0 1 -2 176 554 
-1707 -2208 704 73 -422 -5671 0 0 0 0 1 3 163 557 
-1651 -1893 593 297 -278 -6147 0 0 0 0 1 15 163 557 
-1329 -1672 512 528 -332 -6228 0 0 0 0 1 12 153 569 
-1179 -1598 416 948 -491 -6132 0 0 0 0 1 35 142 556 
-1518 -1426 211 1274 -434 -6153 0 0 0 0 1 50 143 559 
-1724 -1325 129 1852 -198 -6552 0 0 0 0 1 60 131 550 
-2027 -1246 12 2404 253 -7114 0 0 0 0 1 88 143 550 
-2171 -1286 296 2717 801 -7582 0 0 0 0 1 88 138 531 
-2239 -1332 346 2827 967 -7841 0 0 0 0 1 103 122 526 
-2434 -1281 245 2960 859 -8316 0 0 0 0 1 113 120 537 
-2709 -1355 130 3034 740 -8687 0 0 0 0 1 129 107 521 
-2657 -1460 -25 3197 687 -9082 0 0 0 0 1 139 90 523 
-2693 -1590 -221 3400 561 -9214 0 0 0 0 1 161 60 511 
-2826 -1692 -397 3807 376 -9282 0 0 0 0 1 168 42 511 
-3359 -1951 -768 4271 349 -9310 0 0 0 0 1 174 34 505 
-3746 -2125 -928 4593 496 -9351 0 0 0 0 1 175 25 490 
-3896 -2287 -1005 5070 1004 -9339 0 0 0 0 1 180 1 494 
-4237 -2517 -1180 5400 1389 -9354 0 0 0 0 1 193 -19 479 
-4454 -2558 -1253 5869 1832 -9418 0 0 0 0 1 185 -55 485 
-4402 -2763 -1210 6168 1691 -9288 0 0 0 0 1 185 -62 483 
-4232 -3084 -1078 6177 1121 -9014 0 0 0 0 1 187 -55 473 
-4199 -3312 -1159 5984 12 -8377 0 0 0 0 1 173 -91 487 
-4566 -3731 -1490 5738 -151 -7752 0 0 0 0 1 165 -93 486 
-4826 -3857 -1753 5681 417 -7455 0 0 0 0 1 159 -104 492 
-5208 -3872 -2016 5835 1677 -7338 0 0 0 0 1 153 -105 500 
-5617 -3879 -1925 6000 2277 -7435 0 0 0 0 1 142 -106 501 
-5670 -3759 -1884 6176 1681 -7539 0 0 0 0 1 140 -109 501 
-5542 -3613 -1902 6061 346 -7404 0 0 0 0 1 134 -110 509 
-5541 -3437 -1892 5821 -83 -7144 0 0 0 0 1 125 -103 502 
-5500 -3266 -1980 5355 177 -6496 0 0 0 0 1 116 -116 518 
-5374 -3055 -1716 4821 1080 -5721 0 0 0 0 1 102 -104 534 
-5460 -2920 -1560 4358 1019 -5046 0 0 0 0 1 95 -96 534 
-5337 -2886 -1377 4025 449 -4627 0 0 0 0 1 94 -83 516 
-5336 -2883 -1206 3470 -820 -4088 0 0 0 0 1 96 -88 535 
-5258 -2633 -1303 3093 -1532 -3759 0 0 0 0 1 100 -84 536 
-5397 -2470 -1594 2681 -1506 -3377 0 0 0 0 1 94 -76 537 
-5354 -2262 -1755 2512 -256 -3043 0 0 0 0 1 73 -76 537 
-5263 -2023 -1860 2510 665 -2827 0 0 0 0 1 74 -77 536 
-5231 -1835 -1763 2493 1150 -2425 0 0 0 0 1 75 -66 533 
-4770 -1576 -1489 2201 583 -1749 0 0 0 0 1 88 -67 541 
-4434 -1367 -1197 1862 -16 -1223 0 0 0 0 1 93 -60 538 
-4327 -1211 -1151 1250 -776 -485 0 0 0 0 1 82 -36 542 
-4333 -1075 -1203 858 -967 -113 0 0 0 0 1 81 -55 534 
-4403 -911 -1356 403 -818 195 0 0 0 0 1 83 -45 552 
-4350 -798 -1406 106 -469 311 0 0 0 0 1 71 -42 541 
-4171 -588 -1257 -180 -275 400 0 0 0 0 1 75 -51 549 
-3980 -432 -1127 -363 -407 532 0 0 0 0 1 81 -40 543 
-3869 -334 -1120 -582 -803 833 0 0 0 0 1 79 -47 545 
-3790 -189 -1205 -675 -908 1030 0 0 0 0 1 79 -38 557 
-3759 -95 -1186 -785 -742 1280 0 0 0 0 1 68 -49 561 
-3711 -48 -1147 -912 -500 1459 0 0 0 0 1 75 -49 547 
-3745 -35 -1071 -1093 -505 1561 0 0 0 0 1 74 -50 550 
-3919 -90 -1036 -1258 -672 1605 0 0 0 0 1 66 -51 547 
-3979 -139 -1209 -1480 -935 1730 0 0 0 0 1 56 -56 551 
-4018 -226 -1392 -1575 -852 1992 0 0 0 0 1 57 -60 562 
-4153 -351 -1613 -1586 -643 2174 0 0 0 0 1 57 -72 552 
-4262 -382 -1654 -1622 -484 2397 0 0 0 0 1 66 -61 561 
-4447 -434 -1546 -1798 -726 2544 0 0 0 0 1 53 -60 559 
-4742 -487 -1419 -1993 -991 2605 0 0 0 0 1 49 -71 565 
-5003 -624 -1598 -2260 -1267 2741 0 0 0 0 1 49 -78 556 
-5198 -778 -1869 -2317 -1263 2996 0 0 0 0 1 47 -85 558 
-5585 -1052 -2349 -2220 -1076 3220 0 0 0 0 1 54 -95 558 
-5979 -1265 -2518 -2022 -679 3544 0 0 0 0 1 46 -84 552 
-6596 -1495 -2527 -1887 -409 3857 0 0 0 0 1 44 -103 563 
-6899 -1660 -2577 -1784 -612 4235 0 0 0 0 1 47 -107 563 
-7334 -2084 -2983 -1630 -849 4627 0 0 0 0 1 41 -104 564 
-7620 -2665 -3393 -1218 -729 5560 0 0 0 0 1 60 -104 562 
-8946 -4166 -3974 -844 518 6733 0 0 0 0 1 73 -88 561 
-9643 -5012 -3836 -957 1921 7612 0 0 0 0 1 80 -83 561 
-10192 -5764 -3803 -2152 3296 9380 0 0 0 0 1 87 -80 558 
-10561 -6554 -3537 -4630 3902 11988 0 0 0 0 1 107 -65 548 
-11885 -7291 -3708 -6468 4336 13760 0 0 0 0 1 129 -51 537 
-13131 -8005 -4186 -8709 4653 15841 0 0 0 0 1 174 -17 500 
-15393 -8892 -4286 -10180 4410 16852 0 0 0 0 1 176 4 495 
-17014 -9325 -4530 -10724 4689 17115 0 0 0 0 1 186 29 470 
-17448 -9690 -3852 -11414 5981 17226 0 0 0 0 1 191 49 465 
-17826 -9124 -3009 -11695 5571 17113 0 0 0 0 1 189 84 450 
-17456 -9308 -2005 -11367 3637 16795 0 0 0 0 1 179 112 467 
-16694 -9550 -1999 -9449 1492 16028 0 0 0 0 1 154 136 473 
-14124 -11052 -2784 -7203 1469 15111 0 0 0 0 1 139 154 481 
-12155 -11958 -2177 -3888 3457 12872 0 0 0 0 1 95 187 497 
-9213 -11889 545 -1768 4295 10024 0 0 0 0 1 77 196 493 
-6362 -11194 2605 -790 3767 8386 0 0 0 0 1 57 219 485 
-4419 -10772 3754 129 3127 6552 0 0 0 0 1 56 203 479 
-2927 -9993 4918 465 2339 5388 0 0 0 0 1 43 224 480 
-2514 -9314 5247 730 472 3583 0 0 0 0 1 36 229 492 
-1944 -7539 4295 925 -618 2556 0 0 0 0 1 29 239 490 
-1853 -7052 3919 1365 -1025 1457 0 0 0 0 1 16 240 472 
-1789 -5663 2869 1832 -455 758 0 0 0 0 1 22 253 464 
-1618 -4623 2537 1933 -55 438 0 0 0 0 1 23 247 458 
-1377 -4103 2689 1608 59 10 0 0 0 0 1 12 263 459 
-1160 -3442 3035 815 -479 -570 0 0 0 0 1 17 251 464 
-919 -2936 3196 193 -1021 -1027 0 0 0 0 1 12 258 450 
-781 -2620 3080 -617 -1831 -1740 0 0 0 0 1 20 271 462 
-607 -2219 2554 -953 -2311 -2195 0 0 0 0 1 20 253 469 
-569 -1993 2037 -1029 -2592 -2856 0 0 0 0 1 15 251 471 
-638 -1735 1351 -659 -2212 -3546 0 0 0 0 1 33 245 472 
-778 -1539 924 -295 -1763 -4004 0 0 0 0 1 34 234 473 
-910 -1419 878 174 -1023 -4661 0 0 0 0 1 38 229 471 
-1183 -1221 997 383 -597 -5083 0 0 0 0 1 47 230 474 
-1337 -1112 1106 552 -231 -5653 0 0 0 0 1 66 220 481 
-1483 -1006 1129 638 -229 -6091 0 0 0 0 1 92 213 484 
-1553 -934 926 700 -323 -6304 0 0 0 0 1 103 191 477 
-1607 -974 862 807 -395 -6575 0 0 0 0 1 126 175 478 
-1900 -1169 759 882 -493 -6795 0 0 0 0 1 146 176 474 
-2236 -1283 742 944 -711 -7249 0 0 0 0 1 148 159 460 
-2716 -1422 619 988 -941 -7567 0 0 0 0 1 159 143 466 
-3128 -1485 272 1167 -1147 -8009 0 0 0 0 1 172 132 481 
-3545 -1460 -146 1613 -683 -8438 0 0 0 0 1 178 101 478 
-3718 -1460 -403 2073 -83 -8676 0 0 0 0 1 204 60 480 
-3847 -1444 -701 2937 780 -8861 0 0 0 0 1 198 46 470 
-3883 -1487 -848 3825 1223 -8844 0 0 0 0 1 208 13 466 
-4019 -1571 -907 4334 1241 -8778 0 0 0 0 1 214 4 458 
-4166 -1714 -1039 4934 916 -8679 0 0 0 0 1 200 -12 463 
-4335 -1963 -1286 5330 737 -8596 0 0 0 0 1 205 -41 447 
-4662 -2040 -1452 5567 729 -8592 0 0 0 0 1 212 -80 458 
-4636 -2191 -1660 5914 806 -8472 0 0 0 0 1 189 -101 448 
-4453 -2318 -1723 6222 1043 -8201 0 0 0 0 1 185 -116 462 
-4175 -2460 -1865 6413 1144 -7971 0 0 0 0 1 174 -122 472 
-3895 -2679 -1998 6681 1045 -7556 0 0 0 0 1 174 -120 463 
-4081 -2876 -2071 6943 727 -7323 0 0 0 0 1 161 -133 469 
-4195 -3111 -2191 7110 485 -7267 0 0 0 0 1 138 -138 490 
-4704 -3440 -2291 7262 16 -7389 0 0 0 0 1 132 -134 505 
-4780 -3489 -2288 7179 -200 -7569 0 0 0 0 1 122 -125 509 
-4729 -3543 -2101 6803 201 -7560 0 0 0 0 1 112 -121 515 
-4495 -3344 -2059 6450 661 -7350 0 0 0 0 1 96 -122 523 
-4266 -3238 -2091 5902 1397 -6763 0 0 0 0 1 94 -112 535 
-4406 -3222 -1780 5496 1540 -6321 0 0 0 0 1 83 -101 536 
-4320 -3217 -1506 4753 678 -5600 0 0 0 0 1 79 -101 538 
-4715 -3075 -1226 3883 -637 -5155 0 0 0 0 1 76 -111 541 
-4785 -3017 -1240 3355 -1084 -4967 0 0 0 0 1 67 -89 552 
-4834 -2937 -1286 2766 -793 -4760 0 0 0 0 1 60 -91 555 
-5033 -2928 -979 2353 -49 -4604 0 0 0 0 1 64 -82 545 
-4993 -2841 -854 2114 41 -4424 0 0 0 0 1 55 -74 548 
-4885 -2628 -798 1804 -171 -3913 0 0 0 0 1 49 -80 551 
-4453 -2316 -800 1644 28 -3072 0 0 0 0 1 48 -74 552 
-4529 -2159 -805 1636 336 -2531 0 0 0 0 1 56 -61 547 
-4613 -2009 -770 1685 577 -1877 0 0 0 0 1 56 -71 540 
-4571 -1883 -623 1669 269 -1367 0 0 0 0 1 62 -67 545 
-4525 -1645 -675 1610 -97 -1107 0 0 0 0 1 67 -72 559 
-4455 -1441 -757 1457 -367 -820 0 0 0 0 1 69 -65 538 
-4446 -1201 -970 1335 -265 -684 0 0 0 0 1 62 -50 555 
-4427 -1093 -1186 1157 358 -516 0 0 0 0 1 69 -52 548 
-4380 -962 -1292 905 1176 -378 0 0 0 0 1 61 -49 551 
-4298 -843 -1192 630 1263 -243 0 0 0 0 1 73 -34 540 
-4211 -773 -1085 30 673 107 0 0 0 0 1 81 -50 538 
-4107 -681 -954 -437 76 445 0 0 0 0 1 77 -34 542 
-4128 -693 -1037 -1038 -742 1072 0 0 0 0 1 67 -45 543 
-4249 -741 -1217 -1357 -1147 1620 0 0 0 0 1 62 -57 548 
-4560 -779 -1454 -1433 -1140 1865 0 0 0 0 1 54 -58 542 
-4678 -793 -1523 -1483 -854 2092 0 0 0 0 1 56 -56 551 
-4836 -800 -1554 -1581 -540 2242 0 0 0 0 1 57 -62 550 
-4832 -825 -1489 -1792 -277 2482 0 0 0 0 1 53 -67 548 
-4722 -874 -1539 -1958 -179 2725 0 0 0 0 1 55 -69 541 
-4704 -880 -1551 -2247 -105 3138 0 0 0 0 1 50 -77 552 
-4840 -952 -1605 -2553 -356 3501 0 0 0 0 1 46 -77 555 
-5105 -975 -1605 -2775 -669 3704 0 0 0 0 1 51 -71 568 
-5259 -1130 -1766 -3009 -1072 4054 0 0 0 0 1 44 -88 549 
-5413 -1204 -1935 -3071 -1226 4448 0 0 0 0 1 41 -101 559 
-5763 -1395 -2146 -3057 -1267 4681 0 0 0 0 1 42 -105 561 
-6077 -1547 -2279 -3042 -1420 4982 0 0 0 0 1 44 -98 556 
-6515 -1774 -2250 -3133 -1393 5290 0 0 0 0 1 46 -118 552 
-6861 -2194 -2520 -3155 -1299 5564 0 0 0 0 1 51 -112 556 
-7277 -2732 -3093 -3026 -1019 6133 0 0 0 0 1 48 -111 552 
-7599 -3167 -3610 -2775 -516 7011 0 0 0 0 1 63 -120 556 
-8519 -3874 -3894 -2823 30 7723 0 0 0 0 1 73 -122 540 
-9241 -4370 -3898 -3393 1314 8889 0 0 0 0 1 80 -115 551 
-10479 -5309 -4375 -3890 2219 9743 0 0 0 0 1 109 -111 534 
-11378 -5870 -5013 -4594 3846 11271 0 0 0 0 1 127 -90 523 
-12735 -6728 -5836 -5274 5620 13089 0 0 0 0 1 151 -83 514 
-14419 -7794 -5935 -6035 6176 14299 0 0 0 0 1 172 -56 502 
-16317 -8332 -5446 -8082 6447 15503 0 0 0 0 1 213 1 441 
-17913 -8886 -4716 -10629 5882 15998 0 0 0 0 1 213 35 429 
-18572 -8483 -4859 -11951 4701 16071 0 0 0 0 1 212 61 414 
-18640 -8450 -4954 -12808 2926 16367 0 0 0 0 1 202 107 430 
-18508 -8280 -4743 -12170 1473 16523 0 0 0 0 1 185 145 420 
-17711 -9012 -4754 -10792 616 16374 0 0 0 0 1 156 155 457 
-16376 -9908 -4986 -7500 337 15732 0 0 0 0 1 89 191 474 
-12979 -11866 -4968 -5195 1302 15118 0 0 0 0 1 54 213 498 
-9296 -13141 -1340 -3696 3508 13251 0 0 0 0 1 41 219 494 
-7399 -13051 956 -4064 2285 10119 0 0 0 0 1 20 222 513 
-4647 -13059 2469 -4341 912 8010 0 0 0 0 1 -4 208 521 
-3120 -12797 2036 -3939 185 5286 0 0 0 0 1 -16 198 533 
-1992 -12075 1427 -3226 271 3635 0 0 0 0 1 -21 196 535 
-1503 -11296 1130 -1786 275 1487 0 0 0 0 1 -40 191 540 
-958 -10060 1152 -384 415 -97 0 0 0 0 1 -31 177 543 
-874 -8787 1626 319 509 -977 0 0 0 0 1 -29 177 550 
-2664 -1578 1594 1924 -1459 -7421 0 0 0 0 1 68 169 535 
-2750 -1375 1161 2380 -1136 -7475 0 0 0 0 1 80 166 521 
-2922 -1289 768 2737 -746 -7538 0 0 0 0 1 95 163 527 
-3061 -1227 628 3212 -134 -7667 0 0 0 0 1 132 147 509 
-3310 -1256 765 3394 92 -7760 0 0 0 0 1 138 126 513 
-3475 -1325 751 3339 -150 -7833 0 0 0 0 1 142 128 499 
-3704 -1304 621 3097 -737 -8087 0 0 0 0 1 165 120 491 
-4024 -1341 492 2884 -988 -8337 0 0 0 0 1 162 107 498 
-4108 -1398 282 2664 -1235 -8667 0 0 0 0 1 174 83 498 
-4277 -1533 -125 2648 -1276 -8856 0 0 0 0 1 175 72 504 
-4346 -1589 -514 2847 -1081 -8994 0 0 0 0 1 175 42 501 
-4297 -1647 -766 3288 -870 -8879 0 0 0 0 1 171 3 511 
-4312 -1761 -969 3652 -627 -8727 0 0 0 0 1 162 -12 498 
-4495 -1900 -1127 4195 44 -8527 0 0 0 0 1 180 -23 492 
-4577 -2032 -1263 4526 626 -8417 0 0 0 0 1 166 -28 504 
-4701 -2181 -1271 4924 1484 -8330 0 0 0 0 1 166 -45 499 
-4810 -2321 -1270 5212 1923 -8326 0 0 0 0 1 175 -65 504 
-4811 -2479 -1290 5314 1678 -8327 0 0 0 0 1 176 -73 491 
-4764 -2483 -1401 5299 688 -8276 0 0 0 0 1 161 -74 501 
-4412 -2585 -1567 5209 110 -8115 0 0 0 0 1 154 -84 508 
-4247 -2821 -1878 5132 -146 -7714 0 0 0 0 1 141 -100 514 
-4267 -2869 -2027 5177 370 -7320 0 0 0 0 1 135 -114 522 
-4561 -3258 -1968 5238 823 -7156 0 0 0 0 1 129 -110 512 
-4780 -3214 -1994 5316 1015 -7062 0 0 0 0 1 119 -104 518 
-4873 -3169 -2074 5335 719 -6989 0 0 0 0 1 119 -94 522 
-4894 -3168 -2000 5275 588 -6859 0 0 0 0 1 107 -94 527 
-4780 -3122 -1972 5089 465 -6451 0 0 0 0 1 94 -103 535 
-4753 -3019 -1997 4799 456 -5893 0 0 0 0 1 99 -90 537 
-4734 -2852 -2074 4423 586 -5339 0 0 0 0 1 97 -87 543 
-4717 -2803 -2044 4024 966 -4859 0 0 0 0 1 81 -79 543 
-4649 -2798 -1792 3722 1110 -4581 0 0 0 0 1 81 -69 548 
-4631 -2772 -1544 3125 220 -4198 0 0 0 0 1 77 -63 542 
-4610 -2490 -1252 2257 -1398 -3808 0 0 0 0 1 83 -77 550 
-4711 -2281 -1116 1628 -2023 -3510 0 0 0 0 1 74 -72 545 
-4752 -2146 -1253 943 -1731 -2998 0 0 0 0 1 68 -66 547 
-4863 -1878 -1453 696 -388 -2592 0 0 0 0 1 64 -72 538 
-4905 -1759 -1478 747 495 -2422 0 0 0 0 1 64 -69 541 
-4856 -1599 -1353 982 1156 -2207 0 0 0 0 1 67 -69 550 
-4726 -1457 -1139 1110 849 -1862 0 0 0 0 1 63 -76 542 
-4408 -1203 -858 1044 289 -1500 0 0 0 0 1 67 -69 543 
-4296 -997 -654 699 -439 -843 0 0 0 0 1 73 -68 549 
-4232 -825 -617 324 -667 -215 0 0 0 0 1 66 -73 537 
-4337 -767 -961 196 -551 89 0 0 0 0 1 69 -69 543 
-4461 -744 -1226 170 -160 355 0 0 0 0 1 70 -68 542 
-4562 -675 -1408 178 154 455 0 0 0 0 1 62 -67 543 
-4554 -620 -1363 73 427 634 0 0 0 0 1 64 -65 541 
-4514 -550 -1203 -225 265 904 0 0 0 0 1 74 -67 550 
-4475 -511 -1068 -514 28 1147 0 0 0 0 1 74 -67 543 
-4452 -497 -1072 -985 -293 1583 0 0 0 0 1 70 -78 542 
-4495 -585 -1269 -1240 -413 1889 0 0 0 0 1 64 -72 555 
-4522 -672 -1450 -1505 -395 2349 0 0 0 0 1 60 -67 541 
-4574 -745 -1625 -1718 -274 2783 0 0 0 0 1 55 -72 543 
-4722 -833 -1718 -1852 -277 3024 0 0 0 0 1 61 -71 561 
-4914 -973 -1578 -2117 -402 3289 0 0 0 0 1 57 -74 555 
-5072 -996 -1580 -2396 -632 3432 0 0 0 0 1 62 -69 557 
-5211 -1155 -1681 -2539 -897 3543 0 0 0 0 1 55 -82 555 
-5268 -1314 -1985 -2663 -1346 3840 0 0 0 0 1 56 -85 554 
-5373 -1477 -2411 -2560 -1442 4261 0 0 0 0 1 67 -84 555 
-5723 -1852 -2988 -2391 -1100 4529 0 0 0 0 1 57 -106 559 
-6367 -2453 -3092 -2199 -167 4783 0 0 0 0 1 57 -89 559 
-6886 -2965 -3050 -2217 -29 4932 0 0 0 0 1 68 -93 561 
-7561 -3675 -3205 -2328 -353 5155 0 0 0 0 1 75 -100 554 
-7754 -4549 -3499 -2665 79 6335 0 0 0 0 1 83 -101 559 
-8253 -5599 -4141 -2849 833 7154 0 0 0 0 1 88 -94 545 
-9201 -6836 -4320 -3430 2187 8446 0 0 0 0 1 100 -94 543 
-9872 -7744 -3874 -5058 3272 10030 0 0 0 0 1 136 -83 537 
-10869 -8179 -3372 -6577 3460 11275 0 0 0 0 1 152 -55 522 
-11445 -8491 -3399 -8628 3228 13567 0 0 0 0 1 167 -56 500 
-12580 -8952 -3387 -10094 3183 15736 0 0 0 0 1 179 -46 481 
-14833 -8946 -3547 -10611 3426 16506 0 0 0 0 1 197 -15 478 
-16172 -9102 -3546 -10765 3917 16964 0 0 0 0 1 191 9 458 
-16623 -9132 -3031 -10536 4834 16841 0 0 0 0 1 193 88 444 
-16029 -8981 -2473 -10438 4835 16576 0 0 0 0 1 178 123 443 
-15203 -8524 -1945 -9987 3022 15964 0 0 0 0 1 165 152 449 
-13890 -9049 -1444 -8488 737 14955 0 0 0 0 1 139 161 458 
-11601 -10158 -2241 -6703 -23 14118 0 0 0 0 1 126 177 478 
-9782 -11108 -2443 -3906 897 12580 0 0 0 0 1 87 196 484 
-6134 -11895 255 -2833 2491 11182 0 0 0 0 1 38 212 501 
-4722 -11453 1477 -2359 2702 8562 0 0 0 0 1 25 215 495 
-3493 -11027 1974 -2272 1132 5955 0 0 0 0 1 17 214 508 
-1604 -10130 2167 -2192 714 3768 0 0 0 0 1 15 222 520 
-1556 -9905 2056 -1986 640 2458 0 0 0 0 1 2 210 514 
-1186 -9098 1588 -1333 233 992 0 0 0 0 1 2 203 526 
-932 -8264 1404 -793 17 318 0 0 0 0 1 4 213 535 
-991 -6908 1381 -48 57 -490 0 0 0 0 1 7 203 533 
-1207 -5763 1450 342 156 -962 0 0 0 0 1 8 202 527 
-1364 -5102 1694 661 196 -1618 0 0 0 0 1 -1 202 527 
-1453 -4323 2201 1392 -1015 -5838 0 0 0 0 1 86 165 518 
-1943 -1607 1154 1904 -332 -6447 0 0 0 0 1 97 160 515 
-2267 -1459 1056 2219 90 -6863 0 0 0 0 1 108 152 512 
-2479 -1342 906 2646 435 -7474 0 0 0 0 1 122 144 507 
-2593 -1314 742 2999 452 -8031 0 0 0 0 1 145 143 508 
-2757 -1341 567 3166 457 -8345 0 0 0 0 1 163 116 499 
-2901 -1472 407 3383 338 -8751 0 0 0 0 1 172 95 486 
-3318 -1685 112 3574 -37 -9173 0 0 0 0 1 188 68 486 
-3745 -1815 -293 3686 -364 -9469 0 0 0 0 1 194 65 490 
-4038 -1996 -526 3861 -567 -9927 0 0 0 0 1 191 31 477 
-4238 -2161 -1290 4190 -221 -10255 0 0 0 0 1 194 15 487 
-4239 -2195 -1488 4558 376 -10373 0 0 0 0 1 200 -2 481 
-4408 -2324 -2058 5365 1758 -10443 0 0 0 0 1 187 -47 478 
-4403 -2444 -2222 5984 2663 -10358 0 0 0 0 1 202 -68 470 
-4294 -2658 -2323 6809 2961 -9973 0 0 0 0 1 195 -78 467 
-4064 -2781 -2317 7223 1933 -9322 0 0 0 0 1 189 -89 476 
-3565 -3150 -2164 7165 922 -8770 0 0 0 0 1 174 -112 479 
-3767 -3583 -2038 6680 -301 -8120 0 0 0 0 1 184 -112 477 
-4372 -4121 -2110 6238 -495 -7913 0 0 0 0 1 160 -125 481 
-5449 -4355 -2679 5775 500 -8015 0 0 0 0 1 127 -127 502 
-5705 -4208 -2999 5707 2873 -8209 0 0 0 0 1 121 -133 499 
-5554 -4097 -2856 5819 4274 -7975 0 0 0 0 1 119 -131 515 
-4917 -3765 -2441 5728 3658 -7479 0 0 0 0 1 117 -125 507 
-4379 -3656 -1843 4964 1548 -6401 0 0 0 0 1 121 -138 508 
-4142 -3698 -1224 3677 -694 -5274 0 0 0 0 1 109 -133 520 
-4173 -3488 -1046 2779 -1612 -4654 0 0 0 0 1 94 -139 521 
-4489 -3430 -1194 1802 -1822 -4142 0 0 0 0 1 79 -133 538 
-5244 -3356 -1697 1446 -1145 -4118 0 0 0 0 1 73 -139 542 
-5450 -3277 -1832 1505 -580 -4257 0 0 0 0 1 66 -137 535 
-5463 -2937 -1939 1829 -40 -4453 0 0 0 0 1 61 -137 535 
-5326 -2654 -1808 2128 210 -4325 0 0 0 0 1 46 -131 543 
-4901 -2238 -1477 2187 240 -3926 0 0 0 0 1 49 -127 537 
-4481 -1794 -1125 2028 416 -2947 0 0 0 0 1 43 -136 534 
-4391 -1675 -1014 1747 883 -1900 0 0 0 0 1 30 -130 551 
-4486 -1459 -1206 1636 1099 -1392 0 0 0 0 1 36 -118 538 
-4516 -1335 -1282 1562 1225 -970 0 0 0 0 1 40 -122 544 
-4514 -1201 -1286 1550 1043 -848 0 0 0 0 1 54 -120 535 
-4471 -1004 -1318 1451 394 -727 0 0 0 0 1 47 -105 526 
-4318 -746 -1185 1153 -23 -547 0 0 0 0 1 46 -99 543 
-4149 -578 -1110 864 -75 -353 0 0 0 0 1 43 -99 548 
-4078 -489 -1089 405 31 -13 0 0 0 0 1 54 -107 554 
-4021 -543 -1224 47 -35 316 0 0 0 0 1 56 -98 535 
-4166 -522 -1316 -131 -232 473 0 0 0 0 1 44 -100 542 
-4252 -554 -1303 -351 -725 723 0 0 0 0 1 56 -100 547 
-4302 -609 -1323 -559 -1240 1090 0 0 0 0 1 53 -101 545 
-4413 -644 -1341 -686 -1394 1369 0 0 0 0 1 48 -104 557 
-4523 -856 -1592 -774 -1311 1817 0 0 0 0 1 37 -103 542 
-4724 -923 -1698 -814 -838 2125 0 0 0 0 1 28 -110 558 
-5061 -998 -1709 -924 -316 2259 0 0 0 0 1 40 -105 558 
-5446 -1091 -1606 -1065 -207 2304 0 0 0 0 1 25 -105 558 
-5533 -1172 -1564 -1356 -349 2510 0 0 0 0 1 42 -107 549 
-5499 -1298 -1682 -1607 -553 2991 0 0 0 0 1 40 -103 549 
-5704 -1398 -1904 -1682 -514 3417 0 0 0 0 1 53 -106 555 
-5996 -1518 -1968 -1679 -97 4030 0 0 0 0 1 42 -105 554 
-6336 -1738 -2121 -1567 94 4635 0 0 0 0 1 43 -116 562 
-6637 -2083 -2423 -1472 -240 5085 0 0 0 0 1 53 -118 550 
-6810 -2621 -2666 -1436 -725 5836 0 0 0 0 1 61 -127 551 
-7060 -3128 -3034 -1466 -643 6625 0 0 0 0 1 64 -116 559 
-7900 -3986 -3753 -1519 -78 7093 0 0 0 0 1 82 -110 558 
-8293 -4689 -4118 -1778 1390 7769 0 0 0 0 1 82 -100 554 
-8915 -5889 -4305 -2451 1590 8561 0 0 0 0 1 106 -88 554 
-9447 -6890 -4128 -3191 1407 9338 0 0 0 0 1 120 -88 540 
-9902 -7527 -3880 -4756 1714 10931 0 0 0 0 1 136 -78 535 
-10646 -8055 -3703 -6633 2572 12915 0 0 0 0 1 143 -56 519 
-12097 -8923 -3722 -7876 3394 14163 0 0 0 0 1 167 -41 512 
-13408 -9421 -3646 -9469 4123 15489 0 0 0 0 1 175 -25 506 
-15144 -9566 -3055 -10319 4218 16018 0 0 0 0 1 181 7 474 
-16038 -9428 -2763 -10935 3700 16727 0 0 0 0 1 200 63 460 
-16428 -9224 -2214 -10767 3190 17745 0 0 0 0 1 195 76 470 
-16911 -8599 -878 -10255 1716 18313 0 0 0 0 1 173 121 464 
-16962 -8397 -799 -9518 399 18080 0 0 0 0 1 142 143 485 
-16348 -9138 -1033 -7413 -590 16959 0 0 0 0 1 126 165 499 
-14084 -10708 -2238 -5361 -346 15928 0 0 0 0 1 71 177 522 
-11839 -11880 -1870 -2799 2203 14126 0 0 0 0 1 15 199 524 
-8134 -12118 526 -1829 3312 11802 0 0 0 0 1 -2 193 516 
-5876 -11817 1907 -1539 2059 9941 0 0 0 0 1 0 198 533 
-4339 -11530 2359 -1297 672 7271 0 0 0 0 1 -30 193 537 
-2929 -10847 2650 -1267 544 5679 0 0 0 0 1 -33 198 530 
-1971 -9942 2413 -1174 496 3640 0 0 0 0 1 -49 196 544 
-1549 -9260 2067 -800 339 1894 0 0 0 0 1 -51 186 533 
-1209 -7920 1729 -442 331 872 0 0 0 0 1 -62 175 543 
-1252 -1328 1665 -731 -1025 -5840 0 0 0 0 1 21 157 547 
-1236 -1124 1388 -251 -1853 -5861 0 0 0 0 1 31 155 545 
-1654 -909 1002 119 -1730 -5886 0 0 0 0 1 38 150 552 
-2061 -680 802 654 -484 -6092 0 0 0 0 1 50 143 555 
-2382 -408 635 1134 1218 -6301 0 0 0 0 1 56 139 558 
-2556 -209 843 1377 2214 -6428 0 0 0 0 1 81 118 534 
-2777 -112 1067 1619 3047 -6694 0 0 0 0 1 106 122 540 
-2972 173 1517 1680 2740 -6789 0 0 0 0 1 125 115 519 
-2893 263 1403 1709 795 -6499 0 0 0 0 1 130 101 522 
-2849 370 1123 1691 -529 -6130 0 0 0 0 1 133 99 518 
-2918 417 940 1679 -1321 -5660 0 0 0 0 1 147 87 534 
-3360 521 425 1880 -889 -5511 0 0 0 0 1 135 72 522 
-3545 561 -22 2283 420 -5503 0 0 0 0 1 158 53 516 
-3692 625 -147 2601 1282 -5545 0 0 0 0 1 145 50 511 
-3853 828 -249 3131 1592 -5658 0 0 0 0 1 165 26 507 
-3754 1041 -319 3468 1249 -5706 0 0 0 0 1 166 38 501 
-3667 1063 -367 3868 590 -5732 0 0 0 0 1 179 26 493 
-3633 1124 -495 4191 66 -5739 0 0 0 0 1 175 13 504 
-3625 1144 -737 4376 -100 -5747 0 0 0 0 1 175 11 497 
-3714 1178 -901 4602 120 -5780 0 0 0 0 1 184 -4 500 
-3581 1112 -1059 4739 488 -5593 0 0 0 0 1 184 -14 484 
-3442 1045 -1075 4767 571 -5335 0 0 0 0 1 180 -15 504 
-3331 973 -1060 4687 328 -4983 0 0 0 0 1 175 -23 485 
-3416 904 -1066 4568 -36 -4908 0 0 0 0 1 167 -17 488 
-3552 894 -1027 4166 -867 -5084 0 0 0 0 1 175 -25 504 
-3530 862 -1096 3901 -1147 -5144 0 0 0 0 1 162 -39 500 
-3410 846 -1153 3574 -1094 -5088 0 0 0 0 1 165 -41 507 
-3491 975 -1503 3515 -827 -5016 0 0 0 0 1 159 -52 508 
-3508 1010 -1587 3710 -235 -4860 0 0 0 0 1 156 -50 506 
-3489 1119 -1589 4034 299 -4628 0 0 0 0 1 158 -44 502 
-3640 1199 -1481 4196 272 -4394 0 0 0 0 1 140 -47 506 
-3580 1177 -1251 4117 35 -4216 0 0 0 0 1 136 -49 516 
-3619 1109 -1179 3821 -278 -4052 0 0 0 0 1 130 -55 508 
-3799 1158 -1277 3634 -292 -4060 0 0 0 0 1 129 -39 509 
-3724 1094 -1354 3549 43 -4165 0 0 0 0 1 130 -50 520 
-3798 1082 -1192 3579 191 -4405 0 0 0 0 1 121 -40 513 
-3815 1081 -1063 3492 -725 -4511 0 0 0 0 1 120 -44 526 
-3890 1044 -1009 3354 -1549 -4388 0 0 0 0 1 114 -33 522 
-3869 961 -1088 3106 -2164 -3818 0 0 0 0 1 117 -34 523 
-3717 776 -1191 2942 -1571 -3227 0 0 0 0 1 112 -42 531 
-3887 718 -1032 2722 300 -2410 0 0 0 0 1 106 -29 540 
-4065 785 -1139 2710 1423 -2017 0 0 0 0 1 102 -30 531 
-4128 318 -1862 -2934 -534 1730 0 0 0 0 1 104 -42 541 
-4279 280 -2004 -3214 -1532 1702 0 0 0 0 1 113 -39 537 
-4342 125 -2342 -3317 -1967 1612 0 0 0 0 1 87 -63 551 
-4454 -121 -2430 -3406 -1866 1546 0 0 0 0 1 101 -53 542 
-4426 -272 -2403 -3489 -1747 1541 0 0 0 0 1 86 -60 550 
-4621 -285 -2552 -3552 -1725 1456 0 0 0 0 1 81 -82 550 
-5096 -416 -2840 -3460 -1645 1325 0 0 0 0 1 70 -95 551 
-5271 -570 -3098 -3146 -1318 1340 0 0 0 0 1 66 -107 549 
-5851 -779 -3174 -2777 -1235 1380 0 0 0 0 1 75 -107 547 
-6359 -1225 -3099 -2215 -1473 1749 0 0 0 0 1 69 -106 562 
-7024 -2005 -2910 -1923 -1597 2314 0 0 0 0 1 74 -128 557 
-7561 -2551 -2854 -1587 -1271 3618 0 0 0 0 1 73 -127 558 
-8636 -4036 -3399 -1147 99 5566 0 0 0 0 1 82 -122 558 
-10173 -6266 -3931 -1014 1761 7268 0 0 0 0 1 96 -105 561 
-10917 -7291 -3405 -2011 4171 9987 0 0 0 0 1 110 -105 544 
-11892 -8631 -2585 -4411 4418 12674 0 0 0 0 1 140 -84 534 
-12564 -9799 -1941 -6221 4011 14393 0 0 0 0 1 155 -58 505 
-13577 -10409 -2350 -8255 3959 16702 0 0 0 0 1 186 -56 493 
-14797 -10751 -2195 -9610 4935 17797 0 0 0 0 1 206 30 471 
-16610 -10817 -2295 -10161 4983 17747 0 0 0 0 1 200 58 463 
-16421 -11110 -1985 -10509 4643 17798 0 0 0 0 1 199 96 466 
-15943 -10878 -369 -10657 4646 17784 0 0 0 0 1 173 133 457 
-14731 -10635 -149 -10262 2468 17694 0 0 0 0 1 153 154 474 
-13749 -11054 -630 -8173 672 16817 0 0 0 0 1 121 185 485 
-11885 -11734 -1420 -6216 934 15359 0 0 0 0 1 99 191 486 
-9536 -12309 -616 -3825 2516 12447 0 0 0 0 1 62 195 504 
-5994 -12230 1803 -2940 3032 10296 0 0 0 0 1 23 203 514 
-4361 -11829 2690 -2120 2342 7133 0 0 0 0 1 8 212 520 
-2647 -11161 3370 -1806 1874 5251 0 0 0 0 1 0 198 519 
-2011 -10585 3598 -1604 1389 3031 0 0 0 0 1 -1 199 524 
-1100 -9879 3535 -1340 595 1768 0 0 0 0 1 -8 195 529 
-598 -8746 3117 -1019 177 1198 0 0 0 0 1 -3 190 531 
-571 -7819 2822 -410 -49 310 0 0 0 0 1 -1 192 522 
-969 -6703 2605 -25 -138 -399 0 0 0 0 1 -7 188 521 
-1176 -6166 2689 356 -272 -1499 0 0 0 0 1 -3 190 545 
-1165 -5293 2847 453 -375 -2139 0 0 0 0 1 9 198 523 
-1196 -4502 2944 401 -592 -2957 0 0 0 0 1 7 198 535 
-1195 -4039 2897 224 -751 -3637 0 0 0 0 1 15 187 527 
-1157 -3677 2681 140 -741 -4045 0 0 0 0 1 20 190 531 
-1076 -3188 2309 126 -587 -4636 0 0 0 0 1 22 190 527 
-1076 -2656 1751 365 -657 -5161 0 0 0 0 1 36 180 531 
-1087 -2465 1515 653 -779 -5440 0 0 0 0 1 56 174 535 
-1233 -2345 1334 1163 -877 -5823 0 0 0 0 1 63 166 530 
-1768 -2249 1025 1694 -818 -6281 0 0 0 0 1 69 155 529 
-2055 -2158 841 2030 -636 -6666 0 0 0 0 1 80 149 528 
-2268 -2120 739 2487 -232 -7264 0 0 0 0 1 96 149 516 
-2443 -2125 596 2757 35 -7620 0 0 0 0 1 110 149 526 
-2626 -2206 498 3087 433 -8146 0 0 0 0 1 119 145 515 
-3130 -2294 590 3200 673 -8500 0 0 0 0 1 142 128 508 
-3271 -2487 526 3237 500 -8880 0 0 0 0 1 160 95 493 
-3646 -2735 265 3227 35 -9101 0 0 0 0 1 176 83 481 
-3979 -2858 60 3225 -647 -9518 0 0 0 0 1 195 63 493 
-4826 -3115 -582 3339 -708 -10062 0 0 0 0 1 191 2 493 
-6033 -3600 -1149 3787 1372 -11108 0 0 0 0 1 185 -15 499 
-6050 -3735 -1234 3885 2036 -11156 0 0 0 0 1 187 -52 478 
-5587 -3961 -1434 3836 1935 -10908 0 0 0 0 1 191 -83 486 
-5187 -4032 -1504 3601 1361 -10194 0 0 0 0 1 182 -106 471 
-4672 -4197 -1979 3508 798 -9275 0 0 0 0 1 178 -126 483 
-5160 -4276 -3052 3741 803 -8829 0 0 0 0 1 145 -158 480 
-5391 -4198 -3628 4522 1755 -8351 0 0 0 0 1 139 -157 484 
-5528 -4039 -4068 5536 2843 -7911 0 0 0 0 1 138 -165 483 
-5552 -3910 -3932 6016 3021 -7588 0 0 0 0 1 112 -175 490 
-5418 -3815 -3675 6182 2584 -6941 0 0 0 0 1 100 -160 499 
-5281 -3874 -3523 5995 2125 -6496 0 0 0 0 1 103 -159 495 
-5273 -3742 -3571 5554 1887 -5908 0 0 0 0 1 86 -165 520 
-5068 -3526 -3754 5217 2280 -5311 0 0 0 0 1 96 -139 514 
-5045 -3254 -3951 5148 2617 -4941 0 0 0 0 1 87 -137 514 
-5067 -3053 -3893 5163 2765 -4513 0 0 0 0 1 80 -137 523 
-5459 -2815 -3575 5071 2097 -4343 0 0 0 0 1 86 -136 522 
-5414 -2676 -3380 4850 1430 -4276 0 0 0 0 1 79 -126 536 
-5324 -2560 -3205 4316 725 -4096 0 0 0 0 1 67 -114 534 
-5163 -2331 -3085 3906 698 -3903 0 0 0 0 1 71 -104 543 
-4898 -2083 -3040 3347 1267 -3468 0 0 0 0 1 63 -105 535 
-4682 -1892 -2968 2952 1978 -2982 0 0 0 0 1 84 -88 533 
-4649 -1743 -2676 2775 1969 -2727 0 0 0 0 1 79 -94 538 
-4674 -1622 -2403 2510 1005 -2490 0 0 0 0 1 88 -77 534 
-4701 -1482 -1948 2128 -305 -2403 0 0 0 0 1 93 -74 550 
-4724 -1298 -1664 1827 -927 -2384 0 0 0 0 1 87 -80 528 
-4673 -1156 -1584 1395 -1169 -2279 0 0 0 0 1 86 -77 536 
-4399 -947 -1430 1063 -534 -2025 0 0 0 0 1 88 -72 550 
-4249 -815 -1391 930 109 -1807 0 0 0 0 1 93 -67 536 
-4125 -679 -1360 857 913 -1502 0 0 0 0 1 92 -63 544 
-4050 -618 -1163 845 1210 -1350 0 0 0 0 1 88 -60 529 
-4105 -620 -1007 829 1093 -1224 0 0 0 0 1 90 -72 534 
-4290 -579 -855 752 439 -1183 0 0 0 0 1 99 -78 530 
-4367 -549 -726 669 27 -1099 0 0 0 0 1 94 -71 535 
-4260 -516 -729 521 -45 -749 0 0 0 0 1 101 -88 533 
-4094 -471 -806 437 559 -225 0 0 0 0 1 99 -80 542 
-4086 -486 -935 431 1101 122 0 0 0 0 1 89 -71 523 
-4093 -523 -969 411 1580 539 0 0 0 0 1 99 -80 537 
-4103 -554 -1068 360 1464 732 0 0 0 0 1 101 -76 528 
-4141 -517 -1116 165 807 886 0 0 0 0 1 106 -66 519 
-4096 -463 -957 -249 112 1012 0 0 0 0 1 104 -69 531 
-3938 -440 -954 -582 -235 1157 0 0 0 0 1 99 -71 526 
-3819 -472 -1082 -1049 -550 1508 0 0 0 0 1 103 -73 540 
-3727 -451 -1440 -1426 -708 1919 0 0 0 0 1 96 -61 533 
-3932 -418 -1847 -1630 -780 2125 0 0 0 0 1 107 -74 534 
-4276 -507 -1926 -1957 -807 2314 0 0 0 0 1 95 -67 527 
-4424 -490 -1889 -2384 -727 2531 0 0 0 0 1 103 -78 554 
-4577 -485 -2048 -2637 -695 2741 0 0 0 0 1 83 -77 538 
-4651 -587 -2183 -2949 -701 3145 0 0 0 0 1 86 -87 531 
-4865 -595 -2220 -3259 -955 3593 0 0 0 0 1 76 -94 541 
-5248 -847 -2298 -3582 -1424 4118 0 0 0 0 1 84 -93 542 
-5769 -1011 -2429 -3806 -1652 4477 0 0 0 0 1 88 -99 536 
-6217 -1166 -2702 -3994 -1751 4963 0 0 0 0 1 77 -98 542 
-6780 -1624 -3146 -3977 -1456 5327 0 0 0 0 1 94 -107 549 
-7344 -2081 -3908 -3611 -380 5914 0 0 0 0 1 94 -115 544 
-7812 -2786 -4380 -2888 464 6445 0 0 0 0 1 95 -126 536 
-8976 -4049 -4319 -2473 548 6997 0 0 0 0 1 104 -99 536 
-10095 -5145 -4375 -2533 643 7677 0 0 0 0 1 133 -96 534 
-10534 -5835 -4582 -3360 2381 9698 0 0 0 0 1 147 -84 527 
-11401 -6806 -5035 -5312 5466 12498 0 0 0 0 1 161 -65 511 
-13098 -8224 -5175 -7108 6003 14083 0 0 0 0 1 175 -47 494 
-14693 -8796 -4890 -9844 4797 15417 0 0 0 0 1 200 -19 460 
-16605 -8847 -4822 -11340 4077 15853 0 0 0 0 1 214 4 458 
-17654 -8605 -4748 -12957 3750 16506 0 0 0 0 1 207 66 437 
-18174 -8500 -4641 -13700 2858 17253 0 0 0 0 1 200 95 437 
-18592 -8051 -4738 -13386 1393 17455 0 0 0 0 1 186 122 470 
-18732 -7772 -4538 -12578 384 17036 0 0 0 0 1 149 145 469 
-18191 -8629 -4659 -10149 -1320 16018 0 0 0 0 1 114 165 487 
-16146 -10504 -5707 -6586 -675 15027 0 0 0 0 1 50 170 545 
-11085 -13389 -3612 -4209 3082 13938 0 0 0 0 1 17 177 536 
-8785 -13779 -842 -3896 3585 11612 0 0 0 0 1 17 180 536 
-5940 -13559 1381 -3842 1799 9405 0 0 0 0 1 2 174 540 
-4373 -13018 1394 -3272 508 5953 0 0 0 0 1 -7 159 547 
-2471 -12388 1697 -2421 921 3237 0 0 0 0 1 -25 152 568 
-1342 -11658 1702 -1646 736 1949 0 0 0 0 1 -34 153 559 
-423 -9831 1810 -491 457 406 0 0 0 0 1 -25 149 563 
-276 -8616 1883 145 550 -500 0 0 0 0 1 -21 134 570 
-240 -6989 1883 895 435 -1637 0 0 0 0 1 -20 145 569 
-563 -5706 2006 1241 142 -2328 0 0 0 0 1 -16 152 563 
-985 -4991 2032 1519 -245 -3372 0 0 0 0 1 -9 154 584 
-1360 -3982 2084 1559 -313 -4014 0 0 0 0 1 -1 158 564 
-1413 -3415 2039 1542 -129 -4815 0 0 0 0 1 3 153 564 
-2370 -291 430 3080 1223 -4901 0 0 0 0 1 109 148 506 
-2397 -216 500 3004 1653 -5127 0 0 0 0 1 125 144 507 
-2539 -86 545 2909 1300 -5322 0 0 0 0 1 142 138 501 
-2570 16 508 2731 93 -5526 0 0 0 0 1 140 131 487 
-2284 52 362 2575 -1091 -5364 0 0 0 0 1 158 130 481 
-2223 -51 74 2530 -1473 -5151 0 0 0 0 1 162 103 488 
-2417 -79 -138 2563 -1383 -4901 0 0 0 0 1 153 103 495 
-2634 -165 -365 2637 -938 -4827 0 0 0 0 1 172 88 488 
-2929 -132 -551 2862 -29 -4959 0 0 0 0 1 184 83 481 
-3119 -60 -685 3243 615 -5341 0 0 0 0 1 185 74 485 
-3200 44 -813 3557 791 -5631 0 0 0 0 1 176 71 470 
-3242 112 -848 4026 802 -6035 0 0 0 0 1 182 57 469 
-3268 96 -833 4372 517 -6328 0 0 0 0 1 201 45 466 
-3273 23 -816 4509 207 -6444 0 0 0 0 1 199 18 471 
-3326 -18 -858 4610 -307 -6476 0 0 0 0 1 200 -2 453 
-3346 -157 -928 4617 -548 -6377 0 0 0 0 1 200 2 458 
-3493 -235 -1020 4618 -613 -6181 0 0 0 0 1 206 -15 469 
-3851 -234 -1247 4661 -240 -6016 0 0 0 0 1 189 -33 464 
-3979 -313 -1379 4729 128 -5911 0 0 0 0 1 194 -33 464 
-4216 -291 -1433 4874 438 -5836 0 0 0 0 1 194 -47 471 
-4259 -283 -1480 5008 239 -5837 0 0 0 0 1 176 -41 479 
-4314 -335 -1464 5069 -128 -5863 0 0 0 0 1 176 -68 474 
-4424 -309 -1555 5133 -921 -5934 0 0 0 0 1 167 -73 486 
-4529 -373 -1686 5159 -1368 -5988 0 0 0 0 1 174 -63 474 
-4559 -365 -1877 5168 -922 -5803 0 0 0 0 1 158 -80 498 
-4440 -395 -1863 5133 -112 -5487 0 0 0 0 1 159 -74 501 
-4289 -391 -1836 5062 1162 -4847 0 0 0 0 1 145 -82 506 
-4024 -424 -1685 4958 1621 -4221 0 0 0 0 1 154 -74 499 
-4037 -480 -1560 4760 913 -3905 0 0 0 0 1 143 -61 495 
-4240 -540 -1547 4572 4 -3913 0 0 0 0 1 138 -65 501 
-4326 -592 -1552 4248 -1153 -4144 0 0 0 0 1 120 -29 523 
-4381 -815 -1632 2583 138 -1696 0 0 0 0 1 115 -29 523 
-4381 -797 -1576 2244 325 -1406 0 0 0 0 1 125 -19 521 
-4354 -700 -1618 1987 61 -1230 0 0 0 0 1 114 -20 524 
-4348 -675 -1604 1526 -466 -961 0 0 0 0 1 127 -22 523 
-4228 -645 -1688 1204 -629 -720 0 0 0 0 1 110 -14 535 
-4127 -664 -1804 720 -362 -248 0 0 0 0 1 112 -23 527 
-4155 -621 -1921 271 319 239 0 0 0 0 1 99 -17 530 
-4291 -600 -2053 -10 624 514 0 0 0 0 1 117 -19 530 
-4484 -600 -2101 -448 611 803 0 0 0 0 1 106 -4 530 
-4493 -609 -2125 -915 187 1035 0 0 0 0 1 107 -18 531 
-4384 -565 -2348 -1221 -194 1224 0 0 0 0 1 120 -14 533 
-4392 -500 -2722 -1632 -632 1547 0 0 0 0 1 110 -14 530 
-4492 -454 -2973 -2049 -880 1909 0 0 0 0 1 99 -22 535 
-4853 -362 -3120 -2667 -990 2253 0 0 0 0 1 103 -29 544 
-5201 -363 -3046 -3247 -1339 2521 0 0 0 0 1 97 -33 529 
-6008 -66 -3351 -4244 -2640 2955 0 0 0 0 1 94 -36 544 
-6574 -41 -3661 -5069 -3840 3553 0 0 0 0 1 79 -57 562 
-7685 -512 -4230 -5363 -4164 4147 0 0 0 0 1 86 -62 573 
-8915 -1230 -4608 -5502 -3792 5405 0 0 0 0 1 62 -74 550 
-9579 -1849 -4643 -5698 -2778 7126 0 0 0 0 1 55 -84 557 
-10785 -2829 -4487 -6095 -2545 8471 0 0 0 0 1 67 -96 566 
-11445 -3443 -4280 -7141 -2307 10739 0 0 0 0 1 60 -99 559 
-12657 -4362 -4758 -8009 -2097 12987 0 0 0 0 1 80 -117 551 
-13932 -5289 -5472 -8271 -1578 14446 0 0 0 0 1 90 -121 545 
-14777 -5792 -6009 -8175 40 16135 0 0 0 0 1 106 -120 537 
-16463 -6636 -6305 -7811 1613 16805 0 0 0 0 1 128 -96 520 
-17488 -7680 -5727 -7554 2260 17016 0 0 0 0 1 155 -78 505 
-18121 -8375 -5137 -7185 2690 16970 0 0 0 0 1 174 -49 491 
-18785 -8824 -4131 -6900 1212 16407 0 0 0 0 1 186 -14 498 
-18463 -8840 -3446 -6684 141 15844 0 0 0 0 1 182 42 485 
-17548 -8885 -3179 -5924 -745 14969 0 0 0 0 1 165 76 498 
-15447 -9498 -3295 -4892 -1116 14605 0 0 0 0 1 151 95 519 
-13804 -10408 -3661 -2595 -501 14142 0 0 0 0 1 127 130 505 
-11046 -11265 -3520 -769 2006 13013 0 0 0 0 1 99 154 512 
-7668 -10729 -79 -758 2848 10904 0 0 0 0 1 92 176 514 
-6868 -10531 663 -1260 1730 9297 0 0 0 0 1 47 193 505 
-4687 -10180 1379 -1716 -75 7094 0 0 0 0 1 35 201 526 
-3173 -9501 1108 -1697 -279 5863 0 0 0 0 1 28 210 519 
-2416 -8837 788 -1220 244 4437 0 0 0 0 1 10 202 527 
-1382 -7018 586 -747 641 3701 0 0 0 0 1 8 209 527 
-1268 -6577 624 -80 964 2766 0 0 0 0 1 4 196 526 
-1050 -5509 1346 199 1097 2045 0 0 0 0 1 1 214 527 
-885 -5058 1870 98 1084 1669 0 0 0 0 1 0 213 523 
-799 -4554 2238 -313 715 1130 0 0 0 0 1 -2 196 528 
-742 -3858 2472 -613 318 745 0 0 0 0 1 -4 201 526 
-719 -3392 2441 -949 -217 150 0 0 0 0 1 -9 196 533 
-670 -2802 2222 -1043 -450 -232 0 0 0 0 1 -1 204 529 
-576 -2404 1900 -943 -631 -711 0 0 0 0 1 2 186 540 
-527 -2148 1686 -641 -554 -1081 0 0 0 0 1 -10 185 545 
-314 -1699 1534 -244 -208 -1324 0 0 0 0 1 -2 191 537 
-202 -1574 1587 23 136 -1432 0 0 0 0 1 -3 202 538 
-70 -1433 1737 359 749 -1542 0 0 0 0 1 1 187 534 
8 -1158 1968 541 1039 -1628 0 0 0 0 1 21 191 533 
0 -1088 2009 766 1097 -1826 0 0 0 0 1 11 188 526 
-108 -836 2074 949 778 -2133 0 0 0 0 1 23 201 528 
-146 -613 2005 1066 500 -2360 0 0 0 0 1 34 192 520 
-265 -196 1784 1263 183 -2725 0 0 0 0 1 40 193 521 
-257 14 1727 1380 105 -2933 0 0 0 0 1 51 193 514 
-226 167 1669 1524 158 -3178 0 0 0 0 1 64 202 511 
-447 441 1634 1590 233 -3309 0 0 0 0 1 70 191 509 
-479 488 1627 1639 333 -3453 0 0 0 0 1 74 190 501 
-684 773 1632 1621 352 -3524 0 0 0 0 1 86 192 501 
-777 964 1640 1565 273 -3536 0 0 0 0 1 90 187 497 
-807 1168 1590 1467 -15 -3465 0 0 0 0 1 100 182 494 
-828 1327 1432 1353 -399 -3299 0 0 0 0 1 114 172 485 
-895 1318 1287 1288 -613 -3178 0 0 0 0 1 122 176 477 
-941 1304 1140 1258 -724 -3016 0 0 0 0 1 133 168 494 
-1088 1346 818 1299 -638 -2943 0 0 0 0 1 130 170 485 
-1176 1492 719 1423 -279 -2943 0 0 0 0 1 129 169 481 
-1111 1708 619 1554 231 -2986 0 0 0 0 1 145 158 487 
-1096 2001 597 1605 566 -3028 0 0 0 0 1 141 166 474 
