Data Quantity : 14  Accelerometer : 3  Gyroscope : 3  FSR : 5







-5080 -335 -1947 -937 155 3655 0 0 0 0 1 83 -94 552 
-5155 -598 -1984 -924 414 3883 0 0 0 0 1 87 -93 537 
-5284 -968 -2157 -858 395 4006 0 0 0 0 1 93 -89 536 
-5474 -1210 -2239 -683 130 4068 0 0 0 0 1 81 -91 541 
-5739 -1526 -2224 -525 -88 4020 0 0 0 0 1 84 -68 544 
-6289 -2027 -2387 -200 -326 3827 0 0 0 0 1 92 -73 544 
-6734 -2587 -2531 66 -81 3670 0 0 0 0 1 96 -58 540 
-7024 -2984 -2595 468 1084 3395 0 0 0 0 1 107 -62 529 
-7385 -3577 -2630 764 2608 3173 0 0 0 0 1 115 -56 547 
-7645 -4512 -2678 814 3171 3189 0 0 0 0 1 119 -45 534 
-7859 -5361 -2457 285 2611 3755 0 0 0 0 1 140 -42 538 
-8373 -6322 -2116 -580 2184 4509 0 0 0 0 1 156 -23 524 
-8871 -6826 -1920 -2719 3773 6023 0 0 0 0 1 162 -12 505 
-9880 -7626 -2367 -5577 6723 7827 0 0 0 0 1 185 -3 499 
-10280 -8252 -2387 -7684 7456 9106 0 0 0 0 1 201 6 476 
-10895 -8758 -2084 -10733 5125 11570 0 0 0 0 1 218 33 466 
-11571 -8742 -1279 -12426 3112 13835 0 0 0 0 1 206 45 450 
-13499 -8016 -1333 -13977 976 17186 0 0 0 0 1 188 88 451 
-15305 -7336 -1874 -14178 1119 18923 0 0 0 0 1 168 116 469 
-17078 -7416 -1839 -13690 2452 19022 0 0 0 0 1 148 134 486 
-16909 -7949 -2202 -11941 2204 18666 0 0 0 0 1 132 164 488 
-15926 -9189 -1566 -9201 1137 17596 0 0 0 0 1 92 166 519 
-15550 -9660 -1739 -6925 937 16420 0 0 0 0 1 49 164 526 
-13114 -11877 -1827 -3781 2709 14727 0 0 0 0 1 29 177 534 
-9280 -13065 592 -2750 4566 13708 0 0 0 0 1 15 168 543 
-6614 -12991 2980 -2739 4345 11833 0 0 0 0 1 -8 175 550 
-4004 -12327 4036 -2657 934 9270 0 0 0 0 1 -23 166 561 
-1348 -3862 2402 1179 -1217 -3995 0 0 0 0 1 -43 180 550 
-1420 -3144 2174 1030 -1166 -4297 0 0 0 0 1 -42 179 551 
-1508 -2700 2029 890 -1005 -4712 0 0 0 0 1 -42 183 544 
-1660 -1911 1740 849 -891 -4969 0 0 0 0 1 -25 169 542 
-1745 -1613 1691 832 -810 -5292 0 0 0 0 1 -25 183 537 
-1802 -1362 1625 1552 -718 -6579 0 0 0 0 1 73 161 519 
-3082 -80 593 1709 -951 -6728 0 0 0 0 1 87 159 528 
-3052 -46 280 1897 -1146 -6708 0 0 0 0 1 109 133 522 
-3107 -33 133 2216 -1157 -6597 0 0 0 0 1 113 120 519 
-3228 -1 -102 2442 -930 -6514 0 0 0 0 1 125 115 533 
-3293 -64 -251 2784 -353 -6392 0 0 0 0 1 140 116 515 
-3391 -108 -387 3083 273 -6376 0 0 0 0 1 140 101 504 
-3606 -104 -463 3232 506 -6451 0 0 0 0 1 152 96 513 
-3705 -106 -548 3385 442 -6654 0 0 0 0 1 160 83 491 
-3706 -118 -682 3449 47 -6849 0 0 0 0 1 173 60 490 
-3645 -129 -907 3473 -241 -6933 0 0 0 0 1 178 60 497 
-3661 -164 -1067 3543 -501 -6924 0 0 0 0 1 172 44 493 
-3583 -215 -1250 3615 -499 -6804 0 0 0 0 1 181 29 491 
-3706 -284 -1320 3734 -451 -6585 0 0 0 0 1 174 12 498 
-3845 -348 -1451 3806 -483 -6399 0 0 0 0 1 175 -1 487 
-4020 -401 -1519 3822 -460 -6331 0 0 0 0 1 184 0 495 
-4163 -404 -1560 3837 -311 -6312 0 0 0 0 1 173 -11 487 
-4289 -492 -1564 3843 -193 -6309 0 0 0 0 1 180 -38 490 
-4402 -545 -1526 3822 -175 -6299 0 0 0 0 1 174 -39 493 
-4373 -596 -1545 3770 -373 -6196 0 0 0 0 1 162 -44 493 
-4124 -665 -1599 3728 -542 -5976 0 0 0 0 1 156 -52 497 
-4107 -688 -1695 3764 -558 -5822 0 0 0 0 1 155 -53 507 
-4201 -715 -1796 3933 -401 -5671 0 0 0 0 1 145 -67 518 
-4423 -738 -1838 4159 -164 -5620 0 0 0 0 1 132 -53 516 
-4582 -785 -1710 4243 -87 -5607 0 0 0 0 1 132 -58 521 
-4794 -747 -1653 4192 -123 -5601 0 0 0 0 1 125 -66 512 
-4595 -772 -1454 4044 -90 -5507 0 0 0 0 1 121 -57 515 
-4564 -775 -1403 3740 86 -5268 0 0 0 0 1 112 -79 518 
-4288 -789 -1502 3546 387 -4929 0 0 0 0 1 119 -69 522 
-4285 -820 -1610 3532 619 -4745 0 0 0 0 1 123 -25 511 
-3715 -857 -662 2230 575 -2996 0 0 0 0 1 125 -41 512 
-3832 -754 -523 2001 -183 -2836 0 0 0 0 1 125 -31 514 
-3794 -698 -575 1692 -1190 -2533 0 0 0 0 1 121 -28 511 
-3773 -668 -678 1527 -1466 -2202 0 0 0 0 1 122 -41 507 
-3849 -575 -831 1516 -1168 -2007 0 0 0 0 1 120 -31 514 
-3805 -500 -861 1543 -151 -1690 0 0 0 0 1 125 -36 512 
-3751 -565 -687 1456 931 -1339 0 0 0 0 1 113 -31 519 
-3544 -556 -400 1288 1345 -1035 0 0 0 0 1 126 -20 506 
-3592 -446 -418 935 1115 -620 0 0 0 0 1 133 -28 504 
-3604 -358 -438 653 645 -383 0 0 0 0 1 139 -22 509 
-3521 -330 -409 200 46 -17 0 0 0 0 1 139 -19 500 
-3437 -317 -475 -205 -342 358 0 0 0 0 1 136 -19 505 
-3465 -256 -561 -448 -518 595 0 0 0 0 1 114 -35 520 
-3470 -237 -598 -791 -622 942 0 0 0 0 1 126 -23 511 
-3486 -214 -678 -999 -592 1155 0 0 0 0 1 128 -33 515 
-3529 -222 -746 -1269 -485 1414 0 0 0 0 1 129 -34 519 
-3557 -219 -768 -1511 -392 1599 0 0 0 0 1 126 -33 518 
-3689 -249 -788 -1719 -437 1734 0 0 0 0 1 116 -33 527 
-3705 -272 -796 -1840 -531 1827 0 0 0 0 1 112 -30 518 
-3731 -318 -808 -1980 -673 2013 0 0 0 0 1 103 -31 523 
-3755 -342 -867 -2051 -812 2234 0 0 0 0 1 108 -44 530 
-3836 -372 -975 -2067 -897 2375 0 0 0 0 1 110 -49 528 
-3933 -396 -1070 -2052 -1012 2542 0 0 0 0 1 94 -36 533 
-4029 -420 -1205 -2021 -1051 2662 0 0 0 0 1 83 -45 550 
-4119 -467 -1389 -1996 -1029 2729 0 0 0 0 1 90 -62 538 
-4220 -559 -1662 -1906 -884 2803 0 0 0 0 1 97 -52 543 
-4342 -625 -1863 -1739 -589 2806 0 0 0 0 1 93 -60 545 
-4590 -709 -2173 -1590 -404 2756 0 0 0 0 1 73 -53 549 
-4800 -816 -2405 -1313 -451 2633 0 0 0 0 1 86 -65 543 
-5163 -988 -2905 -957 -987 2510 0 0 0 0 1 77 -66 556 
-5786 -1410 -3344 -620 -1209 2417 0 0 0 0 1 76 -65 555 
-6329 -1824 -3694 -534 -890 2469 0 0 0 0 1 77 -61 556 
-17549 -9035 -5426 -12263 6254 16777 0 0 0 0 1 198 17 465 
-19706 -9265 -3881 -13368 6603 17352 0 0 0 0 1 204 30 438 
-20465 -8577 -3583 -13773 4661 17468 0 0 0 0 1 202 63 437 
-20598 -8377 -2958 -13543 1218 17544 0 0 0 0 1 191 98 435 
-20923 -7954 -2823 -12670 -326 16989 0 0 0 0 1 134 147 495 
-20092 -8867 -2982 -10148 -1701 15979 0 0 0 0 1 117 157 502 
-16906 -10657 -3331 -7833 -2165 15595 0 0 0 0 1 74 165 513 
-14636 -11920 -3647 -4300 -1002 14904 0 0 0 0 1 50 175 531 
-9553 -13356 -1007 -2370 755 13373 0 0 0 0 1 24 177 534 
-7445 -13404 399 -1870 628 11678 0 0 0 0 1 -4 206 537 
-5624 -13287 936 -1516 7 8530 0 0 0 0 1 -25 181 547 
-3793 -12678 823 -1315 -24 6325 0 0 0 0 1 -35 186 549 
-2577 -11925 659 -973 249 3434 0 0 0 0 1 -61 169 563 
-1738 -11137 531 -542 402 1507 0 0 0 0 1 -56 159 556 
-919 -9957 540 -250 530 664 0 0 0 0 1 -55 165 557 
-654 -9132 821 45 839 -353 0 0 0 0 1 -62 165 562 
-680 -7881 1308 132 526 -1415 0 0 0 0 1 -64 165 557 
-881 -6617 1784 77 169 -2183 0 0 0 0 1 -56 166 561 
-944 -5902 1976 -74 -303 -3280 0 0 0 0 1 -40 166 558 
-1060 -4975 2006 -144 -584 -3940 0 0 0 0 1 -35 176 563 
-1189 -4407 1936 -134 -766 -4863 0 0 0 0 1 -16 164 554 
-1577 -3376 1615 88 -672 -5742 0 0 0 0 1 -15 168 555 
-1739 -2952 1397 363 -605 -6251 0 0 0 0 1 -16 169 558 
-1974 -2524 1230 905 -533 -6919 0 0 0 0 1 -3 163 555 
-2230 -1961 1203 1287 -489 -7254 0 0 0 0 1 15 158 552 
-2310 -1729 1265 1862 -466 -7493 0 0 0 0 1 41 150 548 
-2397 -1491 1219 2417 -478 -7467 0 0 0 0 1 48 158 543 
-2779 -1249 1065 2775 -467 -7455 0 0 0 0 1 41 143 545 
-3156 -1076 838 3318 -465 -7564 0 0 0 0 1 79 150 543 
-3757 -874 431 3707 -423 -7749 0 0 0 0 1 75 154 530 
-4293 -669 63 4275 -281 -8131 0 0 0 0 1 95 138 529 
-4455 -603 -224 4791 -218 -8436 0 0 0 0 1 107 136 518 
-4591 -502 -475 5040 -192 -8544 0 0 0 0 1 132 127 507 
-4584 -495 -632 5277 -324 -8438 0 0 0 0 1 145 131 497 
-4214 -717 -1042 5459 -759 -7931 0 0 0 0 1 152 121 492 
-4119 -756 -1202 5556 -915 -7519 0 0 0 0 1 167 107 484 
-4108 -896 -1304 5563 -911 -6978 0 0 0 0 1 175 104 478 
-4333 -1103 -1356 5432 -967 -6761 0 0 0 0 1 182 77 476 
-4576 -1230 -1402 5089 -1238 -6724 0 0 0 0 1 184 73 470 
-4921 -1294 -1742 4748 -1339 -6984 0 0 0 0 1 192 45 469 
-4971 -1268 -1866 4633 -1145 -7235 0 0 0 0 1 174 41 486 
-5026 -1197 -2130 4661 -607 -7590 0 0 0 0 1 189 38 473 
-4828 -1239 -2172 4766 -383 -7713 0 0 0 0 1 188 17 488 
-4656 -1332 -2093 4920 -684 -7643 0 0 0 0 1 187 13 485 
-4498 -1489 -1995 4962 -1253 -7416 0 0 0 0 1 186 0 486 
-4637 -1682 -1959 4911 -1959 -6920 0 0 0 0 1 181 -9 486 
-4913 -1706 -2033 4784 -1778 -6476 0 0 0 0 1 176 -36 491 
-5237 -1707 -2077 4723 -1149 -6260 0 0 0 0 1 160 -29 505 
-5699 -1648 -2186 4750 -87 -6161 0 0 0 0 1 153 -29 500 
-5858 -1567 -2214 4822 276 -6218 0 0 0 0 1 146 -31 500 
-5751 -1479 -2048 4793 26 -6214 0 0 0 0 1 156 -28 490 
-5460 -1402 -2067 4653 -766 -5928 0 0 0 0 1 148 -36 500 
-5339 -1336 -2099 4517 -1208 -5360 0 0 0 0 1 143 -29 507 
-4588 -456 -1388 1678 -1798 -2487 0 0 0 0 1 108 -4 516 
-4291 -419 -1345 1375 -1288 -1867 0 0 0 0 1 109 -8 520 
-4125 -337 -1425 1273 -585 -1527 0 0 0 0 1 122 -12 523 
-4190 -305 -1501 1281 426 -1327 0 0 0 0 1 112 -15 520 
-4300 -219 -1432 1234 663 -1369 0 0 0 0 1 114 -11 527 
-4256 -94 -1332 1064 329 -1401 0 0 0 0 1 121 -8 520 
-4217 -111 -1237 605 -485 -1348 0 0 0 0 1 114 -18 513 
-3997 -29 -1249 221 -935 -1193 0 0 0 0 1 117 -19 516 
-3815 -71 -1418 -296 -1117 -787 0 0 0 0 1 121 -15 520 
-3762 -107 -1485 -667 -688 -334 0 0 0 0 1 119 -25 520 
-3795 -171 -1525 -984 -319 55 0 0 0 0 1 123 -28 524 
-3815 -53 -1503 -1222 -330 276 0 0 0 0 1 108 -17 533 
-3878 -201 -1405 -1677 -661 612 0 0 0 0 1 108 -26 521 
-3851 -98 -1240 -2035 -880 855 0 0 0 0 1 103 -41 523 
-3808 -166 -1262 -2498 -1111 1286 0 0 0 0 1 93 -33 534 
-3795 -250 -1339 -2836 -1125 1715 0 0 0 0 1 84 -49 530 
-3826 -337 -1413 -3014 -1126 1972 0 0 0 0 1 86 -47 534 
-3868 -338 -1501 -3227 -1230 2277 0 0 0 0 1 81 -52 536 
-3928 -332 -1584 -3351 -1328 2411 0 0 0 0 1 68 -71 542 
-3986 -337 -1649 -3488 -1380 2547 0 0 0 0 1 81 -62 536 
-4069 -362 -1839 -3535 -1274 2642 0 0 0 0 1 75 -90 542 
-4201 -407 -1950 -3555 -1225 2712 0 0 0 0 1 67 -89 545 
-4321 -401 -2020 -3614 -1326 2826 0 0 0 0 1 73 -100 549 
-4644 -390 -2112 -3727 -1467 2922 0 0 0 0 1 71 -109 536 
-5119 -346 -2192 -3788 -1471 2990 0 0 0 0 1 66 -117 540 
-5626 -371 -2285 -3773 -1229 3173 0 0 0 0 1 70 -134 523 
-6262 -659 -2495 -3571 -1066 3525 0 0 0 0 1 67 -138 527 
-6765 -945 -2738 -3179 -1493 4082 0 0 0 0 1 74 -148 529 
-7745 -1512 -3002 -2899 -1953 4571 0 0 0 0 1 81 -155 534 
-8673 -2271 -3173 -2535 -2111 5707 0 0 0 0 1 79 -143 534 
-9514 -2815 -3494 -2208 -989 7220 0 0 0 0 1 83 -148 524 
-11439 -3938 -4488 -1984 479 8188 0 0 0 0 1 80 -142 540 
-12493 -4922 -5120 -2009 3231 9906 0 0 0 0 1 120 -125 507 
-14005 -6915 -5236 -3183 5301 12601 0 0 0 0 1 155 -100 493 
-15090 -7869 -4810 -4888 5886 14464 0 0 0 0 1 176 -76 477 
-17080 -8928 -4685 -7950 5871 16067 0 0 0 0 1 193 -39 449 
-17932 -9621 -4883 -10298 5665 16535 0 0 0 0 1 209 2 433 
-18783 -10696 -5294 -11314 5884 16453 0 0 0 0 1 205 71 398 
-18409 -11143 -5609 -12400 5717 15871 0 0 0 0 1 204 114 392 
-17668 -11430 -5308 -13477 4158 15553 0 0 0 0 1 191 147 395 
-15748 -11949 -4625 -13642 1675 15726 0 0 0 0 1 161 155 417 
-15104 -12231 -4800 -12476 320 15830 0 0 0 0 1 141 191 444 
-12468 -13339 -5528 -9370 730 14919 0 0 0 0 1 106 188 463 
-9275 -14267 -3197 -6704 2020 12138 0 0 0 0 1 53 197 497 
-5999 -13829 -562 -5237 1446 9890 0 0 0 0 1 31 195 506 
-3954 -13939 234 -3057 515 7122 0 0 0 0 1 30 193 521 
-2085 -3069 2551 1745 -1905 -5183 0 0 0 0 1 38 204 518 
-2372 -2538 2367 1837 -1910 -5759 0 0 0 0 1 46 197 520 
-2848 -1757 1887 1931 -1920 -6407 0 0 0 0 1 60 177 524 
-2997 -1489 1643 1975 -1887 -6822 0 0 0 0 1 71 185 511 
-3135 -1300 1310 2038 -1833 -7379 0 0 0 0 1 80 193 514 
-3397 -1078 895 2109 -1806 -7670 0 0 0 0 1 93 182 504 
-3433 -974 602 2333 -1976 -7789 0 0 0 0 1 106 154 519 
-3333 -965 192 2654 -2189 -7545 0 0 0 0 1 127 144 512 
-3530 -892 -99 2888 -2207 -7343 0 0 0 0 1 134 127 505 
-3958 -816 -327 3232 -2139 -7162 0 0 0 0 1 134 122 500 
-4192 -762 -483 3529 -1644 -7215 0 0 0 0 1 136 127 507 
-4541 -740 -698 3712 -1046 -7383 0 0 0 0 1 152 114 504 
-4558 -719 -801 3950 -232 -7715 0 0 0 0 1 156 87 492 
-4604 -627 -969 4046 -430 -7965 0 0 0 0 1 169 90 488 
-4415 -673 -1017 3993 -1127 -7946 0 0 0 0 1 175 65 487 
-4239 -819 -1144 3836 -2233 -7612 0 0 0 0 1 173 50 494 
-4341 -945 -1685 3835 -2454 -7164 0 0 0 0 1 165 34 502 
-4575 -958 -1944 3990 -1959 -6923 0 0 0 0 1 175 28 497 
-4836 -952 -2088 4354 -657 -6702 0 0 0 0 1 167 19 505 
-4913 -899 -2064 4600 196 -6603 0 0 0 0 1 180 11 501 
-5006 -934 -1989 4865 697 -6589 0 0 0 0 1 171 1 497 
-5014 -870 -1899 4934 553 -6674 0 0 0 0 1 166 -13 492 
-4862 -920 -1846 4896 62 -6765 0 0 0 0 1 166 -15 508 
-4673 -980 -1901 4800 -635 -6659 0 0 0 0 1 162 -36 500 
-4500 -1085 -1973 4743 -1037 -6501 0 0 0 0 1 166 -35 511 
-4868 -1117 -2120 4714 -1134 -6399 0 0 0 0 1 153 -46 505 
-5189 -1035 -2243 4710 -365 -6266 0 0 0 0 1 158 -29 516 
-5177 -1126 -2202 4732 418 -6077 0 0 0 0 1 141 -46 519 
-5226 -1116 -2026 4736 1097 -5774 0 0 0 0 1 143 -58 500 
-5088 -1060 -1959 4623 535 -5488 0 0 0 0 1 146 -36 514 
-4927 -1024 -1818 4424 -225 -5342 0 0 0 0 1 139 -51 512 
-4899 -976 -1829 4023 -1103 -5213 0 0 0 0 1 142 -62 508 
-4959 -758 -2150 3751 -1084 -5068 0 0 0 0 1 140 -42 518 
-4711 -473 -2361 3618 -486 -4888 0 0 0 0 1 119 -52 527 
-4657 -515 -2337 3419 663 -4488 0 0 0 0 1 129 -36 523 
-4472 -457 -2044 3099 908 -4015 0 0 0 0 1 128 -47 520 
-4256 -441 -1735 2747 270 -3705 0 0 0 0 1 129 -36 505 
-4193 -391 -1554 2006 -1128 -3348 0 0 0 0 1 122 -41 519 
-4155 -338 -1662 1233 -2105 -3074 0 0 0 0 1 121 -45 520 
-4388 -185 -1846 839 -2027 -2962 0 0 0 0 1 116 -45 534 
-4402 -131 -1970 493 -978 -2791 0 0 0 0 1 116 -38 531 
-4363 -68 -1817 317 229 -2568 0 0 0 0 1 102 -45 527 
-4244 8 -1583 222 653 -2355 0 0 0 0 1 113 -56 528 
-4013 60 -1347 36 340 -1835 0 0 0 0 1 102 -60 527 
-3665 73 -1057 -132 -362 -1386 0 0 0 0 1 109 -65 520 
-3683 135 -1019 -378 -1380 -816 0 0 0 0 1 103 -51 521 
-3958 257 -1284 -469 -1642 -559 0 0 0 0 1 106 -61 530 
-4129 248 -1561 -444 -1082 -336 0 0 0 0 1 113 -68 533 
-4242 257 -1599 -358 196 -265 0 0 0 0 1 95 -62 531 
-4177 202 -1472 -314 898 -209 0 0 0 0 1 101 -73 526 
-4125 209 -1286 -398 1056 -29 0 0 0 0 1 94 -73 523 
-4019 215 -875 -709 215 303 0 0 0 0 1 114 -74 524 
-3962 170 -766 -987 -546 618 0 0 0 0 1 101 -78 540 
-3953 107 -735 -1375 -1444 1169 0 0 0 0 1 100 -77 522 
-4062 20 -884 -1537 -1705 1528 0 0 0 0 1 97 -91 527 
-4170 -41 -1040 -1602 -1532 1947 0 0 0 0 1 92 -73 547 
-4339 -132 -1256 -1524 -1038 2170 0 0 0 0 1 94 -93 537 
-4471 -207 -1431 -1460 -741 2239 0 0 0 0 1 88 -89 536 
-4586 -282 -1465 -1432 -490 2283 0 0 0 0 1 89 -93 549 
-4596 -328 -1406 -1539 -386 2352 0 0 0 0 1 87 -105 535 
-4535 -418 -1363 -1665 -419 2450 0 0 0 0 1 84 -98 535 
-4499 -489 -1471 -1814 -726 2672 0 0 0 0 1 83 -89 534 
-4449 -614 -1733 -1860 -998 2849 0 0 0 0 1 82 -105 544 
-4524 -726 -1961 -1892 -1324 3082 0 0 0 0 1 76 -96 534 
-4766 -772 -2190 -1920 -1507 3158 0 0 0 0 1 79 -104 550 
-5080 -971 -2428 -1996 -1364 3161 0 0 0 0 1 77 -100 549 
-5120 -1071 -2547 -2227 -824 3263 0 0 0 0 1 76 -121 545 
-5116 -1446 -2825 -2469 -252 3602 0 0 0 0 1 80 -110 535 
-5181 -2001 -2814 -2651 44 3929 0 0 0 0 1 89 -120 537 
-5472 -2341 -2797 -2933 -451 4449 0 0 0 0 1 107 -118 529 
-6514 -3003 -2736 -3140 -1234 4730 0 0 0 0 1 94 -115 530 
-7352 -3386 -2651 -3434 -1822 5154 0 0 0 0 1 102 -114 536 
-8490 -3903 -2826 -3415 -836 5902 0 0 0 0 1 99 -115 533 
-9265 -4782 -3092 -3178 515 6693 0 0 0 0 1 115 -120 533 
-9667 -5604 -3143 -2764 2350 8356 0 0 0 0 1 132 -105 514 
-10439 -6643 -3118 -3103 3258 10562 0 0 0 0 1 161 -91 515 
-12000 -7321 -1876 -4965 4113 12757 0 0 0 0 1 188 -71 491 
-12627 -7773 -1585 -6519 4771 14208 0 0 0 0 1 195 -44 477 
-13447 -8166 -1627 -8281 5015 16095 0 0 0 0 1 209 -9 449 
-15014 -8334 -2142 -9187 4630 17287 0 0 0 0 1 211 72 427 
-15643 -8146 -1916 -9799 4872 17670 0 0 0 0 1 204 104 434 
-15984 -7530 -1492 -10874 4517 17492 0 0 0 0 1 191 132 423 
-15662 -7461 -873 -11341 2309 16888 0 0 0 0 1 160 164 444 
-14646 -8251 -941 -10658 243 16276 0 0 0 0 1 135 182 473 
-13637 -9186 -1825 -7896 -1068 14978 0 0 0 0 1 86 197 485 
-10629 -11544 -2494 -5598 96 13991 0 0 0 0 1 -17 202 531 
-1328 -5609 2348 813 -1110 -4161 0 0 0 0 1 -12 202 527 
-1878 -4371 1894 1027 -1241 -4685 0 0 0 0 1 -9 201 530 
-2368 -3374 1502 1171 -1055 -4998 0 0 0 0 1 -3 207 527 
-2654 -2595 1252 1317 -394 -5474 0 0 0 0 1 12 212 520 
-2788 -2016 1227 1289 172 -5954 0 0 0 0 1 23 196 521 
-2812 -1859 1232 1167 242 -6253 0 0 0 0 1 40 193 521 
-2794 -1532 1287 839 24 -6638 0 0 0 0 1 64 192 513 
-2693 -1336 1278 599 -354 -6809 0 0 0 0 1 77 179 500 
-2711 -1147 983 362 -1284 -6938 0 0 0 0 1 93 172 524 
-2822 -1055 758 329 -2104 -6965 0 0 0 0 1 101 164 523 
-2915 -948 316 585 -2610 -6831 0 0 0 0 1 108 142 514 
-3203 -873 -189 879 -2571 -6745 0 0 0 0 1 123 123 520 
-3439 -803 -474 1479 -1727 -6782 0 0 0 0 1 128 116 522 
-3845 -660 -852 2248 -289 -7052 0 0 0 0 1 135 101 524 
-3928 -583 -1020 2792 718 -7273 0 0 0 0 1 147 94 511 
-3931 -548 -1075 3567 1833 -7615 0 0 0 0 1 159 84 513 
-3783 -486 -1124 4178 2017 -7946 0 0 0 0 1 181 66 505 
-3558 -400 -1309 4445 1454 -8141 0 0 0 0 1 166 60 504 
-3246 -512 -1438 4536 -119 -8260 0 0 0 0 1 188 34 484 
-3052 -873 -1646 4390 -1218 -8268 0 0 0 0 1 182 11 480 
-3024 -1157 -1744 3973 -2165 -8203 0 0 0 0 1 187 1 492 
-3155 -1650 -1950 3658 -2127 -8135 0 0 0 0 1 179 -22 491 
-3957 -1789 -2370 3324 -1226 -8256 0 0 0 0 1 173 -33 499 
-4619 -1796 -2597 3250 218 -8669 0 0 0 0 1 176 -36 507 
-4802 -1903 -2661 3369 1138 -8958 0 0 0 0 1 165 -61 514 
-5351 -1968 -2700 3776 1920 -9450 0 0 0 0 1 161 -84 513 
-5662 -1953 -2651 4127 1900 -9580 0 0 0 0 1 152 -109 506 
-5657 -2124 -2428 4623 1392 -9190 0 0 0 0 1 136 -115 500 
-5697 -2330 -2252 4952 1132 -8642 0 0 0 0 1 129 -120 495 
-6056 -2452 -2245 5517 1540 -7850 0 0 0 0 1 120 -127 509 
-6409 -2512 -2183 5924 2443 -7437 0 0 0 0 1 109 -131 508 
-6951 -2579 -2213 6582 3875 -7162 0 0 0 0 1 112 -121 515 
-7232 -2388 -2020 6960 4274 -7196 0 0 0 0 1 116 -116 524 
-6907 -2227 -1823 7188 3880 -7195 0 0 0 0 1 115 -112 502 
-6542 -2114 -1646 6916 2606 -6888 0 0 0 0 1 116 -91 511 
-5846 -1886 -1598 6513 1604 -6461 0 0 0 0 1 108 -95 514 
-5371 -1818 -1611 5766 777 -5513 0 0 0 0 1 103 -88 521 
-4959 -1752 -1667 5077 857 -4490 0 0 0 0 1 99 -85 514 
-5066 -1729 -1697 4664 1111 -3956 0 0 0 0 1 107 -74 515 
-5167 -1585 -1703 4060 1375 -3469 0 0 0 0 1 115 -76 530 
-5208 -1415 -1538 3652 1237 -3283 0 0 0 0 1 109 -62 513 
-5028 -1252 -1450 3007 470 -2957 0 0 0 0 1 112 -77 527 
-4668 -1009 -1369 2554 -55 -2648 0 0 0 0 1 114 -60 518 
-4410 -879 -1424 1922 -572 -2022 0 0 0 0 1 114 -60 515 
-4151 -687 -1499 1395 -688 -1315 0 0 0 0 1 110 -61 514 
-4120 -551 -1475 1106 -600 -902 0 0 0 0 1 115 -63 523 
-4124 -441 -1418 738 -431 -422 0 0 0 0 1 104 -52 524 
-4032 -239 -1228 407 -447 -89 0 0 0 0 1 110 -56 514 
-3972 -119 -1209 232 -588 79 0 0 0 0 1 102 -57 518 
-3892 -63 -1212 65 -801 306 0 0 0 0 1 106 -49 523 
-3819 -37 -1243 -27 -818 538 0 0 0 0 1 108 -51 530 
-3787 14 -1242 -75 -725 715 0 0 0 0 1 103 -44 521 
-3803 -11 -1214 -158 -582 1003 0 0 0 0 1 108 -58 530 
-3885 -102 -1207 -226 -508 1199 0 0 0 0 1 100 -50 522 
-3927 -163 -1218 -354 -356 1497 0 0 0 0 1 104 -50 529 
-3985 -286 -1282 -453 -229 1712 0 0 0 0 1 96 -44 535 
-4056 -462 -1364 -618 -76 2021 0 0 0 0 1 102 -42 536 
-4115 -567 -1440 -786 -80 2264 0 0 0 0 1 94 -41 526 
-4191 -749 -1505 -895 -136 2384 0 0 0 0 1 94 -39 537 
-4194 -885 -1525 -1100 -191 2551 0 0 0 0 1 97 -33 527 
-4209 -1050 -1583 -1332 -179 2699 0 0 0 0 1 97 -35 538 
-4202 -1172 -1581 -1505 -119 2799 0 0 0 0 1 99 -36 547 
-4213 -1221 -1568 -1792 -14 2935 0 0 0 0 1 88 -42 543 
-4254 -1260 -1551 -1984 39 3010 0 0 0 0 1 92 -39 547 
-4250 -1263 -1532 -2267 154 3103 0 0 0 0 1 96 -46 551 
-4175 -1179 -1394 -2533 380 3162 0 0 0 0 1 92 -46 540 
-4129 -1170 -1368 -2691 546 3191 0 0 0 0 1 101 -46 556 
-4012 -1083 -1288 -2865 738 3210 0 0 0 0 1 101 -53 535 
-3747 -1005 -1273 -2929 803 3237 0 0 0 0 1 97 -55 536 
-3535 -976 -1366 -2886 673 3304 0 0 0 0 1 110 -61 537 
-7603 -4163 -3688 -3947 -240 5512 0 0 0 0 1 138 -72 536 
-8119 -4681 -3616 -5395 783 9137 0 0 0 0 1 143 -63 528 
-9564 -4918 -3360 -6648 1615 11585 0 0 0 0 1 161 -52 518 
-11108 -5259 -3293 -8602 2367 14112 0 0 0 0 1 169 -36 502 
-12706 -5811 -3475 -10134 2736 15324 0 0 0 0 1 173 -15 499 
-13969 -6126 -3640 -10962 3391 15759 0 0 0 0 1 179 2 484 
-14407 -6439 -3565 -11219 3711 15882 0 0 0 0 1 191 22 477 
-14426 -6481 -2731 -11474 3465 15748 0 0 0 0 1 181 61 470 
-13830 -6678 -2000 -11356 1884 15563 0 0 0 0 1 169 93 467 
-13195 -6881 -1304 -10519 -1036 15046 0 0 0 0 1 154 111 497 
-11647 -7730 -1355 -8460 -3011 14216 0 0 0 0 1 126 128 511 
-8943 -9312 -2172 -5343 -2563 13230 0 0 0 0 1 95 128 529 
-6034 -10628 -1605 -3425 -720 12266 0 0 0 0 1 47 142 544 
-4145 -10833 178 -1503 1668 9919 0 0 0 0 1 25 159 549 
-3082 -10653 1072 -377 1509 6805 0 0 0 0 1 22 165 543 
-1749 -10222 2027 29 970 4752 0 0 0 0 1 28 171 542 
-1203 -9982 2519 183 517 2170 0 0 0 0 1 15 170 543 
-992 -9548 2775 174 183 850 0 0 0 0 1 20 175 541 
-819 -8438 2454 399 -600 -502 0 0 0 0 1 18 169 535 
-708 -7192 1897 934 -946 -1271 0 0 0 0 1 11 179 544 
-836 -6002 1581 1568 -677 -1790 0 0 0 0 1 12 185 543 
-1172 -5060 1634 1895 -423 -2125 0 0 0 0 1 16 176 542 
-1360 -4590 1905 2093 -106 -2654 0 0 0 0 1 22 175 534 
-1439 -3972 2313 2022 -49 -3010 0 0 0 0 1 30 181 535 
-1441 -3566 2488 1683 -177 -3549 0 0 0 0 1 38 182 536 
-1354 -2804 2465 1233 -446 -4065 0 0 0 0 1 55 180 513 
-1313 -2538 2314 952 -650 -4383 0 0 0 0 1 57 180 522 
-1403 -2235 2108 631 -1108 -4853 0 0 0 0 1 63 181 530 
-1472 -1864 1762 511 -1459 -5094 0 0 0 0 1 75 176 521 
-1575 -1669 1477 458 -1788 -5336 0 0 0 0 1 69 170 527 
-1819 -1562 1180 560 -1733 -5561 0 0 0 0 1 80 161 535 
-1911 -1522 1075 713 -1500 -5760 0 0 0 0 1 92 147 526 
-2241 -1442 759 1052 -868 -6193 0 0 0 0 1 95 145 527 
-2521 -1343 425 1358 -268 -6546 0 0 0 0 1 119 121 536 
-2683 -1247 148 1870 688 -7090 0 0 0 0 1 120 117 516 
-2764 -1196 33 2198 1191 -7434 0 0 0 0 1 138 99 513 
-2980 -1127 -17 2570 1521 -7959 0 0 0 0 1 154 82 513 
-3035 -1170 -148 2825 1188 -8353 0 0 0 0 1 165 76 507 
-3191 -1195 -296 2956 733 -8504 0 0 0 0 1 178 74 506 
-3380 -1327 -694 3079 218 -8531 0 0 0 0 1 186 36 493 
-3399 -1380 -810 3303 -310 -8309 0 0 0 0 1 178 23 492 
-3744 -1527 -1259 3476 -333 -8084 0 0 0 0 1 186 2 491 
-3874 -1582 -1334 3749 84 -7780 0 0 0 0 1 189 -13 501 
-4322 -1802 -1527 3978 681 -7601 0 0 0 0 1 175 -35 490 
-4585 -1848 -1648 4117 984 -7623 0 0 0 0 1 179 -53 486 
-4683 -1861 -1716 4282 1171 -7770 0 0 0 0 1 181 -63 486 
-4838 -1900 -1809 4352 1137 -7884 0 0 0 0 1 181 -71 498 
-4997 -1931 -1842 4437 883 -7935 0 0 0 0 1 159 -69 492 
-5004 -1963 -1795 4457 387 -7634 0 0 0 0 1 158 -90 486 
-5011 -2092 -1571 4411 -134 -7272 0 0 0 0 1 160 -103 502 
-5192 -2102 -1650 4358 -674 -6691 0 0 0 0 1 123 -116 511 
-5270 -2292 -1688 4443 -263 -6166 0 0 0 0 1 123 -116 522 
-5493 -2304 -1931 4665 183 -5962 0 0 0 0 1 123 -114 513 
-5974 -2227 -2246 5163 809 -6016 0 0 0 0 1 108 -115 516 
-6044 -2067 -2318 5645 1265 -6249 0 0 0 0 1 106 -105 519 
-5894 -1791 -2418 5879 1324 -6362 0 0 0 0 1 95 -94 529 
-5758 -1594 -2357 5939 1140 -6361 0 0 0 0 1 103 -95 537 
-5589 -1377 -2093 5739 922 -6199 0 0 0 0 1 88 -82 524 
-5311 -1210 -1880 5129 469 -5638 0 0 0 0 1 80 -80 537 
-5085 -1092 -1672 4196 157 -4772 0 0 0 0 1 80 -71 537 
-4129 -247 -1085 264 581 -1384 0 0 0 0 1 75 -76 551 
-4040 -229 -967 317 424 -771 0 0 0 0 1 49 -73 551 
-4059 -261 -772 214 -137 -285 0 0 0 0 1 70 -61 549 
-4032 -237 -645 65 -474 -42 0 0 0 0 1 63 -63 549 
-4086 -225 -651 -192 -689 180 0 0 0 0 1 60 -72 559 
-4174 -209 -739 -343 -560 261 0 0 0 0 1 63 -66 551 
-4271 -243 -897 -515 -139 349 0 0 0 0 1 62 -65 545 
-4333 -253 -1029 -606 270 454 0 0 0 0 1 60 -77 555 
-4310 -214 -1041 -690 526 573 0 0 0 0 1 62 -67 550 
-4265 -196 -967 -911 718 856 0 0 0 0 1 69 -79 548 
-4195 -173 -724 -1282 441 1258 0 0 0 0 1 66 -78 556 
-4176 -158 -554 -1588 6 1585 0 0 0 0 1 49 -88 554 
-4148 -98 -484 -2051 -701 2130 0 0 0 0 1 60 -84 548 
-4187 32 -605 -2394 -1173 2653 0 0 0 0 1 55 -101 543 
-4385 90 -943 -2492 -1258 2927 0 0 0 0 1 62 -99 555 
-4602 74 -1216 -2426 -900 3152 0 0 0 0 1 70 -100 549 
-4969 -39 -1354 -2317 -376 3170 0 0 0 0 1 55 -118 534 
-5184 -53 -1261 -2195 -97 3190 0 0 0 0 1 55 -106 548 
-5469 -135 -1378 -2120 -1046 3414 0 0 0 0 1 57 -109 550 
-6082 -148 -2026 -1945 -1953 3756 0 0 0 0 1 62 -126 543 
-6309 -203 -2454 -1689 -1828 4018 0 0 0 0 1 54 -132 542 
-6774 -498 -3025 -1120 -670 4389 0 0 0 0 1 55 -118 538 
-7196 -900 -3168 -537 575 4725 0 0 0 0 1 79 -121 543 
-7852 -1636 -3548 -176 662 5043 0 0 0 0 1 81 -121 548 
-8712 -2143 -3845 304 186 5656 0 0 0 0 1 87 -98 554 
-9754 -4078 -4530 639 1104 6819 0 0 0 0 1 96 -95 558 
-10581 -5270 -4435 480 2845 7901 0 0 0 0 1 104 -79 545 
-11469 -6453 -4217 -843 6241 9617 0 0 0 0 1 116 -72 536 
-12600 -8222 -3677 -2538 7374 10563 0 0 0 0 1 174 -26 507 
-13523 -9136 -3287 -5871 6957 11504 0 0 0 0 1 187 -13 480 
-14191 -10160 -2785 -8283 6705 12175 0 0 0 0 1 197 18 469 
-14777 -10727 -3220 -11238 6728 13520 0 0 0 0 1 214 31 442 
-16278 -11506 -3144 -13091 5982 15033 0 0 0 0 1 218 72 427 
-16889 -11401 -3316 -13743 5157 15927 0 0 0 0 1 199 82 420 
-17131 -10961 -2826 -14274 4781 16834 0 0 0 0 1 199 116 424 
-16001 -10991 -2654 -14029 3555 17407 0 0 0 0 1 156 165 450 
-14775 -11289 -3288 -12845 2147 17636 0 0 0 0 1 132 186 465 
-13788 -11695 -3692 -9917 2364 16424 0 0 0 0 1 92 188 479 
-11279 -12446 -2425 -7908 3078 14411 0 0 0 0 1 71 199 499 
-9410 -12592 -1041 -5211 2760 10474 0 0 0 0 1 44 193 519 
-5735 -12789 1117 -3816 2354 8287 0 0 0 0 1 23 196 523 
-3655 -12682 2340 -2459 1826 6095 0 0 0 0 1 22 197 522 
-2081 -11859 3517 -1940 1265 4893 0 0 0 0 1 9 191 542 
-1673 -10623 3603 -1341 275 2944 0 0 0 0 1 0 186 544 
-1503 -9610 3395 -711 -163 1038 0 0 0 0 1 -3 192 531 
-1338 -8143 3012 -279 -162 24 0 0 0 0 1 -1 180 538 
-1443 -1633 1625 2311 395 -7639 0 0 0 0 1 145 99 504 
-3286 -943 178 2412 56 -7879 0 0 0 0 1 154 91 515 
-3399 -902 -22 2546 -365 -8156 0 0 0 0 1 162 66 509 
-3582 -990 -497 2664 -419 -8268 0 0 0 0 1 180 47 513 
-3674 -987 -599 2904 -15 -8388 0 0 0 0 1 185 18 506 
-3742 -1024 -872 3236 740 -8341 0 0 0 0 1 174 -2 502 
-3779 -1152 -1007 3512 1224 -8214 0 0 0 0 1 185 -8 501 
-3872 -1179 -1086 3926 1540 -7965 0 0 0 0 1 180 -33 494 
-3938 -1212 -1186 4256 1202 -7706 0 0 0 0 1 188 -41 488 
-4085 -1342 -1317 4385 763 -7573 0 0 0 0 1 181 -58 493 
-4297 -1388 -1427 4454 301 -7527 0 0 0 0 1 165 -58 491 
-4588 -1437 -1739 4498 393 -7587 0 0 0 0 1 176 -76 493 
-4626 -1493 -1877 4643 1111 -7709 0 0 0 0 1 159 -101 483 
-4757 -1527 -2001 4900 1670 -7790 0 0 0 0 1 159 -106 497 
-4641 -1464 -2187 5114 1578 -7737 0 0 0 0 1 141 -120 500 
-4514 -1367 -2425 5445 994 -7403 0 0 0 0 1 145 -114 504 
-4376 -1361 -2679 5740 896 -6805 0 0 0 0 1 129 -127 507 
-4395 -1481 -2698 5896 1307 -6350 0 0 0 0 1 125 -110 507 
-4558 -1496 -2724 6095 2387 -5780 0 0 0 0 1 120 -105 519 
-4565 -1560 -2375 6110 3278 -5354 0 0 0 0 1 103 -110 512 
-4459 -1704 -1679 5897 2969 -5143 0 0 0 0 1 112 -101 524 
-4429 -1690 -1298 5217 905 -4984 0 0 0 0 1 115 -105 516 
-4361 -1748 -1169 4233 -1262 -4938 0 0 0 0 1 109 -96 513 
-4337 -1733 -1272 3580 -1796 -4912 0 0 0 0 1 101 -98 528 
-4416 -1662 -1560 2925 -1031 -4821 0 0 0 0 1 89 -93 533 
-4284 -1575 -1778 2731 872 -4578 0 0 0 0 1 79 -87 531 
-4085 -1188 -651 1705 491 -1564 0 0 0 0 1 88 -60 538 
-4038 -1117 -542 1282 -931 -1220 0 0 0 0 1 101 -58 526 
-4032 -992 -700 978 -1298 -937 0 0 0 0 1 89 -61 535 
-4069 -895 -832 603 -867 -475 0 0 0 0 1 86 -65 543 
-4117 -940 -941 339 3 -43 0 0 0 0 1 80 -56 549 
-4154 -873 -1086 211 273 193 0 0 0 0 1 76 -62 541 
-4129 -835 -1138 22 17 520 0 0 0 0 1 84 -61 549 
-4020 -807 -1152 -222 -631 892 0 0 0 0 1 74 -50 534 
-4029 -693 -1189 -445 -1025 1161 0 0 0 0 1 74 -57 545 
-4224 -645 -1276 -797 -1232 1520 0 0 0 0 1 58 -49 544 
-4345 -757 -1556 -943 -847 1838 0 0 0 0 1 66 -61 547 
-4588 -796 -2125 -868 -316 1976 0 0 0 0 1 69 -50 564 
-4804 -797 -2478 -630 401 2086 0 0 0 0 1 64 -45 543 
-4864 -679 -2511 -550 506 2254 0 0 0 0 1 63 -53 556 
-4795 -514 -2308 -715 328 2474 0 0 0 0 1 57 -50 548 
-4848 -524 -2073 -1282 -26 2915 0 0 0 0 1 77 -51 554 
-5275 -842 -1793 -2059 -237 3364 0 0 0 0 1 68 -46 549 
-5576 -1091 -1825 -2544 -191 3618 0 0 0 0 1 70 -71 561 
-5946 -1364 -2062 -2999 -150 3872 0 0 0 0 1 63 -63 556 
-6313 -1587 -2394 -3126 -230 4026 0 0 0 0 1 74 -65 555 
-6515 -1657 -2537 -3160 -433 4402 0 0 0 0 1 74 -74 559 
-6645 -1942 -2530 -3150 -695 4936 0 0 0 0 1 71 -72 559 
-6885 -2186 -2470 -3165 -1103 6062 0 0 0 0 1 71 -89 557 
-7870 -2766 -2502 -3258 -660 7112 0 0 0 0 1 88 -72 557 
-9029 -3730 -2553 -3350 62 7725 0 0 0 0 1 95 -79 552 
-9657 -4420 -2988 -3377 975 8791 0 0 0 0 1 92 -68 558 
-10325 -5529 -3275 -3517 1635 9778 0 0 0 0 1 126 -57 557 
-11010 -5990 -2945 -4313 2661 11641 0 0 0 0 1 116 -62 538 
-12117 -6732 -3027 -4998 2964 13180 0 0 0 0 1 140 -35 522 
-13887 -7297 -2514 -6294 4357 15353 0 0 0 0 1 161 -25 515 
-16296 -7899 -2314 -7364 5378 16743 0 0 0 0 1 175 6 515 
-16895 -8034 -2254 -7799 5487 17320 0 0 0 0 1 175 33 497 
-17799 -8000 -2158 -8405 5698 17875 0 0 0 0 1 169 95 465 
-18485 -7619 -1644 -8875 5519 17920 0 0 0 0 1 158 132 465 
-18409 -7714 -784 -9539 4111 17809 0 0 0 0 1 141 161 477 
-17532 -7674 522 -9615 2494 17563 0 0 0 0 1 128 175 490 
-16671 -7796 330 -8001 -64 16826 0 0 0 0 1 88 192 504 
-14381 -8932 -752 -4264 -464 15582 0 0 0 0 1 38 202 513 
-11366 -10516 -1112 -1462 930 14291 0 0 0 0 1 7 198 523 
-9292 -11029 82 1233 3972 11681 0 0 0 0 1 -21 208 533 
-6359 -10972 2713 1692 4708 9772 0 0 0 0 1 -50 222 511 
-4841 -10761 3916 1157 3658 7023 0 0 0 0 1 -53 226 511 
-2318 -10049 4710 151 2158 4688 0 0 0 0 1 -60 224 511 
-1689 -9563 4442 -377 1606 3282 0 0 0 0 1 -67 212 520 
-1413 -8881 3972 -683 1105 1408 0 0 0 0 1 -58 220 519 
-2835 -1198 256 1896 757 -8726 0 0 0 0 1 113 152 502 
-3168 -1174 169 2386 1520 -9500 0 0 0 0 1 140 131 494 
-3646 -1082 -30 2737 1595 -10053 0 0 0 0 1 148 125 498 
-4023 -1081 -80 3127 1133 -10820 0 0 0 0 1 167 98 493 
-3988 -1212 -337 3371 276 -11269 0 0 0 0 1 189 77 492 
-4255 -1350 -855 3492 -209 -11423 0 0 0 0 1 214 31 491 
-4409 -1487 -1113 3650 -201 -11417 0 0 0 0 1 202 -2 481 
-4361 -1787 -1419 3837 639 -11079 0 0 0 0 1 202 -31 493 
-4478 -1997 -1594 3996 1352 -10717 0 0 0 0 1 197 -62 476 
-4374 -2046 -1707 4228 2142 -9934 0 0 0 0 1 188 -80 477 
-4024 -2188 -1809 4342 2343 -9260 0 0 0 0 1 181 -100 465 
-3889 -2317 -1861 4433 2323 -8246 0 0 0 0 1 179 -112 477 
-4208 -2682 -2071 4490 2286 -7539 0 0 0 0 1 161 -143 469 
-4425 -2731 -2174 4536 2291 -7272 0 0 0 0 1 165 -149 474 
-4580 -2821 -2336 4668 2289 -7039 0 0 0 0 1 142 -158 471 
-4642 -2759 -2437 4764 2426 -6911 0 0 0 0 1 139 -171 481 
-4429 -2672 -2426 4885 2727 -6607 0 0 0 0 1 128 -170 478 
-4205 -2579 -2358 4941 2891 -6175 0 0 0 0 1 127 -169 484 
-4114 -2692 -2076 4897 2624 -5893 0 0 0 0 1 121 -175 487 
-4038 -2673 -2003 4728 1508 -5584 0 0 0 0 1 110 -171 486 
-4323 -2673 -2068 4562 584 -5511 0 0 0 0 1 94 -161 498 
-4400 -2587 -2031 4220 -159 -5469 0 0 0 0 1 99 -166 505 
-4404 -2510 -2163 3885 119 -5349 0 0 0 0 1 75 -166 519 
-4599 -2549 -1966 3641 764 -5233 0 0 0 0 1 70 -161 523 
-4471 -2637 -1556 3229 1796 -4942 0 0 0 0 1 67 -165 508 
-4357 -2695 -1372 2831 1772 -4606 0 0 0 0 1 57 -158 522 
-4439 -2672 -1180 2569 909 -4422 0 0 0 0 1 58 -144 530 
-4379 -2546 -1162 2178 -808 -4097 0 0 0 0 1 40 -154 528 
-4300 -2331 -1369 1885 -1634 -3653 0 0 0 0 1 46 -143 534 
-4366 -2167 -1485 1758 -1309 -3326 0 0 0 0 1 41 -150 541 
-4307 -1997 -1437 1647 144 -2840 0 0 0 0 1 17 -145 541 
-4260 -1942 -1145 1580 1207 -2607 0 0 0 0 1 20 -138 534 
-4371 -1999 -697 1423 2009 -2456 0 0 0 0 1 25 -134 542 
-4249 -1933 -320 1109 1402 -2359 0 0 0 0 1 42 -130 535 
-4106 -1770 -282 848 480 -2213 0 0 0 0 1 30 -137 542 
-3934 -1569 -366 482 -597 -1776 0 0 0 0 1 38 -126 548 
-3791 -1327 -545 300 -773 -1380 0 0 0 0 1 18 -134 547 
-3906 -1215 -680 188 -427 -808 0 0 0 0 1 25 -120 547 
-4040 -1154 -718 206 279 -363 0 0 0 0 1 24 -136 550 
-4119 -1121 -470 200 647 -164 0 0 0 0 1 27 -133 543 
-4138 -1099 -333 140 513 47 0 0 0 0 1 29 -126 541 
-4116 -904 -311 15 -282 264 0 0 0 0 1 22 -131 538 
-4082 -862 -330 -87 -751 472 0 0 0 0 1 27 -116 538 
-4036 -764 -486 -234 -931 865 0 0 0 0 1 25 -144 547 
-4107 -658 -686 -315 -678 1168 0 0 0 0 1 24 -126 552 
-4196 -790 -794 -376 -34 1606 0 0 0 0 1 12 -141 550 
-4286 -805 -872 -402 214 1905 0 0 0 0 1 25 -134 544 
-4428 -770 -958 -436 -1 2035 0 0 0 0 1 23 -125 554 
-4432 -775 -972 -548 -649 2238 0 0 0 0 1 28 -144 551 
-4481 -815 -999 -675 -1120 2419 0 0 0 0 1 16 -132 547 
-4598 -766 -1229 -884 -1686 2821 0 0 0 0 1 25 -144 549 
-4644 -753 -1547 -1005 -1651 3416 0 0 0 0 1 25 -139 549 
-4755 -843 -1985 -1055 -1157 3838 0 0 0 0 1 17 -136 552 
-4940 -939 -2252 -1123 -308 4339 0 0 0 0 1 34 -143 543 
-5268 -1187 -2380 -1308 -16 4600 0 0 0 0 1 29 -143 548 
-5640 -1517 -2238 -1538 -388 4683 0 0 0 0 1 36 -148 552 
-5971 -1602 -2339 -1942 -1598 4787 0 0 0 0 1 38 -133 545 
-6527 -1580 -2848 -2339 -2540 5332 0 0 0 0 1 43 -143 545 
-6407 -1601 -3278 -2566 -2465 6359 0 0 0 0 1 42 -147 551 
-6901 -1707 -3770 -2820 -1285 8391 0 0 0 0 1 43 -136 550 
-8019 -2136 -4386 -2952 -240 9630 0 0 0 0 1 62 -153 550 
-9923 -3189 -4713 -3211 532 10625 0 0 0 0 1 82 -125 547 
-11129 -3542 -4887 -3611 18 10900 0 0 0 0 1 102 -123 536 
-11998 -4116 -5356 -3785 -343 11472 0 0 0 0 1 114 -123 527 
-12719 -4541 -5723 -3939 1056 13205 0 0 0 0 1 127 -107 521 
-14161 -5103 -6301 -4195 4379 15061 0 0 0 0 1 145 -72 515 
-16052 -5763 -6449 -4722 6066 15692 0 0 0 0 1 184 -22 477 
-17162 -6130 -5623 -6482 6834 15452 0 0 0 0 1 207 24 460 
-17862 -6890 -4740 -8442 4859 14912 0 0 0 0 1 217 58 453 
-18048 -7123 -4686 -9475 3615 14523 0 0 0 0 1 202 85 449 
-18666 -7481 -5219 -10048 2591 13780 0 0 0 0 1 191 120 449 
-18044 -8516 -5085 -10033 2747 13634 0 0 0 0 1 180 126 455 
-16997 -8911 -4274 -9798 2526 13829 0 0 0 0 1 169 147 456 
-15228 -9722 -3350 -9267 1598 13878 0 0 0 0 1 140 165 464 
-13089 -10986 -3915 -7417 782 13324 0 0 0 0 1 84 181 502 
-9945 -13051 -3266 -5192 2292 12072 0 0 0 0 1 62 187 506 
-8806 -13310 -2396 -4422 3361 10719 0 0 0 0 1 48 192 518 
-5961 -12564 606 -4220 2376 8034 0 0 0 0 1 34 190 522 
-3649 -11842 1705 -4014 1003 6269 0 0 0 0 1 27 175 527 
-2638 -11429 1468 -3154 445 3942 0 0 0 0 1 12 170 541 
-1755 -10842 1161 -2358 859 2643 0 0 0 0 1 2 159 537 
-1130 -10365 1311 -1079 1195 1239 0 0 0 0 1 11 171 551 
-750 -9122 1508 -261 1044 518 0 0 0 0 1 16 166 554 
-880 -8433 1808 728 808 -504 0 0 0 0 1 15 168 548 
-1238 -7455 2204 1196 701 -1212 0 0 0 0 1 20 165 545 
-1515 -6682 2417 1560 520 -2314 0 0 0 0 1 33 169 537 
-1659 -5563 2672 1616 377 -2984 0 0 0 0 1 34 175 536 
-1723 -4852 2773 1517 169 -3841 0 0 0 0 1 42 179 535 
-1780 -3987 2815 1391 -6 -4291 0 0 0 0 1 43 175 534 
-1919 -3362 2682 1211 -267 -4864 0 0 0 0 1 56 171 523 
-2044 -2809 2523 1094 -330 -5327 0 0 0 0 1 70 174 526 
-2014 -2650 2472 1081 -338 -5477 0 0 0 0 1 77 161 533 
-3538 -1009 393 2332 104 -6943 0 0 0 0 1 169 53 500 
-3701 -1069 -38 2775 1 -6771 0 0 0 0 1 174 44 495 
-4075 -1000 -339 3554 -69 -6768 0 0 0 0 1 180 28 504 
-4570 -926 -712 4327 222 -7033 0 0 0 0 1 178 15 499 
-4888 -949 -929 4741 665 -7244 0 0 0 0 1 184 4 493 
-5003 -949 -1056 5151 1480 -7430 0 0 0 0 1 184 -12 495 
-4800 -973 -1288 5312 1851 -7373 0 0 0 0 1 189 -30 485 
-4545 -1006 -1492 5430 1880 -7099 0 0 0 0 1 197 -38 478 
-4394 -1022 -1647 5464 1247 -6734 0 0 0 0 1 186 -41 477 
-4144 -1109 -1877 5444 334 -6394 0 0 0 0 1 198 -63 474 
-4165 -1151 -2138 5432 -243 -6246 0 0 0 0 1 193 -61 472 
-4213 -1172 -2356 5503 -709 -6176 0 0 0 0 1 189 -79 483 
-4610 -1138 -2763 5757 -365 -6364 0 0 0 0 1 171 -79 485 
-4596 -1084 -2827 5998 299 -6513 0 0 0 0 1 167 -90 500 
-4458 -1101 -2744 6319 1427 -6574 0 0 0 0 1 156 -84 511 
-4179 -1132 -2454 6440 1927 -6438 0 0 0 0 1 162 -85 502 
-3893 -1192 -2189 6377 1676 -6289 0 0 0 0 1 154 -101 499 
-3677 -1221 -2070 6076 678 -6015 0 0 0 0 1 142 -87 499 
-3529 -1330 -2009 5657 -376 -5725 0 0 0 0 1 135 -77 511 
-3713 -1437 -2176 5420 -840 -5556 0 0 0 0 1 125 -93 523 
-4007 -1480 -2428 5230 -1000 -5380 0 0 0 0 1 119 -84 518 
-4184 -1478 -2519 5215 -477 -5264 0 0 0 0 1 113 -76 530 
-4367 -1497 -2409 5216 -22 -5174 0 0 0 0 1 103 -71 528 
-4333 -1387 -2177 5045 272 -4976 0 0 0 0 1 101 -66 535 
-4227 -1237 -1924 4425 -60 -4550 0 0 0 0 1 96 -63 547 
-4207 -1193 -1796 4048 -190 -4256 0 0 0 0 1 95 -52 529 
-4328 -1206 -1789 3573 -147 -3793 0 0 0 0 1 101 -41 542 
-4621 -1241 -1728 3223 -212 -3422 0 0 0 0 1 84 -36 544 
-4822 -1096 -1682 3008 -391 -3243 0 0 0 0 1 86 -28 541 
-4971 -1031 -1569 2619 -667 -3054 0 0 0 0 1 90 -35 543 
-5109 -827 -1505 2308 -703 -2923 0 0 0 0 1 93 -35 541 
-5183 -763 -1501 1826 -293 -2667 0 0 0 0 1 86 -23 534 
-5203 -569 -1442 1399 434 -2297 0 0 0 0 1 97 -30 550 
-5028 -486 -1455 1184 758 -1954 0 0 0 0 1 83 -28 545 
-4910 -436 -1328 879 628 -1371 0 0 0 0 1 95 -18 541 
-4745 -246 -1267 650 -46 -946 0 0 0 0 1 95 -25 536 
-4681 -152 -1226 198 -1102 -317 0 0 0 0 1 89 -12 542 
-4810 -23 -1239 -337 -1233 157 0 0 0 0 1 79 -13 541 
-4977 122 -1239 -703 -799 351 0 0 0 0 1 81 -23 543 
-4952 139 -1234 -1170 -101 566 0 0 0 0 1 81 -40 548 
-4846 118 -1262 -1517 78 771 0 0 0 0 1 81 -25 552 
-4749 62 -1275 -1694 -140 916 0 0 0 0 1 82 -29 549 
-4674 84 -1236 -1959 -802 1235 0 0 0 0 1 76 -38 550 
-4601 122 -1233 -2151 -1303 1558 0 0 0 0 1 81 -47 552 
-4518 127 -1182 -2496 -1604 2176 0 0 0 0 1 68 -49 549 
-4495 111 -1141 -2755 -1522 2597 0 0 0 0 1 70 -56 556 
-4493 110 -1147 -3149 -1322 3130 0 0 0 0 1 57 -65 543 
-4456 23 -1204 -3484 -1332 3527 0 0 0 0 1 58 -68 563 
-4504 3 -1374 -3639 -1505 3697 0 0 0 0 1 60 -77 548 
-4556 -24 -1488 -3778 -1878 3841 0 0 0 0 1 61 -85 551 
-4763 -42 -1696 -3823 -2075 3869 0 0 0 0 1 46 -101 566 
-4810 -121 -1886 -3817 -2115 3917 0 0 0 0 1 44 -98 561 
-4844 -161 -2147 -3714 -1837 4090 0 0 0 0 1 50 -109 559 
-4796 -343 -2447 -3612 -1545 4349 0 0 0 0 1 41 -126 562 
-4731 -452 -2515 -3519 -1175 4953 0 0 0 0 1 56 -125 556 
-4953 -557 -2486 -3584 -1115 5483 0 0 0 0 1 61 -127 549 
-12304 -4611 -1758 -214 4010 11438 0 0 0 0 1 165 -71 507 
-12992 -5765 -1249 -1689 4789 12563 0 0 0 0 1 186 -39 495 
-12935 -6701 -447 -2963 4164 13163 0 0 0 0 1 194 -1 480 
-12698 -7029 -114 -4619 2182 13916 0 0 0 0 1 195 31 481 
-12197 -7293 -243 -5232 1071 14350 0 0 0 0 1 200 68 467 
-12026 -7467 -825 -5218 775 14680 0 0 0 0 1 175 89 478 
-11557 -7998 -1671 -4487 1915 14376 0 0 0 0 1 159 126 466 
-10370 -8784 -1972 -3925 2351 13812 0 0 0 0 1 120 183 486 
-9484 -9134 -1764 -3326 2492 12410 0 0 0 0 1 102 199 485 
-7432 -9899 -428 -3584 3015 10822 0 0 0 0 1 87 213 495 
-4519 -10379 2094 -4570 2510 9222 0 0 0 0 1 67 199 478 
-3047 -10298 2622 -5088 1489 8185 0 0 0 0 1 42 210 512 
-1925 -10089 2756 -5146 278 6549 0 0 0 0 1 27 202 520 
-1260 -9586 2521 -4641 44 5222 0 0 0 0 1 14 186 535 
-990 -9255 2347 -3305 363 3095 0 0 0 0 1 4 181 542 
-481 -8428 2220 -2220 682 1854 0 0 0 0 1 -8 170 541 
-174 -7349 2564 -715 1127 466 0 0 0 0 1 2 169 551 
-343 -6252 3264 -18 1293 -197 0 0 0 0 1 -10 172 550 
-546 -5669 3875 387 1222 -973 0 0 0 0 1 -1 182 550 
-428 -4869 4340 278 753 -1471 0 0 0 0 1 11 174 551 
-328 -4358 4365 60 143 -1839 0 0 0 0 1 33 181 547 
-355 -3630 4014 17 -236 -2122 0 0 0 0 1 25 169 554 
-440 -3205 3625 247 -679 -2631 0 0 0 0 1 23 164 547 
-658 -2664 2967 778 -902 -3221 0 0 0 0 1 31 158 543 
-835 -2213 2495 1192 -832 -3631 0 0 0 0 1 35 171 544 
-1105 -1960 2269 1737 -500 -4277 0 0 0 0 1 43 158 543 
-1285 -1575 1948 2000 -208 -4654 0 0 0 0 1 62 158 541 
-1351 -1223 1873 2177 234 -5079 0 0 0 0 1 70 159 535 
-1472 -883 1957 2119 385 -5293 0 0 0 0 1 88 155 520 
-1549 -720 2050 1793 261 -5501 0 0 0 0 1 84 157 528 
-1568 -577 2063 1309 -327 -5606 0 0 0 0 1 97 155 529 
-1635 -488 1811 1019 -869 -5606 0 0 0 0 1 114 145 527 
-1679 -466 1570 740 -1554 -5529 0 0 0 0 1 119 133 513 
-1911 -532 700 838 -2118 -5455 0 0 0 0 1 121 133 522 
-2181 -571 191 1132 -2322 -5479 0 0 0 0 1 128 104 522 
-2561 -578 -364 1879 -1989 -5766 0 0 0 0 1 127 95 526 
-3245 -508 -1013 2830 -618 -6336 0 0 0 0 1 128 94 545 
-3441 -404 -1122 3413 700 -6709 0 0 0 0 1 134 83 526 
-3509 -348 -902 4006 2370 -7113 0 0 0 0 1 148 73 519 
-3467 -300 -640 4196 2751 -7275 0 0 0 0 1 156 69 513 
-3461 -312 -545 4164 1894 -7402 0 0 0 0 1 184 46 493 
-3237 -408 -494 3828 -69 -7282 0 0 0 0 1 185 42 478 
-2883 -701 -626 3528 -1360 -7040 0 0 0 0 1 184 26 500 
-2899 -890 -878 3159 -2462 -6688 0 0 0 0 1 186 22 488 
-3334 -1020 -1465 3084 -2486 -6616 0 0 0 0 1 175 -1 506 
-3788 -1058 -1830 3284 -1642 -6863 0 0 0 0 1 159 -3 518 
-4310 -1054 -2075 3719 -131 -7399 0 0 0 0 1 171 -15 515 
-4543 -1017 -2032 4044 811 -7792 0 0 0 0 1 160 -49 505 
-4647 -973 -1966 4439 1466 -8297 0 0 0 0 1 158 -49 507 
-4547 -982 -1765 4595 1074 -8512 0 0 0 0 1 148 -56 505 
-3953 -1058 -1802 4603 390 -8348 0 0 0 0 1 148 -73 514 
-3646 -1163 -1940 4628 -500 -7714 0 0 0 0 1 128 -84 513 
-3599 -1356 -2371 4940 -242 -7041 0 0 0 0 1 130 -79 527 
-4193 -1494 -2531 5307 569 -6821 0 0 0 0 1 119 -94 520 
-4412 -1625 -2254 5787 1309 -6685 0 0 0 0 1 108 -78 528 
-4437 -1786 -1809 5850 604 -6650 0 0 0 0 1 103 -71 528 
-4415 -1942 -1389 5599 -271 -6700 0 0 0 0 1 102 -79 529 
-4790 -2035 -1483 5022 -1022 -6934 0 0 0 0 1 100 -72 536 
-4944 -2073 -1549 4538 -234 -7176 0 0 0 0 1 89 -56 544 
-5278 -1336 -1178 1676 -645 -2291 0 0 0 0 1 74 -50 559 
-5116 -1158 -1160 1281 -286 -1465 0 0 0 0 1 58 -36 554 
-5352 -935 -1132 732 119 -867 0 0 0 0 1 67 -52 552 
-5496 -781 -1046 337 207 -589 0 0 0 0 1 70 -44 554 
-5464 -783 -1045 -140 -50 -202 0 0 0 0 1 69 -42 552 
-5390 -801 -1253 -338 -452 127 0 0 0 0 1 62 -60 557 
-5340 -813 -1360 -555 -880 784 0 0 0 0 1 67 -45 559 
-5316 -851 -1476 -819 -886 1558 0 0 0 0 1 61 -56 561 
-5382 -852 -1331 -1082 -699 2027 0 0 0 0 1 63 -49 554 
-5424 -890 -1288 -1476 -451 2542 0 0 0 0 1 62 -52 555 
-5381 -963 -1253 -1784 -424 2867 0 0 0 0 1 58 -46 572 
-5205 -1116 -1406 -1868 -578 3053 0 0 0 0 1 55 -60 559 
-5107 -1258 -1602 -1833 -963 3390 0 0 0 0 1 56 -44 556 
-4991 -1402 -1751 -1794 -1122 3664 0 0 0 0 1 49 -58 561 
-5013 -1469 -1759 -1837 -1055 4084 0 0 0 0 1 40 -71 556 
-5110 -1541 -1707 -2020 -737 4399 0 0 0 0 1 38 -62 564 
-5313 -1719 -1825 -2137 -534 4542 0 0 0 0 1 48 -67 564 
-5467 -1937 -2001 -2186 -374 4700 0 0 0 0 1 50 -82 566 
-5631 -2453 -2256 -2110 -552 4986 0 0 0 0 1 48 -84 566 
-5749 -2962 -2502 -2055 -949 5529 0 0 0 0 1 48 -72 564 
-6323 -3417 -2405 -2136 -838 5961 0 0 0 0 1 49 -78 563 
-6816 -3849 -2247 -2461 63 6635 0 0 0 0 1 61 -73 563 
-16772 -7989 -2481 -12102 3122 18064 0 0 0 0 1 186 76 481 
-16546 -6900 -2125 -11252 1590 17828 0 0 0 0 1 152 131 485 
-15520 -7347 -1867 -9247 305 16628 0 0 0 0 1 121 153 511 
-14403 -8066 -2353 -7197 -245 15369 0 0 0 0 1 102 153 515 
-12605 -9422 -2687 -3657 926 13565 0 0 0 0 1 75 159 523 
-8798 -11260 -1522 -1891 2976 12624 0 0 0 0 1 43 180 536 
-6489 -11286 686 -1201 4183 10861 0 0 0 0 1 30 181 537 
-4403 -10662 3317 -1575 2857 9137 0 0 0 0 1 18 191 533 
-3420 -9879 3304 -1961 261 6232 0 0 0 0 1 -2 193 528 
-2067 -9083 2696 315 -336 -1622 0 0 0 0 1 0 191 537 
-985 -2176 2134 -36 -466 -1952 0 0 0 0 1 2 186 535 
-905 -1949 1979 -218 -496 -2187 0 0 0 0 1 -1 192 531 
-840 -1725 1849 -404 -472 -2535 0 0 0 0 1 0 191 542 
-698 -1455 1701 -436 -517 -2718 0 0 0 0 1 2 179 549 
-600 -1329 1594 -312 -744 -2865 0 0 0 0 1 16 188 551 
-492 -1124 1402 -24 -1057 -2929 0 0 0 0 1 14 174 544 
-677 -863 1214 333 -1164 -3089 0 0 0 0 1 31 185 541 
-749 -770 1124 567 -1055 -3256 0 0 0 0 1 22 163 545 
-863 -650 1063 850 -609 -3598 0 0 0 0 1 37 174 540 
-1136 -360 1077 1030 65 -4028 0 0 0 0 1 37 166 540 
-1266 -218 1217 1077 486 -4327 0 0 0 0 1 58 171 544 
-1281 -29 1417 1016 841 -4698 0 0 0 0 1 61 174 528 
-1236 181 1632 926 778 -4841 0 0 0 0 1 80 157 537 
-1153 288 1710 780 249 -4869 0 0 0 0 1 84 149 519 
-1160 466 1591 726 -268 -4818 0 0 0 0 1 87 152 530 
-1279 652 1288 780 -992 -4698 0 0 0 0 1 103 139 526 
-1432 820 1011 1016 -1385 -4605 0 0 0 0 1 110 130 526 
-1592 986 656 1246 -1344 -4555 0 0 0 0 1 114 136 531 
-1695 1064 587 1585 -691 -4530 0 0 0 0 1 110 120 537 
-1765 1274 586 1786 13 -4553 0 0 0 0 1 123 111 518 
-1719 1434 609 2064 1004 -4605 0 0 0 0 1 126 99 527 
-1870 1705 721 2187 1421 -4684 0 0 0 0 1 145 104 522 
-1975 1841 722 2308 1521 -4815 0 0 0 0 1 154 94 508 
-2075 1960 484 2435 1114 -4843 0 0 0 0 1 155 93 495 
-1935 1979 339 2544 699 -4724 0 0 0 0 1 166 84 497 
-1770 1945 169 2743 122 -4331 0 0 0 0 1 181 78 486 
-1666 2041 -14 2843 -63 -4019 0 0 0 0 1 175 62 487 
-1768 2025 -2 2884 129 -3622 0 0 0 0 1 188 49 491 
-1929 1997 122 2780 705 -3436 0 0 0 0 1 185 52 480 
-2266 1939 211 2692 1018 -3443 0 0 0 0 1 178 40 473 
-2477 1967 220 2571 1075 -3587 0 0 0 0 1 198 51 470 
-2613 2001 119 2497 765 -3672 0 0 0 0 1 201 25 478 
-2601 2027 -73 2427 110 -3697 0 0 0 0 1 189 28 464 
-2427 2078 -257 2356 -173 -3610 0 0 0 0 1 197 15 476 
-2412 2111 -308 2347 -105 -3527 0 0 0 0 1 191 9 458 
-2421 2160 -545 2410 297 -3403 0 0 0 0 1 199 6 464 
-2427 2201 -471 2426 732 -3318 0 0 0 0 1 207 2 463 
-2409 2173 -370 2382 1226 -3159 0 0 0 0 1 200 -14 460 
-2332 2148 -299 2303 1241 -3035 0 0 0 0 1 200 -9 467 
-2275 2131 -247 2096 816 -2833 0 0 0 0 1 198 2 456 
-2133 2066 -258 1927 370 -2674 0 0 0 0 1 207 -19 442 
-2076 1964 -290 1670 -227 -2439 0 0 0 0 1 209 -22 463 
-2131 1834 -341 1450 -494 -2257 0 0 0 0 1 199 -42 457 
-2266 1765 -393 1357 -514 -2193 0 0 0 0 1 191 -46 449 
-2313 1743 -443 1291 -356 -2151 0 0 0 0 1 205 -31 460 
-2267 1626 -464 1278 -74 -2095 0 0 0 0 1 188 -44 467 
-2196 1581 -467 1280 103 -2040 0 0 0 0 1 184 -58 463 
-2152 1538 -472 1284 255 -1930 0 0 0 0 1 191 -58 465 
-2182 1479 -366 1257 299 -1876 0 0 0 0 1 195 -63 456 
-2166 1446 -271 1148 232 -1781 0 0 0 0 1 186 -68 465 
-2189 1374 -218 1022 41 -1677 0 0 0 0 1 193 -76 463 
-2308 1349 -192 945 -55 -1636 0 0 0 0 1 205 -73 458 
-2301 1298 -180 837 -53 -1560 0 0 0 0 1 187 -77 471 
-2283 1222 -171 753 23 -1470 0 0 0 0 1 191 -76 463 
-2278 1198 -186 714 49 -1403 0 0 0 0 1 181 -76 463 
-2261 1154 -189 651 43 -1277 0 0 0 0 1 181 -85 465 
-2313 1105 -131 601 29 -1184 0 0 0 0 1 179 -88 460 
-2401 1100 -144 539 26 -1068 0 0 0 0 1 182 -74 462 
-2436 1089 -167 515 124 -940 0 0 0 0 1 179 -90 472 
-2405 1078 -165 513 248 -812 0 0 0 0 1 181 -88 467 
