Data Quantity : 14  Accelerometer : 3  Gyroscope : 3  FSR : 5







-1287 1489 406 -32 -39 78 0 0 0 0 1 167 78 481 
-1279 1485 423 -53 -17 84 0 0 0 0 1 158 93 481 
-1263 1484 438 -72 11 93 0 0 0 0 1 171 74 480 
-1278 1516 450 -93 28 99 0 0 0 0 1 165 88 477 
-1279 1523 457 -115 18 115 0 0 0 0 1 169 71 484 
-1268 1521 470 -137 8 137 0 0 0 0 1 167 80 477 
-1270 1523 491 -157 2 146 0 0 0 0 1 168 84 476 
-1272 1540 492 -179 -19 154 0 0 0 0 1 178 82 478 
-1262 1543 502 -191 -50 157 0 0 0 0 1 167 80 481 
-1233 1537 506 -187 -98 167 0 0 0 0 1 169 80 472 
-1225 1526 503 -185 -118 170 0 0 0 0 1 173 79 485 
-1249 1535 503 -166 -140 166 0 0 0 0 1 173 89 471 
-1254 1547 500 -155 -152 156 0 0 0 0 1 168 89 485 
-1240 1549 501 -133 -142 159 0 0 0 0 1 162 90 481 
-1181 1533 501 -112 -110 191 0 0 0 0 1 155 80 486 
-1139 1525 515 -93 -84 213 0 0 0 0 1 159 79 476 
-1126 1516 538 -75 -57 240 0 0 0 0 1 159 74 483 
-1132 1489 586 -61 -33 249 0 0 0 0 1 168 82 485 
-1118 1444 620 -57 -12 245 0 0 0 0 1 165 83 474 
-1124 1404 638 -54 13 225 0 0 0 0 1 174 88 484 
-1113 1358 679 -59 25 208 0 0 0 0 1 172 83 479 
-1088 1256 759 -78 26 186 0 0 0 0 1 162 83 474 
-1043 1110 872 -88 -1 170 0 0 0 0 1 162 93 481 
-1069 1008 930 -111 -70 119 0 0 0 0 1 162 85 477 
-987 752 1071 -122 -124 80 0 0 0 0 1 160 88 477 
-890 560 1179 -134 -183 7 0 0 0 0 1 174 85 495 
-800 238 1335 -146 -198 -77 0 0 0 0 1 167 88 472 
-694 -29 1424 -137 -229 -274 0 0 0 0 1 155 85 488 
-633 -201 1454 -70 -402 -557 0 0 0 0 1 165 76 488 
-473 -463 1517 -6 -601 -767 0 0 0 0 1 162 76 488 
-361 -685 1588 54 -766 -1146 0 0 0 0 1 165 78 498 
-319 -881 1647 92 -842 -1435 0 0 0 0 1 160 83 488 
-240 -1235 1661 184 -1046 -1871 0 0 0 0 1 156 67 494 
-249 -1512 1487 395 -1202 -2401 0 0 0 0 1 148 63 493 
-396 -1595 1350 583 -1263 -2835 0 0 0 0 1 161 57 497 
-608 -1677 1255 919 -1314 -3585 0 0 0 0 1 145 50 513 
-760 -1660 1059 1153 -1355 -4107 0 0 0 0 1 151 46 491 
-1021 -1808 873 1467 -1353 -4887 0 0 0 0 1 149 30 504 
-1197 -1849 774 1720 -1221 -5598 0 0 0 0 1 146 12 521 
-1492 -1971 619 1844 -1068 -6005 0 0 0 0 1 151 12 509 
-1618 -2134 548 1918 -642 -6432 0 0 0 0 1 142 6 511 
-1988 -2130 435 1955 -382 -6661 0 0 0 0 1 147 -8 515 
-2166 -2186 350 1978 -248 -6877 0 0 0 0 1 136 -17 523 
-2772 -2294 -91 2008 -226 -7073 0 0 0 0 1 135 -33 515 
-3183 -2272 -240 2041 -75 -7282 0 0 0 0 1 122 -51 521 
-3470 -2296 -355 2106 157 -7595 0 0 0 0 1 126 -57 529 
-3792 -2291 -501 2162 36 -7763 0 0 0 0 1 125 -71 523 
-4191 -2279 -732 2221 -336 -7736 0 0 0 0 1 109 -79 522 
-4411 -2280 -933 2383 -966 -7433 0 0 0 0 1 106 -73 516 
-4813 -2289 -1052 2591 -1252 -6850 0 0 0 0 1 93 -87 529 
-4971 -2192 -1147 2758 -1293 -6309 0 0 0 0 1 74 -84 536 
-5140 -2114 -1092 2926 -1137 -5432 0 0 0 0 1 79 -89 543 
-5445 -1984 -884 2930 -829 -4926 0 0 0 0 1 71 -82 538 
-5737 -1816 -687 2751 -219 -4374 0 0 0 0 1 57 -82 548 
-5671 -1664 -643 2474 332 -3904 0 0 0 0 1 51 -73 556 
-5412 -1417 -552 2265 628 -3601 0 0 0 0 1 60 -62 541 
-5224 -1266 -505 1957 752 -3129 0 0 0 0 1 66 -58 549 
-4841 -1018 -474 1683 571 -2558 0 0 0 0 1 70 -58 551 
-4420 -822 -458 1529 420 -2122 0 0 0 0 1 63 -41 544 
-4212 -691 -482 1361 306 -1467 0 0 0 0 1 83 -40 552 
-4020 -541 -471 1238 429 -948 0 0 0 0 1 73 -36 549 
-3855 -456 -440 1167 580 -700 0 0 0 0 1 77 -34 549 
-3779 -393 -388 1039 700 -471 0 0 0 0 1 74 -42 543 
-3699 -292 -305 919 659 -389 0 0 0 0 1 92 -39 547 
-3607 -238 -235 659 521 -297 0 0 0 0 1 82 -39 544 
-3485 -155 -308 432 344 -197 0 0 0 0 1 74 -28 541 
-3360 -103 -384 304 258 -98 0 0 0 0 1 84 -34 544 
-3310 -19 -409 123 120 77 0 0 0 0 1 87 -36 537 
-3302 33 -447 -60 -135 286 0 0 0 0 1 87 -31 542 
-3272 44 -468 -192 -348 458 0 0 0 0 1 87 -34 551 
-3280 44 -485 -422 -600 755 0 0 0 0 1 87 -29 554 
-3318 5 -586 -563 -697 953 0 0 0 0 1 79 -57 543 
-3339 -47 -646 -765 -753 1233 0 0 0 0 1 80 -41 547 
-3382 -101 -765 -971 -788 1485 0 0 0 0 1 79 -42 548 
-3442 -118 -810 -1118 -850 1613 0 0 0 0 1 69 -57 552 
-3460 -123 -830 -1374 -993 1780 0 0 0 0 1 71 -60 550 
-3524 -148 -868 -1551 -1111 1878 0 0 0 0 1 66 -53 547 
-3668 -202 -1027 -1812 -1302 1988 0 0 0 0 1 61 -56 556 
-3803 -246 -1195 -2025 -1494 2037 0 0 0 0 1 47 -76 549 
-4068 -386 -1379 -2266 -1588 1992 0 0 0 0 1 42 -78 568 
-4265 -491 -1562 -2449 -1591 1893 0 0 0 0 1 43 -84 557 
-4495 -578 -1732 -2707 -1642 1611 0 0 0 0 1 36 -94 543 
-4878 -717 -2026 -2909 -1702 1230 0 0 0 0 1 34 -101 557 
-5178 -969 -2308 -3008 -1688 1041 0 0 0 0 1 23 -107 551 
-5307 -1318 -2453 -3120 -1654 989 0 0 0 0 1 18 -127 554 
-5625 -1709 -2492 -3221 -1746 1131 0 0 0 0 1 11 -139 551 
-5669 -1909 -2496 -3403 -2170 1843 0 0 0 0 1 16 -147 551 
-5846 -2084 -2289 -3518 -2423 3154 0 0 0 0 1 14 -166 547 
-6409 -2453 -2370 -3403 -2363 4160 0 0 0 0 1 3 -158 543 
-7420 -2622 -2579 -2790 -2040 5362 0 0 0 0 1 0 -171 542 
-9178 -3624 -3239 -1983 -1542 5999 0 0 0 0 1 17 -175 534 
-10129 -4546 -3683 -381 71 6974 0 0 0 0 1 25 -174 535 
-11200 -6031 -4170 641 1933 7814 0 0 0 0 1 54 -169 528 
-11407 -7215 -3736 1067 5911 9651 0 0 0 0 1 84 -149 530 
-11634 -8899 -3075 293 8160 11176 0 0 0 0 1 122 -125 512 
-12300 -10518 -2465 -2197 9704 13456 0 0 0 0 1 151 -103 486 
-13432 -11505 -1842 -5494 8580 14682 0 0 0 0 1 187 -55 459 
-15140 -12443 -1502 -7460 6948 15006 0 0 0 0 1 213 -38 420 
-15801 -12812 -1546 -9798 5303 15574 0 0 0 0 1 227 33 387 
-16383 -12728 -1947 -11276 4376 16535 0 0 0 0 1 219 90 372 
-17078 -11955 -1377 -11774 3521 16985 0 0 0 0 1 212 120 381 
-17073 -11822 -1104 -11536 1915 16975 0 0 0 0 1 178 165 392 
-15971 -12422 -868 -10128 25 16958 0 0 0 0 1 145 187 413 
-13886 -14064 -1772 -8490 290 16745 0 0 0 0 1 112 217 431 
-11894 -15561 -2045 -5929 2963 15665 0 0 0 0 1 61 233 456 
-8502 -16342 941 -5124 4752 14047 0 0 0 0 1 16 240 477 
-5780 -15012 3636 -4736 3752 10304 0 0 0 0 1 -12 241 476 
-3957 -14045 3813 -4024 1870 6685 0 0 0 0 1 -22 229 499 
-971 -12673 4461 -3342 1641 4229 0 0 0 0 1 -31 212 511 
131 -11675 4605 -2828 704 3215 0 0 0 0 1 -42 215 512 
846 -10710 4717 -1844 -802 1925 0 0 0 0 1 -46 214 531 
783 -9097 4290 -1013 -1145 825 0 0 0 0 1 -61 203 535 
-2694 -1782 1644 1870 -2891 -7601 0 0 0 0 1 42 218 502 
-3269 -1493 1155 1786 -2437 -7969 0 0 0 0 1 50 207 497 
-3566 -1338 992 1710 -2057 -8236 0 0 0 0 1 70 210 495 
-3777 -1278 897 1562 -1643 -8541 0 0 0 0 1 86 187 501 
-4027 -1324 880 1425 -1568 -8641 0 0 0 0 1 106 183 500 
-4166 -1401 749 1214 -1865 -8645 0 0 0 0 1 120 157 502 
-4368 -1518 542 1036 -2210 -8558 0 0 0 0 1 139 137 500 
-4535 -1700 89 1015 -2305 -8455 0 0 0 0 1 146 125 502 
-4556 -1766 -214 1158 -1960 -8280 0 0 0 0 1 148 105 502 
-4735 -1900 -600 1379 -1473 -8232 0 0 0 0 1 162 71 512 
-4962 -1981 -833 1813 -711 -8332 0 0 0 0 1 165 66 516 
-5057 -2092 -934 2270 -251 -8580 0 0 0 0 1 169 49 512 
-5163 -2218 -1047 2526 -103 -8788 0 0 0 0 1 179 39 516 
-5219 -2337 -1082 2839 30 -9081 0 0 0 0 1 182 -8 513 
-5246 -2439 -1307 3062 146 -9187 0 0 0 0 1 171 -15 508 
-5195 -2523 -1480 3486 687 -9162 0 0 0 0 1 167 -39 507 
-5037 -2609 -1671 4056 1486 -8922 0 0 0 0 1 166 -55 504 
-4512 -2761 -1830 4647 1760 -8425 0 0 0 0 1 162 -68 507 
-4335 -2874 -1799 4926 1576 -8031 0 0 0 0 1 159 -60 504 
-4231 -3007 -1823 5144 930 -7510 0 0 0 0 1 141 -95 500 
-4471 -3151 -2122 5237 493 -7306 0 0 0 0 1 149 -89 511 
-4684 -3208 -2325 5404 517 -7233 0 0 0 0 1 129 -98 507 
-5019 -3374 -2508 5677 1325 -7328 0 0 0 0 1 135 -89 518 
-5144 -3364 -2494 5872 1811 -7365 0 0 0 0 1 120 -103 509 
-5110 -3388 -2426 6019 1642 -7250 0 0 0 0 1 128 -96 518 
-4879 -3277 -2294 5819 826 -6840 0 0 0 0 1 117 -90 516 
-4559 -3281 -2117 5528 505 -6419 0 0 0 0 1 100 -84 524 
-4610 -3259 -2130 5066 799 -5792 0 0 0 0 1 100 -74 524 
-4780 -3220 -2107 4801 1334 -5435 0 0 0 0 1 95 -84 536 
-4918 -3246 -1867 4343 1462 -5039 0 0 0 0 1 97 -72 534 
-5011 -3115 -1689 3710 171 -4758 0 0 0 0 1 112 -69 522 
-5295 -2952 -1678 3228 -784 -4631 0 0 0 0 1 107 -55 524 
-5417 -2783 -1833 2611 -1165 -4337 0 0 0 0 1 102 -62 522 
-5329 -2549 -1977 2318 -705 -3946 0 0 0 0 1 103 -63 533 
-5379 -2525 -1777 1878 57 -3103 0 0 0 0 1 110 -63 523 
-4902 -2343 -1153 1267 172 -2050 0 0 0 0 1 114 -62 524 
-4927 -1867 -1101 871 -498 -1451 0 0 0 0 1 123 -65 534 
-4907 -1575 -1074 350 -1582 -797 0 0 0 0 1 113 -61 530 
-4951 -1080 -1361 98 -1642 -430 0 0 0 0 1 110 -56 526 
-4924 -887 -1557 117 -1081 -297 0 0 0 0 1 101 -63 533 
-4872 -702 -1622 267 107 -149 0 0 0 0 1 121 -62 534 
-4614 -394 -1421 343 966 110 0 0 0 0 1 123 -69 518 
-4520 -330 -1341 256 1169 418 0 0 0 0 1 128 -60 522 
-4263 -160 -1073 -102 930 1034 0 0 0 0 1 125 -51 528 
-4093 -142 -851 -436 498 1458 0 0 0 0 1 129 -49 528 
-4088 -73 -863 -913 -330 1917 0 0 0 0 1 123 -52 527 
-4134 3 -977 -1266 -921 2154 0 0 0 0 1 127 -44 523 
-4139 -4 -1076 -1411 -1062 2239 0 0 0 0 1 116 -52 536 
-4149 -29 -1188 -1482 -930 2327 0 0 0 0 1 117 -56 530 
-4112 -148 -1454 -1392 -556 2440 0 0 0 0 1 106 -58 535 
-4046 -256 -1527 -1293 -271 2546 0 0 0 0 1 110 -46 540 
-3982 -375 -1552 -1193 65 2732 0 0 0 0 1 101 -53 540 
-3912 -503 -1510 -1208 163 2844 0 0 0 0 1 96 -49 542 
-3878 -605 -1438 -1373 80 2979 0 0 0 0 1 101 -53 530 
-3855 -677 -1457 -1532 -94 3029 0 0 0 0 1 80 -49 549 
-3869 -699 -1513 -1777 -437 3061 0 0 0 0 1 100 -65 536 
-3891 -773 -1748 -1956 -690 3056 0 0 0 0 1 96 -56 542 
-3980 -879 -1975 -2032 -792 3041 0 0 0 0 1 88 -62 545 
-4087 -946 -2090 -2143 -840 3019 0 0 0 0 1 83 -67 545 
-4211 -998 -2122 -2242 -754 3008 0 0 0 0 1 74 -69 548 
-4282 -1073 -2161 -2394 -663 3016 0 0 0 0 1 81 -69 543 
-4406 -1245 -2257 -2478 -766 3057 0 0 0 0 1 88 -79 541 
-4718 -1519 -2409 -2496 -1013 3087 0 0 0 0 1 73 -88 540 
-4988 -1678 -2479 -2517 -1616 3148 0 0 0 0 1 77 -83 544 
-5482 -1823 -2636 -2541 -2155 3306 0 0 0 0 1 75 -85 544 
-6010 -2038 -2799 -2534 -2166 3581 0 0 0 0 1 68 -103 549 
-6453 -2374 -3129 -2296 -1448 4369 0 0 0 0 1 73 -95 551 
-7593 -3265 -3616 -1899 297 5558 0 0 0 0 1 83 -104 559 
-8953 -4378 -3538 -1920 1382 6558 0 0 0 0 1 94 -93 549 
-10703 -4847 -3236 -3040 1871 8340 0 0 0 0 1 110 -83 544 
-11544 -5398 -3133 -5451 2158 10982 0 0 0 0 1 115 -85 542 
-12740 -5727 -4183 -7974 3333 14057 0 0 0 0 1 138 -82 527 
-15036 -6579 -5199 -9287 4291 15592 0 0 0 0 1 167 -41 488 
-16670 -7164 -5262 -10694 4919 17044 0 0 0 0 1 184 -12 479 
-18165 -8022 -4641 -11499 4911 17807 0 0 0 0 1 197 15 471 
-19307 -7951 -4154 -12479 3627 18013 0 0 0 0 1 198 51 458 
-19853 -8111 -4006 -12652 1299 17772 0 0 0 0 1 181 83 467 
-19829 -7994 -4245 -11945 -6 17203 0 0 0 0 1 172 110 470 
-18950 -8920 -4557 -9455 -1095 16203 0 0 0 0 1 146 120 495 
-16559 -10781 -5466 -5844 -693 15644 0 0 0 0 1 95 155 520 
-431 -8315 2095 119 44 -2954 0 0 0 0 1 2 159 542 
-908 -6352 2129 530 -451 -4306 0 0 0 0 1 18 159 563 
-1003 -5933 2076 776 -693 -4967 0 0 0 0 1 17 165 555 
-1303 -4808 1942 1104 -792 -5661 0 0 0 0 1 31 158 552 
-1732 -3825 1946 1273 -794 -6060 0 0 0 0 1 27 163 545 
-2138 -3207 1829 1492 -1007 -6661 0 0 0 0 1 47 159 558 
-2628 -2215 1547 1678 -1189 -7189 0 0 0 0 1 64 145 545 
-2712 -1907 1325 1819 -1156 -7439 0 0 0 0 1 67 138 548 
-4086 -1029 -751 3871 516 -7990 0 0 0 0 1 167 53 507 
-3802 -1144 -861 3961 917 -7876 0 0 0 0 1 185 40 511 
-3600 -1218 -899 3982 712 -7680 0 0 0 0 1 175 28 501 
-3379 -1444 -1032 3934 147 -7423 0 0 0 0 1 178 18 508 
-3420 -1606 -1171 3889 -209 -7274 0 0 0 0 1 178 3 490 
-3577 -1704 -1284 3822 -397 -7165 0 0 0 0 1 178 -20 508 
-3716 -1917 -1447 3814 -233 -7155 0 0 0 0 1 173 -25 487 
-3846 -2089 -1619 3888 287 -7205 0 0 0 0 1 171 -40 499 
-3859 -2166 -1726 4058 865 -7310 0 0 0 0 1 165 -51 498 
-4011 -2220 -1917 4317 1246 -7479 0 0 0 0 1 161 -67 501 
-4118 -2244 -2004 4523 1334 -7580 0 0 0 0 1 158 -80 502 
-4282 -2359 -1995 4795 1163 -7696 0 0 0 0 1 149 -87 501 
-4626 -2539 -1872 4894 945 -7731 0 0 0 0 1 149 -99 506 
-4719 -2637 -1857 4897 624 -7635 0 0 0 0 1 142 -106 501 
-4775 -2742 -1836 4717 549 -7320 0 0 0 0 1 125 -90 505 
-4644 -2726 -1834 4513 606 -7003 0 0 0 0 1 125 -105 521 
-4634 -2716 -1862 4178 730 -6509 0 0 0 0 1 120 -105 514 
-5133 -2743 -1845 3897 694 -6234 0 0 0 0 1 116 -101 508 
-5371 -2770 -1811 3741 299 -6170 0 0 0 0 1 104 -101 522 
-5592 -2691 -1639 3419 -693 -5911 0 0 0 0 1 90 -106 534 
-5569 -2478 -1560 3058 -1572 -5284 0 0 0 0 1 79 -104 531 
-5483 -2382 -1475 2856 -1569 -4698 0 0 0 0 1 82 -100 537 
-5334 -2256 -1316 2633 -656 -3786 0 0 0 0 1 63 -103 542 
-5121 -2183 -1033 2541 114 -3257 0 0 0 0 1 70 -98 549 
-5011 -1931 -819 2419 735 -2740 0 0 0 0 1 68 -88 542 
-5025 -1749 -755 2269 121 -2562 0 0 0 0 1 62 -87 545 
-4821 -1198 -746 2065 -991 -2536 0 0 0 0 1 68 -83 533 
-4796 -1009 -796 1912 -1408 -2534 0 0 0 0 1 74 -74 545 
-4698 -815 -873 1730 -1058 -2480 0 0 0 0 1 75 -66 549 
-4491 -618 -804 1635 -299 -2376 0 0 0 0 1 64 -60 555 
-4332 -559 -638 1500 927 -2111 0 0 0 0 1 55 -60 548 
-4184 -489 -387 1289 1299 -1769 0 0 0 0 1 75 -56 549 
-4124 -340 -240 1077 900 -1520 0 0 0 0 1 73 -56 554 
-4044 -255 -148 644 -117 -1124 0 0 0 0 1 82 -56 547 
-3993 -171 -97 332 -654 -853 0 0 0 0 1 80 -53 547 
-4060 -124 -152 -34 -838 -483 0 0 0 0 1 80 -49 542 
-4105 -140 -126 -258 -413 -147 0 0 0 0 1 89 -66 549 
-4154 -167 -174 -331 -148 89 0 0 0 0 1 90 -57 550 
-4157 -183 -239 -377 -30 473 0 0 0 0 1 69 -60 559 
-4142 -196 -361 -396 -76 740 0 0 0 0 1 87 -58 554 
-4116 -249 -316 -457 -20 1118 0 0 0 0 1 69 -57 545 
-4121 -279 -283 -577 181 1437 0 0 0 0 1 74 -62 548 
-4125 -263 -342 -690 230 1612 0 0 0 0 1 67 -62 552 
-4107 -303 -304 -934 -19 1867 0 0 0 0 1 75 -68 558 
-4127 -309 -350 -1287 -634 2113 0 0 0 0 1 54 -66 554 
-4177 -292 -354 -1575 -1082 2258 0 0 0 0 1 63 -73 554 
-4222 -179 -490 -1952 -1574 2497 0 0 0 0 1 55 -72 545 
-4190 -166 -694 -2144 -1637 2729 0 0 0 0 1 50 -69 564 
-4305 -180 -892 -2301 -1453 3073 0 0 0 0 1 41 -79 557 
-4683 -78 -1159 -2345 -1371 3261 0 0 0 0 1 37 -90 554 
-4940 -87 -1251 -2276 -1288 3313 0 0 0 0 1 29 -94 550 
-5158 -262 -1452 -2128 -1123 3384 0 0 0 0 1 35 -107 563 
-5347 -359 -1581 -1754 -603 3544 0 0 0 0 1 23 -105 556 
-5691 -579 -1621 -1310 -179 3691 0 0 0 0 1 44 -105 547 
-6162 -714 -1780 -1021 -189 3799 0 0 0 0 1 33 -115 554 
-6413 -781 -1802 -717 -108 4061 0 0 0 0 1 43 -109 564 
-6607 -1129 -2007 -475 202 4559 0 0 0 0 1 41 -111 562 
-7087 -1601 -2358 -328 435 4925 0 0 0 0 1 55 -106 550 
-7683 -2102 -2562 -182 899 5317 0 0 0 0 1 56 -107 563 
-8680 -3071 -2782 -138 1342 5534 0 0 0 0 1 71 -84 548 
-9167 -4000 -3227 -70 1576 6145 0 0 0 0 1 87 -88 556 
-10070 -5657 -3996 -298 1533 7276 0 0 0 0 1 90 -84 555 
-11350 -7377 -4013 -1098 2190 8351 0 0 0 0 1 109 -69 552 
-12379 -7760 -3784 -3583 4532 10310 0 0 0 0 1 112 -47 555 
-13881 -9624 -3496 -6704 7022 12798 0 0 0 0 1 163 -30 520 
-14665 -10266 -3896 -8381 7182 14573 0 0 0 0 1 184 -9 502 
-15527 -10734 -3298 -10664 6626 17030 0 0 0 0 1 193 22 472 
-17955 -10369 -3045 -11937 5359 18064 0 0 0 0 1 205 44 451 
-19565 -10134 -3773 -12714 4330 19097 0 0 0 0 1 180 77 448 
-20759 -9342 -3671 -12316 4979 18867 0 0 0 0 1 178 116 457 
-20615 -9222 -4079 -11341 4581 18736 0 0 0 0 1 134 176 470 
-20148 -10115 -3241 -9524 4694 18222 0 0 0 0 1 108 183 479 
-18518 -11674 -3160 -8061 4463 17438 0 0 0 0 1 79 195 490 
-14811 -13468 -2094 -6025 4663 15682 0 0 0 0 1 48 209 513 
-12390 -13925 19 -4974 3639 13107 0 0 0 0 1 30 213 500 
-8708 -13800 2477 -4448 1817 11251 0 0 0 0 1 1 202 515 
-6453 -13555 3366 -3515 113 8590 0 0 0 0 1 -16 203 530 
-4502 -13113 3508 -2712 -294 6811 0 0 0 0 1 -31 190 534 
-3445 -12667 3518 -1413 -239 4232 0 0 0 0 1 -61 176 544 
-1958 -11018 3434 -591 -235 2596 0 0 0 0 1 -60 187 541 
-1477 -10013 3326 711 -421 -166 0 0 0 0 1 -69 182 543 
-1084 -8109 3274 1220 -502 -1720 0 0 0 0 1 -56 193 535 
-1175 -7112 3198 1348 -752 -2620 0 0 0 0 1 -56 193 535 
-1226 -6250 3105 1305 -1205 -3742 0 0 0 0 1 -56 183 530 
-1290 -4744 2678 1140 -1485 -4593 0 0 0 0 1 -50 197 536 
-1391 -4102 2444 1035 -1549 -5076 0 0 0 0 1 -37 206 528 
-1556 -3542 2205 903 -1539 -5764 0 0 0 0 1 -33 206 533 
-1817 -2817 1873 826 -1525 -6201 0 0 0 0 1 -21 201 530 
-2051 -2386 1650 753 -1590 -6876 0 0 0 0 1 -3 209 527 
-2344 -1855 1338 739 -1678 -7321 0 0 0 0 1 1 190 534 
-2461 -1598 1170 801 -1850 -7818 0 0 0 0 1 27 187 524 
-2456 -1337 844 989 -1938 -8020 0 0 0 0 1 34 195 529 
-2552 -1261 644 1161 -1795 -8050 0 0 0 0 1 61 181 516 
-2715 -1179 544 1467 -1353 -7999 0 0 0 0 1 70 166 535 
-2897 -1159 322 1696 -1037 -7872 0 0 0 0 1 76 168 529 
-2929 -1181 214 2030 -654 -7598 0 0 0 0 1 80 157 523 
-3396 -1182 82 2230 -327 -7433 0 0 0 0 1 99 144 528 
-3705 -1222 -65 2309 -324 -7454 0 0 0 0 1 132 134 509 
-3977 -1188 -245 2384 -505 -7737 0 0 0 0 1 134 120 507 
-4383 -1205 -701 2534 -564 -8244 0 0 0 0 1 155 105 512 
-4469 -1269 -954 2747 -403 -8582 0 0 0 0 1 154 99 508 
-4535 -1314 -1160 3194 94 -8941 0 0 0 0 1 156 65 504 
-4426 -1386 -1247 3713 365 -8972 0 0 0 0 1 178 45 497 
-4298 -1525 -1325 4005 342 -8859 0 0 0 0 1 181 41 486 
-4275 -1640 -1388 4309 246 -8633 0 0 0 0 1 176 2 498 
-4358 -1759 -1481 4441 273 -8521 0 0 0 0 1 185 -6 483 
-4659 -1939 -1629 4599 558 -8458 0 0 0 0 1 176 -19 486 
-4814 -2172 -1753 4699 855 -8457 0 0 0 0 1 187 -38 497 
-4917 -2301 -1815 4816 1080 -8502 0 0 0 0 1 175 -42 480 
-4875 -2439 -1863 4831 745 -8508 0 0 0 0 1 187 -69 485 
-4831 -2556 -1989 4778 182 -8414 0 0 0 0 1 156 -101 490 
-4869 -2603 -2263 4789 67 -8238 0 0 0 0 1 151 -80 498 
-4872 -2716 -2312 4907 694 -7814 0 0 0 0 1 145 -101 499 
-5244 -2935 -2104 5045 1385 -7495 0 0 0 0 1 139 -107 502 
-5256 -3048 -1899 5210 2232 -6984 0 0 0 0 1 133 -104 497 
-5234 -3128 -1634 5179 2129 -6482 0 0 0 0 1 135 -101 504 
-4980 -3144 -1524 5045 1388 -6174 0 0 0 0 1 133 -121 497 
-4979 -3174 -1701 4791 290 -5914 0 0 0 0 1 109 -121 506 
-5337 -3093 -2121 4629 386 -5957 0 0 0 0 1 115 -110 512 
-5573 -3039 -2290 4638 1170 -6092 0 0 0 0 1 108 -120 509 
-5587 -2796 -2444 4693 1417 -6035 0 0 0 0 1 112 -99 527 
-5411 -2687 -2272 4596 1024 -5498 0 0 0 0 1 103 -100 519 
-4855 -2449 -1731 4100 15 -4515 0 0 0 0 1 112 -89 522 
-4784 -2359 -1575 3595 -620 -3819 0 0 0 0 1 97 -84 536 
-4746 -2246 -1490 2782 -1041 -2964 0 0 0 0 1 94 -83 530 
-4900 -2178 -1549 2330 -1087 -2633 0 0 0 0 1 89 -90 535 
-5043 -2018 -1645 1858 -949 -2471 0 0 0 0 1 89 -78 533 
-5024 -1826 -1668 1576 -681 -2448 0 0 0 0 1 94 -78 535 
-4805 -1558 -1602 1393 -589 -2320 0 0 0 0 1 93 -72 548 
-4466 -1319 -1492 1280 -710 -2099 0 0 0 0 1 100 -72 543 
-4223 -1174 -1396 1124 -953 -1567 0 0 0 0 1 99 -68 535 
-4093 -996 -1270 970 -1061 -992 0 0 0 0 1 109 -67 548 
-4091 -857 -1226 875 -1039 -649 0 0 0 0 1 95 -62 543 
-4087 -764 -1209 699 -811 -231 0 0 0 0 1 94 -58 540 
-4059 -651 -1139 557 -588 -30 0 0 0 0 1 94 -58 544 
-3985 -520 -1138 337 -301 177 0 0 0 0 1 100 -60 548 
-3965 -469 -1170 154 -60 296 0 0 0 0 1 96 -61 542 
-3947 -424 -1212 67 91 365 0 0 0 0 1 100 -60 557 
-3870 -386 -1246 -53 223 518 0 0 0 0 1 90 -60 557 
-3811 -346 -1209 -165 190 696 0 0 0 0 1 94 -68 551 
-3759 -331 -1160 -411 -22 1081 0 0 0 0 1 87 -66 554 
-3718 -335 -1039 -660 -144 1377 0 0 0 0 1 100 -60 548 
-3723 -343 -987 -1099 -254 1798 0 0 0 0 1 82 -63 551 
-3913 -386 -1046 -1391 -330 2005 0 0 0 0 1 83 -62 548 
-3981 -406 -1090 -1764 -511 2187 0 0 0 0 1 68 -66 547 
-4192 -424 -1198 -2064 -671 2253 0 0 0 0 1 69 -69 555 
-4338 -361 -1236 -2269 -780 2291 0 0 0 0 1 71 -82 550 
-4434 -305 -1239 -2589 -1069 2433 0 0 0 0 1 49 -80 549 
-4641 -79 -1251 -2873 -1380 2769 0 0 0 0 1 66 -93 556 
-5094 79 -1355 -2953 -1333 3074 0 0 0 0 1 47 -93 547 
-6037 92 -1562 -2839 -713 3504 0 0 0 0 1 50 -104 548 
-6822 -44 -1896 -2434 -192 3943 0 0 0 0 1 37 -120 554 
-7648 -270 -2801 -2133 -541 4382 0 0 0 0 1 51 -115 551 
-8207 -352 -3173 -2060 -2009 5276 0 0 0 0 1 43 -126 545 
-9311 -1261 -3332 -2297 -2605 6001 0 0 0 0 1 47 -112 551 
-10354 -1937 -3995 -2643 -1536 7230 0 0 0 0 1 57 -116 559 
-11416 -3194 -5402 -2990 1211 9021 0 0 0 0 1 75 -115 542 
-12100 -4713 -5672 -3639 2569 10502 0 0 0 0 1 99 -120 535 
-12835 -5765 -5289 -5330 1925 12579 0 0 0 0 1 102 -109 527 
-14352 -6893 -5406 -7082 822 14259 0 0 0 0 1 121 -109 513 
-15891 -7825 -5698 -7987 1229 15226 0 0 0 0 1 134 -88 516 
-17090 -8366 -5891 -8762 2502 16336 0 0 0 0 1 162 -71 509 
-18636 -8889 -6079 -8903 3284 17043 0 0 0 0 1 174 -49 493 
-19494 -9179 -5526 -8993 4286 17826 0 0 0 0 1 189 30 462 
-20663 -9314 -4812 -9090 2674 18197 0 0 0 0 1 201 65 450 
-20893 -8819 -4540 -8743 959 17866 0 0 0 0 1 184 93 456 
-21068 -8570 -4556 -8206 566 17233 0 0 0 0 1 158 125 470 
-19526 -9753 -3670 -6904 -109 16784 0 0 0 0 1 129 157 491 
-16526 -11441 -3239 -5528 -86 16692 0 0 0 0 1 106 183 502 
-14320 -12296 -2882 -3312 1580 15576 0 0 0 0 1 31 202 522 
-10779 -12445 -359 -2367 2330 13882 0 0 0 0 1 -1 204 515 
-7189 -12491 2015 -1458 1181 10707 0 0 0 0 1 -12 219 524 
-5212 -12386 2586 -682 -250 7696 0 0 0 0 1 -38 212 520 
-2967 -11960 2856 -265 -444 6005 0 0 0 0 1 -56 218 519 
-1995 -11467 3086 192 -402 3786 0 0 0 0 1 -62 207 534 
-1441 -10370 2815 513 -494 2370 0 0 0 0 1 -66 208 530 
-1116 -9410 2721 941 -305 495 0 0 0 0 1 -79 222 529 
-761 -7890 2629 1131 -193 -495 0 0 0 0 1 -82 213 523 
-764 -6847 2615 1229 -496 -1623 0 0 0 0 1 -68 213 519 
-960 -5466 2632 1170 -893 -2165 0 0 0 0 1 -77 215 514 
-1191 -4679 2578 918 -1358 -2801 0 0 0 0 1 -56 228 514 
-1393 -3582 2477 636 -1469 -3153 0 0 0 0 1 -70 228 500 
-1316 -2813 2272 153 -1444 -3515 0 0 0 0 1 -64 231 508 
-1197 -2222 2040 -153 -1298 -3696 0 0 0 0 1 -57 236 506 
-1233 -1878 1855 -497 -1002 -4014 0 0 0 0 1 -47 228 502 
-1373 -1577 1628 -656 -867 -4495 0 0 0 0 1 -37 228 509 
-1603 -1292 1420 -683 -847 -4907 0 0 0 0 1 -17 209 518 
-1744 -1120 1328 -649 -931 -5541 0 0 0 0 1 -8 219 511 
-1866 -925 1159 -506 -1056 -6037 0 0 0 0 1 8 209 518 
-1849 -860 1081 -383 -969 -6260 0 0 0 0 1 20 204 511 
-1934 -743 1031 -217 -471 -6542 0 0 0 0 1 28 201 526 
-2215 -585 965 -91 127 -6891 0 0 0 0 1 42 188 514 
-2509 -559 946 -63 429 -7170 0 0 0 0 1 67 180 527 
-2750 -552 970 -163 652 -7614 0 0 0 0 1 93 145 534 
-2890 -666 848 -278 655 -7870 0 0 0 0 1 120 152 521 
-3026 -714 769 -443 471 -8152 0 0 0 0 1 127 125 530 
-3049 -870 630 -486 185 -8293 0 0 0 0 1 133 104 529 
-3146 -925 504 -402 -68 -8333 0 0 0 0 1 154 77 527 
-3126 -936 287 -76 -244 -8287 0 0 0 0 1 156 72 524 
-3098 -1210 105 463 4 -8202 0 0 0 0 1 155 39 530 
-3338 -1382 -66 950 402 -8313 0 0 0 0 1 167 4 528 
-4043 -1497 -374 1835 1424 -8766 0 0 0 0 1 161 -18 515 
-4216 -1613 -467 2467 2323 -9078 0 0 0 0 1 171 -20 513 
-4060 -1765 -432 3308 3431 -9325 0 0 0 0 1 166 -50 513 
-4054 -1866 -514 3955 3546 -9380 0 0 0 0 1 169 -78 498 
-4330 -2069 -725 4273 3120 -9421 0 0 0 0 1 167 -83 486 
-4344 -2189 -876 4620 2307 -9382 0 0 0 0 1 162 -105 481 
-4154 -2543 -1070 4815 1826 -9201 0 0 0 0 1 142 -126 499 
-4024 -2786 -1290 5170 1199 -8676 0 0 0 0 1 139 -134 502 
-4043 -3094 -1584 5618 897 -8158 0 0 0 0 1 129 -149 491 
-4363 -3378 -1920 6218 884 -8103 0 0 0 0 1 113 -147 495 
-5289 -3655 -2015 6614 1004 -8446 0 0 0 0 1 96 -144 521 
-5661 -3763 -1811 7016 1334 -9214 0 0 0 0 1 88 -150 522 
-5763 -3675 -1687 7122 1440 -9565 0 0 0 0 1 67 -131 536 
-4902 -3552 -1686 6945 1731 -9239 0 0 0 0 1 61 -134 544 
-4354 -3502 -2090 6599 2335 -8021 0 0 0 0 1 55 -118 538 
-4364 -3379 -2372 6402 2857 -7081 0 0 0 0 1 55 -111 545 
-4493 -3448 -2428 6142 3330 -5958 0 0 0 0 1 57 -106 550 
-5090 -3653 -2071 5881 2917 -5581 0 0 0 0 1 50 -87 543 
-5232 -3555 -1537 5141 1117 -5281 0 0 0 0 1 69 -72 548 
-5140 -3341 -958 3856 -298 -4893 0 0 0 0 1 67 -52 555 
-5116 -3142 -812 2462 -236 -4309 0 0 0 0 1 63 -56 549 
-5000 -2975 -922 1774 216 -3869 0 0 0 0 1 67 -57 555 
-4952 -2886 -1030 1236 659 -3303 0 0 0 0 1 55 -55 573 
-4955 -2707 -1012 1092 543 -2991 0 0 0 0 1 81 -55 552 
-4910 -2465 -778 968 -44 -2478 0 0 0 0 1 70 -46 554 
-4827 -2202 -590 819 -442 -1862 0 0 0 0 1 83 -47 552 
-4700 -1826 -485 735 -414 -1445 0 0 0 0 1 77 -63 556 
-4675 -1654 -450 679 6 -915 0 0 0 0 1 76 -45 536 
-4584 -1369 -510 706 488 -534 0 0 0 0 1 88 -42 550 
-4548 -1329 -509 710 630 -352 0 0 0 0 1 75 -46 549 
-4446 -1169 -502 642 352 -134 0 0 0 0 1 88 -50 548 
-4327 -893 -579 531 23 20 0 0 0 0 1 90 -38 552 
-4216 -749 -618 276 -293 350 0 0 0 0 1 94 -49 544 
-4132 -563 -679 52 -271 618 0 0 0 0 1 87 -39 554 
-4153 -492 -693 -321 -31 984 0 0 0 0 1 87 -34 547 
-4225 -491 -631 -707 14 1247 0 0 0 0 1 88 -38 545 
-4208 -459 -713 -936 -258 1406 0 0 0 0 1 82 -34 547 
-4214 -400 -807 -1228 -757 1653 0 0 0 0 1 82 -46 556 
-4147 -396 -899 -1394 -904 1881 0 0 0 0 1 89 -44 554 
-4079 -383 -950 -1619 -803 2323 0 0 0 0 1 67 -45 552 
-4053 -413 -941 -1839 -543 2776 0 0 0 0 1 64 -47 543 
-4101 -518 -893 -1973 -441 3022 0 0 0 0 1 63 -56 558 
-4107 -579 -879 -2152 -492 3301 0 0 0 0 1 63 -63 556 
-4129 -676 -994 -2218 -631 3427 0 0 0 0 1 64 -57 564 
-4183 -700 -1117 -2247 -790 3523 0 0 0 0 1 60 -67 557 
-4244 -731 -1118 -2323 -621 3536 0 0 0 0 1 54 -73 561 
-4197 -713 -840 -2537 -113 3559 0 0 0 0 1 50 -72 562 
-4039 -744 -739 -2690 247 3591 0 0 0 0 1 56 -76 558 
-3937 -784 -886 -2801 582 3686 0 0 0 0 1 60 -84 562 
-3824 -880 -1154 -2806 615 3750 0 0 0 0 1 64 -91 552 
-3973 -1032 -1423 -2738 399 3723 0 0 0 0 1 68 -98 549 
-4224 -1166 -1562 -2647 -186 3462 0 0 0 0 1 63 -98 554 
-4720 -1578 -1895 -2574 -625 3206 0 0 0 0 1 63 -100 542 
-4864 -1652 -2034 -2416 -1161 2831 0 0 0 0 1 71 -116 545 
-5137 -1877 -2344 -2283 -1862 2683 0 0 0 0 1 67 -109 541 
-5649 -1937 -2780 -2304 -3067 2721 0 0 0 0 1 74 -116 550 
-6401 -2194 -3276 -2429 -3971 2946 0 0 0 0 1 56 -130 540 
-6833 -2465 -3555 -2763 -4806 3880 0 0 0 0 1 62 -126 550 
-7958 -3109 -4202 -2935 -4756 5011 0 0 0 0 1 49 -125 558 
-9485 -3834 -5156 -2860 -3231 7531 0 0 0 0 1 49 -127 549 
-10555 -4463 -5412 -2691 -795 10344 0 0 0 0 1 56 -142 565 
-12423 -5399 -5553 -2827 994 12904 0 0 0 0 1 76 -128 552 
-13253 -6637 -4834 -3200 2092 14698 0 0 0 0 1 96 -115 540 
-14024 -7427 -4339 -4066 3080 17083 0 0 0 0 1 138 -60 515 
-15884 -8295 -3443 -5111 3322 18485 0 0 0 0 1 147 -40 515 
-17753 -8965 -2840 -5734 3219 18960 0 0 0 0 1 169 7 509 
-19263 -9574 -2394 -6553 3378 18728 0 0 0 0 1 168 35 504 
-19511 -9607 -870 -7314 2565 18481 0 0 0 0 1 162 85 500 
-19094 -9458 -392 -7343 1509 18373 0 0 0 0 1 143 100 500 
-18432 -9723 -249 -6078 179 17767 0 0 0 0 1 123 126 506 
-16705 -11031 -939 -3457 426 16420 0 0 0 0 1 67 172 527 
-13857 -12933 -995 -1658 1985 15192 0 0 0 0 1 36 190 527 
-10112 -13563 2532 -656 4350 12791 0 0 0 0 1 15 195 522 
-6887 -13360 5194 -901 3193 9814 0 0 0 0 1 -4 206 530 
-1586 -4236 2038 2954 -912 -5521 0 0 0 0 1 -30 225 502 
-1814 -3276 2303 2793 -907 -6002 0 0 0 0 1 -1 239 490 
-1798 -2789 2462 2099 -1435 -6435 0 0 0 0 1 15 236 480 
-1998 -2198 2439 1498 -1949 -6671 0 0 0 0 1 27 241 469 
-2214 -1810 2046 675 -2578 -7028 0 0 0 0 1 42 237 486 
-2368 -1691 1687 148 -2949 -7421 0 0 0 0 1 64 224 478 
-2985 -1568 857 10 -3247 -7888 0 0 0 0 1 71 212 483 
-3091 -1558 662 89 -3289 -8180 0 0 0 0 1 96 188 495 
-3370 -1609 229 367 -2827 -8623 0 0 0 0 1 106 171 500 
-3791 -1632 -132 641 -2186 -8958 0 0 0 0 1 115 152 500 
-4118 -1697 -213 1078 -852 -9497 0 0 0 0 1 135 145 499 
-4545 -1732 -418 1540 323 -10124 0 0 0 0 1 143 115 502 
-4698 -1681 -511 1890 745 -10597 0 0 0 0 1 162 98 495 
-4986 -1759 -534 2385 871 -11143 0 0 0 0 1 175 82 504 
-4784 -1994 -675 2680 502 -11195 0 0 0 0 1 189 15 494 
-4438 -2126 -834 3039 -453 -10708 0 0 0 0 1 195 0 488 
-4174 -2524 -1050 3218 -915 -10160 0 0 0 0 1 179 -26 495 
-4348 -2819 -1379 3473 -792 -9357 0 0 0 0 1 181 -34 502 
-4613 -3050 -1660 3880 205 -8826 0 0 0 0 1 176 -68 486 
-5303 -3231 -1996 4257 1131 -8735 0 0 0 0 1 176 -73 493 
-5565 -3355 -2112 4928 2407 -8812 0 0 0 0 1 160 -98 500 
-5471 -3408 -2162 5365 2882 -8858 0 0 0 0 1 162 -98 488 
-5154 -3336 -2127 5819 2768 -8717 0 0 0 0 1 152 -128 485 
-4452 -3380 -2062 5987 1752 -8193 0 0 0 0 1 149 -128 497 
-4373 -3533 -2149 5956 969 -7792 0 0 0 0 1 133 -131 501 
-4540 -3679 -2259 5823 312 -7284 0 0 0 0 1 121 -126 508 
-5310 -3842 -2515 5743 469 -7126 0 0 0 0 1 116 -133 506 
-5551 -3818 -2541 5658 1487 -6998 0 0 0 0 1 106 -120 509 
-5670 -3652 -2433 5525 2159 -6793 0 0 0 0 1 88 -128 513 
-5443 -3524 -1909 5244 1649 -6506 0 0 0 0 1 93 -118 518 
-5344 -3441 -1586 4415 -479 -5925 0 0 0 0 1 90 -114 524 
-5453 -3277 -1439 3696 -1774 -5533 0 0 0 0 1 74 -114 529 
-5973 -3089 -1657 2764 -1995 -5062 0 0 0 0 1 69 -109 543 
-6260 -2862 -1722 2257 -432 -4676 0 0 0 0 1 71 -101 552 
-6325 -2343 -1638 2138 690 -4381 0 0 0 0 1 61 -95 547 
-6145 -2042 -1532 2114 1367 -3766 0 0 0 0 1 41 -106 550 
-5778 -1623 -1154 1982 712 -3010 0 0 0 0 1 56 -88 556 
-5430 -1307 -992 1820 -93 -2473 0 0 0 0 1 53 -84 545 
-5309 -1131 -932 1486 -969 -1744 0 0 0 0 1 60 -101 557 
-5186 -877 -992 1137 -966 -1194 0 0 0 0 1 47 -88 561 
-5148 -662 -1062 945 -499 -958 0 0 0 0 1 44 -85 540 
-5116 -556 -1121 783 368 -757 0 0 0 0 1 58 -88 561 
-4926 -297 -1221 742 913 -604 0 0 0 0 1 54 -80 551 
-4792 -191 -1182 726 1021 -459 0 0 0 0 1 58 -63 544 
-4650 -92 -1146 676 730 -123 0 0 0 0 1 60 -67 555 
-4546 -2 -1201 617 330 147 0 0 0 0 1 63 -66 549 
-4559 38 -1218 463 -100 552 0 0 0 0 1 71 -65 550 
-4573 -25 -1168 287 -110 829 0 0 0 0 1 57 -65 552 
-4573 -85 -1200 -54 102 1249 0 0 0 0 1 51 -68 554 
-4558 -135 -1296 -312 251 1522 0 0 0 0 1 64 -67 543 
-4550 -198 -1352 -716 330 1910 0 0 0 0 1 66 -66 561 
-4573 -245 -1450 -985 285 2148 0 0 0 0 1 55 -67 552 
-4536 -329 -1442 -1390 137 2502 0 0 0 0 1 58 -66 549 
-4488 -417 -1353 -1791 -110 2820 0 0 0 0 1 63 -76 542 
-4409 -469 -1344 -2019 -338 3031 0 0 0 0 1 58 -73 544 
-4342 -473 -1368 -2293 -633 3345 0 0 0 0 1 62 -74 562 
-4428 -430 -1466 -2464 -763 3555 0 0 0 0 1 63 -85 544 
-4444 -419 -1469 -2554 -738 3636 0 0 0 0 1 61 -83 544 
-4535 -421 -1457 -2682 -588 3693 0 0 0 0 1 62 -96 555 
-4669 -493 -1411 -2759 -561 3732 0 0 0 0 1 67 -91 552 
-4714 -586 -1347 -2857 -656 3859 0 0 0 0 1 66 -95 549 
-4844 -615 -1407 -2900 -888 3965 0 0 0 0 1 75 -95 554 
-5019 -614 -1479 -2849 -1127 4012 0 0 0 0 1 67 -111 541 
-5332 -666 -1543 -2718 -1240 3983 0 0 0 0 1 86 -126 552 
-5701 -726 -1437 -2458 -1291 3781 0 0 0 0 1 74 -116 550 
-6258 -1088 -1581 -2175 -1332 3602 0 0 0 0 1 64 -126 543 
-6555 -1542 -1975 -1488 -1426 3424 0 0 0 0 1 66 -117 540 
-6687 -2262 -2733 -578 -1272 3561 0 0 0 0 1 79 -126 531 
-6841 -2952 -3429 2 -886 3853 0 0 0 0 1 80 -110 547 
-7455 -4115 -3447 432 -53 4519 0 0 0 0 1 81 -101 550 
-7916 -4833 -3296 -103 235 5583 0 0 0 0 1 93 -91 548 
-9299 -5847 -2742 -1091 410 6479 0 0 0 0 1 104 -91 541 
-10173 -6531 -2608 -2979 1294 8439 0 0 0 0 1 112 -84 543 
-11046 -7171 -2798 -4142 2063 10160 0 0 0 0 1 120 -76 533 
-11442 -7943 -3174 -5431 2663 13363 0 0 0 0 1 146 -44 521 
-12425 -8125 -2972 -6061 3234 16223 0 0 0 0 1 160 -31 521 
-14227 -8775 -2320 -6207 3618 17583 0 0 0 0 1 167 -12 509 
-15480 -8926 -1820 -6379 3736 18619 0 0 0 0 1 169 63 495 
-16053 -8633 -1215 -6648 4669 18737 0 0 0 0 1 158 107 484 
-15753 -8087 -660 -6843 5502 18393 0 0 0 0 1 146 132 470 
-14901 -8561 -826 -6762 4515 17788 0 0 0 0 1 122 159 472 
-12920 -9933 -655 -6145 2925 16552 0 0 0 0 1 108 176 481 
-11656 -11021 -65 -5794 2328 15172 0 0 0 0 1 71 195 494 
-9658 -11987 1435 -5874 2170 12771 0 0 0 0 1 21 201 512 
-6621 -12537 2917 -5890 1362 11069 0 0 0 0 1 -14 196 540 
-4686 -12560 2953 -5106 207 8392 0 0 0 0 1 -21 186 547 
-2876 -12453 2264 -3481 387 5349 0 0 0 0 1 -31 182 552 
-2167 -11823 1980 -2340 1060 3343 0 0 0 0 1 -33 159 558 
-1532 -11170 2211 -959 1581 1006 0 0 0 0 1 -43 155 557 
-1331 -9563 2563 -36 1301 -574 0 0 0 0 1 -35 157 563 
-1036 -8071 3002 351 1184 -1235 0 0 0 0 1 -27 165 564 
-1017 -7206 3109 758 957 -1856 0 0 0 0 1 -24 153 564 
-1274 -5966 2766 995 688 -2164 0 0 0 0 1 -11 166 558 
-1542 -5231 2537 1242 518 -2661 0 0 0 0 1 -10 153 559 
-1833 -4357 2464 1261 521 -3274 0 0 0 0 1 10 172 545 
-1795 -3501 2499 897 323 -4146 0 0 0 0 1 21 157 556 
-1628 -2951 2386 665 336 -4596 0 0 0 0 1 25 159 549 
-1614 -2648 2133 465 352 -5283 0 0 0 0 1 40 166 549 
-1593 -2198 1644 573 173 -5814 0 0 0 0 1 49 157 542 
-1583 -1914 1278 819 1 -6049 0 0 0 0 1 60 155 548 
-1699 -1614 937 1325 -105 -6341 0 0 0 0 1 82 142 535 
-1994 -1358 593 1705 -51 -6558 0 0 0 0 1 79 141 534 
-2187 -1256 437 2206 307 -6927 0 0 0 0 1 108 134 530 
-2539 -1088 747 2336 700 -7200 0 0 0 0 1 115 122 533 
-2656 -1063 935 2245 917 -7510 0 0 0 0 1 134 110 521 
-2948 -946 897 2084 775 -7742 0 0 0 0 1 146 103 514 
-3207 -879 738 1852 640 -8174 0 0 0 0 1 154 82 522 
-3277 -903 267 1902 725 -8529 0 0 0 0 1 168 84 513 
-3380 -947 -161 2128 897 -8725 0 0 0 0 1 180 33 506 
-3420 -1003 -411 2681 1051 -8835 0 0 0 0 1 178 20 499 
-3147 -1105 -857 3381 933 -8530 0 0 0 0 1 189 -3 494 
-3067 -1229 -991 3833 876 -8142 0 0 0 0 1 186 -14 495 
-3221 -1329 -1134 4401 1114 -7602 0 0 0 0 1 188 -31 493 
-3570 -1503 -1298 4818 1802 -7243 0 0 0 0 1 195 -49 493 
-3728 -1809 -1314 5009 2269 -7108 0 0 0 0 1 179 -76 491 
-4240 -1952 -1453 5259 2546 -7316 0 0 0 0 1 182 -72 480 
-4764 -2065 -1394 5370 2261 -7790 0 0 0 0 1 176 -100 472 
-4694 -2226 -1404 5333 1632 -8046 0 0 0 0 1 175 -101 480 
-4611 -2238 -1479 5086 479 -8199 0 0 0 0 1 168 -109 478 
-4083 -2246 -1699 4764 -199 -7896 0 0 0 0 1 161 -114 485 
-4032 -2237 -2015 4687 -119 -7479 0 0 0 0 1 126 -138 494 
-4000 -2255 -2241 4869 990 -6686 0 0 0 0 1 115 -142 498 
-4435 -2499 -2243 5260 2493 -6056 0 0 0 0 1 122 -142 502 
-4962 -2520 -2250 5574 2927 -5932 0 0 0 0 1 110 -130 505 
-5153 -2528 -2023 5819 2734 -5999 0 0 0 0 1 114 -133 513 
-4955 -2597 -1631 5658 1633 -5997 0 0 0 0 1 115 -130 502 
-4615 -2457 -1691 5395 647 -5898 0 0 0 0 1 92 -122 514 
-4366 -2416 -1751 4872 -149 -5595 0 0 0 0 1 89 -112 514 
-4574 -2475 -1975 4569 30 -5392 0 0 0 0 1 84 -112 535 
-4986 -2510 -2022 4269 984 -5243 0 0 0 0 1 80 -110 533 
-5183 -2461 -2093 4144 1794 -5127 0 0 0 0 1 83 -104 538 
-5175 -2240 -1805 4031 1909 -4947 0 0 0 0 1 84 -110 528 
-4924 -2119 -1574 3676 1166 -4343 0 0 0 0 1 76 -96 543 
-4549 -1903 -1191 3042 -13 -3511 0 0 0 0 1 77 -83 530 
-4450 -1754 -1158 2607 -574 -3001 0 0 0 0 1 76 -82 541 
-4671 -1651 -1258 2128 -654 -2510 0 0 0 0 1 75 -80 540 
-4910 -1534 -1376 1879 -46 -2274 0 0 0 0 1 66 -68 549 
-4962 -1266 -1436 1799 385 -2168 0 0 0 0 1 74 -82 541 
-4753 -1026 -1305 1683 773 -1886 0 0 0 0 1 75 -63 547 
-4507 -883 -1202 1491 656 -1380 0 0 0 0 1 75 -61 544 
-4289 -725 -1146 1324 373 -986 0 0 0 0 1 63 -56 535 
-4227 -663 -1103 1032 16 -460 0 0 0 0 1 68 -58 535 
-4265 -661 -1039 749 -45 -102 0 0 0 0 1 87 -44 554 
-4381 -720 -1016 591 35 23 0 0 0 0 1 79 -45 545 
-4471 -731 -970 407 125 68 0 0 0 0 1 89 -63 537 
-4604 -757 -967 308 41 79 0 0 0 0 1 79 -45 541 
-4678 -739 -1075 170 -71 194 0 0 0 0 1 81 -62 545 
-4685 -709 -1074 -25 133 466 0 0 0 0 1 82 -49 542 
-4636 -724 -1042 -178 308 756 0 0 0 0 1 88 -60 550 
-4595 -791 -984 -476 414 1309 0 0 0 0 1 77 -44 537 
-4626 -780 -992 -706 277 1688 0 0 0 0 1 79 -55 538 
-4595 -815 -1021 -1072 -160 2240 0 0 0 0 1 75 -53 549 
-4402 -751 -1068 -1449 -757 2759 0 0 0 0 1 82 -56 551 
-4268 -640 -1322 -1644 -1101 3039 0 0 0 0 1 71 -67 548 
-4282 -608 -1539 -1787 -1310 3285 0 0 0 0 1 64 -62 548 
-4513 -663 -1831 -1806 -1231 3312 0 0 0 0 1 62 -65 550 
-4711 -766 -2102 -1796 -1071 3285 0 0 0 0 1 75 -61 556 
-4958 -1045 -2323 -1810 -781 3263 0 0 0 0 1 67 -62 552 
-4985 -1222 -2585 -1836 -687 3432 0 0 0 0 1 63 -83 565 
-5003 -1429 -3072 -1857 -735 3647 0 0 0 0 1 63 -73 563 
-5240 -1902 -3212 -1981 -1003 4078 0 0 0 0 1 79 -79 564 
-5620 -2163 -3166 -2338 -1343 4566 0 0 0 0 1 56 -71 561 
-6588 -2786 -3233 -2638 -1303 4875 0 0 0 0 1 66 -78 563 
-7615 -3755 -3887 -3006 -774 5434 0 0 0 0 1 69 -72 564 
-8496 -4564 -4675 -3258 101 6224 0 0 0 0 1 66 -88 561 
-9387 -5710 -4944 -3805 814 7227 0 0 0 0 1 74 -77 566 
-10455 -6340 -4011 -5835 1657 9761 0 0 0 0 1 87 -93 556 
-10868 -6790 -3910 -8160 2292 13410 0 0 0 0 1 120 -98 540 
-12321 -7281 -4418 -9218 2489 15874 0 0 0 0 1 125 -76 528 
-14388 -7952 -4934 -10212 3721 17995 0 0 0 0 1 156 -72 513 
-17244 -8572 -5435 -11415 5300 18300 0 0 0 0 1 192 -20 478 
-18346 -9060 -6012 -12249 5564 18367 0 0 0 0 1 193 14 456 
-19189 -9110 -5369 -13366 4500 18204 0 0 0 0 1 202 44 458 
-19670 -8322 -5454 -13492 1258 17635 0 0 0 0 1 182 69 459 
-19764 -7955 -5413 -12756 -438 16789 0 0 0 0 1 178 99 471 
-19086 -8352 -5190 -10384 -2426 15546 0 0 0 0 1 148 107 488 
-16480 -9784 -5450 -6626 -2904 15292 0 0 0 0 1 134 117 516 
-13009 -11490 -4778 -4050 -1455 15335 0 0 0 0 1 73 147 537 
-11242 -11952 -2965 -1622 1498 14083 0 0 0 0 1 48 165 541 
-9011 -11579 934 -1212 1706 12141 0 0 0 0 1 16 176 540 
-6442 -11909 2432 -1171 -196 8982 0 0 0 0 1 0 179 537 
-4605 -12002 2558 -1057 -1027 6580 0 0 0 0 1 -16 179 533 
-3342 -11517 2231 -669 -1006 4455 0 0 0 0 1 -50 175 552 
-2300 -10525 1846 -237 -1056 3132 0 0 0 0 1 -50 170 548 
-1548 -9370 1739 522 -1005 1416 0 0 0 0 1 -54 164 556 
-1180 -8655 1798 1166 -682 114 0 0 0 0 1 -64 172 543 
-1131 -7519 2180 1370 -576 -695 0 0 0 0 1 -60 182 545 
-1179 -6728 2371 1323 -851 -1896 0 0 0 0 1 -67 182 545 
-1246 -5624 2440 1163 -1110 -2673 0 0 0 0 1 -56 183 540 
-1399 -4921 2269 934 -1310 -3807 0 0 0 0 1 -51 193 540 
-1567 -4060 2053 802 -1310 -4801 0 0 0 0 1 -38 187 536 
-1784 -3362 1860 743 -1283 -5398 0 0 0 0 1 -38 199 531 
-1949 -2898 1818 611 -1207 -6171 0 0 0 0 1 -27 195 531 
-1982 -2379 1692 541 -1487 -6609 0 0 0 0 1 -9 196 526 
-1936 -1942 1348 614 -1923 -6664 0 0 0 0 1 -1 190 515 
-2165 -1692 942 915 -2274 -6687 0 0 0 0 1 24 195 529 
-2492 -1583 741 1354 -1893 -6992 0 0 0 0 1 24 182 529 
-3034 -1423 498 1679 -1449 -7368 0 0 0 0 1 37 193 526 
-3360 -1292 433 2069 -793 -8014 0 0 0 0 1 57 190 531 
-3614 -1185 334 2364 -378 -8732 0 0 0 0 1 73 183 519 
-4086 -1006 50 2557 -237 -9216 0 0 0 0 1 79 158 518 
-4203 -1017 -110 2863 -121 -9746 0 0 0 0 1 103 157 514 
-4172 -1079 -195 3087 -364 -9809 0 0 0 0 1 138 126 508 
-4053 -1409 -359 3185 -1014 -9576 0 0 0 0 1 149 121 506 
-4047 -1482 -659 3383 -2354 -8996 0 0 0 0 1 148 93 500 
-4320 -1683 -918 3508 -2699 -8670 0 0 0 0 1 165 76 502 
-4836 -1773 -1098 3719 -1816 -8537 0 0 0 0 1 169 68 509 
-5501 -1748 -1379 4081 -109 -8782 0 0 0 0 1 162 63 507 
-5935 -1464 -1558 4557 1047 -9232 0 0 0 0 1 172 34 500 
-5863 -1514 -1523 4806 1181 -9458 0 0 0 0 1 180 18 497 
-5573 -1587 -1391 4863 398 -9523 0 0 0 0 1 180 -3 494 
-4681 -1790 -1401 4551 -979 -9210 0 0 0 0 1 182 -28 487 
-4433 -1955 -1505 4273 -1789 -8862 0 0 0 0 1 173 -30 492 
-4599 -2074 -1738 3988 -2212 -8490 0 0 0 0 1 166 -50 501 
-5307 -2276 -2089 3978 -1751 -8466 0 0 0 0 1 142 -74 508 
-5867 -2309 -2096 4194 -288 -8676 0 0 0 0 1 136 -83 516 
-5768 -2352 -1891 4458 943 -8787 0 0 0 0 1 127 -88 521 
-5629 -2322 -1626 4522 573 -8734 0 0 0 0 1 115 -88 523 
-5525 -2108 -1322 4336 -576 -8591 0 0 0 0 1 117 -90 526 
-5652 -2217 -1286 3837 -2367 -8144 0 0 0 0 1 77 -95 540 
-5547 -2249 -1149 3327 -2769 -7183 0 0 0 0 1 77 -100 551 
-5760 -2311 -871 3118 -2274 -6406 0 0 0 0 1 62 -99 548 
-5740 -2618 -439 3015 -1323 -5221 0 0 0 0 1 51 -98 549 
-6075 -2374 -214 2914 -1327 -4518 0 0 0 0 1 35 -85 554 
-6261 -2129 -7 2725 -1800 -4314 0 0 0 0 1 35 -80 565 
-6046 -1912 100 2227 -2221 -4129 0 0 0 0 1 22 -69 559 
-5931 -1635 107 1630 -1772 -4009 0 0 0 0 1 4 -73 575 
-5797 -1431 124 1263 -1190 -3924 0 0 0 0 1 5 -67 569 
-5768 -1286 70 871 -428 -3805 0 0 0 0 1 -2 -61 577 
-5531 -1083 26 705 -109 -3653 0 0 0 0 1 -2 -63 575 
-5128 -915 81 495 -96 -3209 0 0 0 0 1 4 -56 561 
-4948 -805 94 299 -546 -2475 0 0 0 0 1 1 -60 564 
-5004 -733 40 136 -842 -1722 0 0 0 0 1 -2 -63 568 
-5065 -599 -93 43 -555 -1313 0 0 0 0 1 0 -58 570 
-4876 -530 -96 -105 381 -827 0 0 0 0 1 -4 -58 579 
-4798 -473 -19 -292 868 -507 0 0 0 0 1 -2 -80 565 
-4641 -305 -44 -433 699 -329 0 0 0 0 1 12 -65 566 
-4601 -144 -58 -676 242 -93 0 0 0 0 1 12 -77 564 
-4564 -59 -182 -835 32 200 0 0 0 0 1 5 -74 571 
-4513 -53 -495 -822 237 435 0 0 0 0 1 11 -71 565 
-4502 -70 -670 -648 1123 756 0 0 0 0 1 11 -76 579 
-4384 -108 -682 -461 2039 1027 0 0 0 0 1 14 -85 563 
-4174 -168 -562 -424 2031 1229 0 0 0 0 1 22 -89 569 
-4135 -100 -547 -577 1091 1580 0 0 0 0 1 30 -85 558 
-4143 -73 -487 -991 177 1953 0 0 0 0 1 21 -90 556 
-4242 -68 -478 -1320 -61 2169 0 0 0 0 1 33 -78 565 
-4491 -197 -676 -1691 74 2405 0 0 0 0 1 20 -96 566 
-4724 -413 -1146 -1779 363 2494 0 0 0 0 1 33 -88 565 
-4796 -648 -1333 -1786 535 2631 0 0 0 0 1 29 -109 559 
-4932 -652 -1299 -1899 -44 2809 0 0 0 0 1 31 -104 562 
-5264 -743 -964 -2084 -576 3011 0 0 0 0 1 36 -126 557 
-5621 -977 -791 -2378 -1063 3459 0 0 0 0 1 116 -96 529 
-10691 -8841 -1909 -3266 4192 10698 0 0 0 0 1 145 -84 518 
-11096 -9298 -1547 -5191 4841 12703 0 0 0 0 1 167 -56 505 
-12097 -9977 -1729 -6387 5481 14511 0 0 0 0 1 197 -6 473 
-13323 -10647 -1575 -7011 5778 15671 0 0 0 0 1 206 30 450 
-14394 -10924 -1194 -8228 5371 17069 0 0 0 0 1 209 58 437 
-15631 -10558 -759 -9667 3925 18149 0 0 0 0 1 209 100 428 
-16195 -9600 -791 -10323 3653 18723 0 0 0 0 1 178 148 441 
-16590 -9299 -135 -10762 4372 18815 0 0 0 0 1 146 174 449 
-15832 -9716 -979 -9710 3152 18460 0 0 0 0 1 94 210 472 
-15056 -10623 -1451 -8097 2843 17645 0 0 0 0 1 44 228 493 
-13684 -11514 -1704 -5319 3205 15461 0 0 0 0 1 34 226 494 
-10832 -12473 -55 -3866 3926 12793 0 0 0 0 1 -15 219 506 
-7056 -12787 2574 -3644 3308 10350 0 0 0 0 1 -33 206 514 
-4077 -12395 3733 -3465 1995 8857 0 0 0 0 1 -43 217 524 
-3060 -12020 3669 -2730 828 6459 0 0 0 0 1 -64 172 548 
-1780 -11346 3519 -2052 880 4794 0 0 0 0 1 -80 169 542 
-863 -10106 3299 -954 1182 2388 0 0 0 0 1 -90 180 555 
-356 -9183 3264 90 1223 396 0 0 0 0 1 -87 176 554 
209 -7796 3256 681 1104 -661 0 0 0 0 1 -73 171 554 
-105 -6627 3326 1223 576 -2015 0 0 0 0 1 -74 170 548 
-451 -5907 3287 1318 -199 -3136 0 0 0 0 1 -48 180 538 
-806 -4574 2929 1132 -775 -3985 0 0 0 0 1 -63 188 537 
-910 -3999 2710 965 -954 -4445 0 0 0 0 1 -56 186 535 
-1106 -3405 2444 775 -1141 -5106 0 0 0 0 1 -43 190 543 
-1487 -2640 2035 714 -1274 -5562 0 0 0 0 1 -33 198 528 
-2000 -2045 1655 733 -1308 -6318 0 0 0 0 1 -30 191 528 
-2277 -1711 1425 872 -1326 -7068 0 0 0 0 1 1 192 536 
-2451 -1361 1037 1137 -1684 -7548 0 0 0 0 1 9 193 533 
-2514 -1071 662 1439 -1948 -7726 0 0 0 0 1 25 188 521 
-2596 -971 510 1742 -1651 -7773 0 0 0 0 1 37 183 535 
-2853 -846 326 1930 -1211 -7836 0 0 0 0 1 58 183 528 
-2983 -749 279 2158 -431 -7961 0 0 0 0 1 71 170 522 
-2995 -792 390 2205 -79 -7996 0 0 0 0 1 97 148 513 
-3109 -831 407 2113 -248 -8042 0 0 0 0 1 101 152 523 
-3326 -892 242 1911 -954 -8159 0 0 0 0 1 122 134 507 
-3428 -1026 -3 1755 -1320 -8278 0 0 0 0 1 134 125 512 
-3591 -1125 -205 1637 -1506 -8496 0 0 0 0 1 142 116 513 
-3552 -1139 -651 1813 -1247 -8573 0 0 0 0 1 155 85 516 
-3636 -1263 -963 2077 -822 -8589 0 0 0 0 1 161 62 508 
-3786 -1343 -1070 2579 71 -8622 0 0 0 0 1 160 53 509 
-3918 -1446 -1203 3105 978 -8688 0 0 0 0 1 166 30 511 
-4008 -1544 -1305 3432 1437 -8743 0 0 0 0 1 176 17 514 
-4011 -1668 -1280 3819 1730 -8782 0 0 0 0 1 174 -7 491 
-4019 -1884 -1132 3958 1517 -8760 0 0 0 0 1 169 -46 493 
-4021 -2114 -1082 3962 537 -8647 0 0 0 0 1 162 -51 493 
-4104 -2265 -1170 3789 -589 -8525 0 0 0 0 1 174 -56 493 
-4330 -2416 -1473 3715 -934 -8453 0 0 0 0 1 153 -78 498 
-4587 -2486 -1739 3862 -489 -8325 0 0 0 0 1 153 -93 507 
-5000 -2618 -2062 4388 893 -8171 0 0 0 0 1 145 -104 504 
-5518 -2679 -2018 4835 1975 -8108 0 0 0 0 1 129 -115 505 
-5608 -2736 -1669 5374 2616 -7964 0 0 0 0 1 120 -117 505 
-5447 -2731 -1443 5507 1667 -7658 0 0 0 0 1 126 -118 515 
-5208 -2690 -1475 5341 539 -7280 0 0 0 0 1 112 -109 522 
-5478 -2672 -1844 5268 671 -7060 0 0 0 0 1 100 -116 518 
-5796 -2640 -2150 5406 2186 -6735 0 0 0 0 1 96 -112 521 
-6025 -2592 -1996 5625 3456 -6381 0 0 0 0 1 99 -90 516 
-6087 -2510 -1574 5469 2444 -5831 0 0 0 0 1 108 -88 528 
-5591 -2332 -1140 5026 981 -5296 0 0 0 0 1 107 -96 531 
-5239 -2269 -1042 4108 -736 -4297 0 0 0 0 1 88 -101 527 
-4793 -1968 -1425 3349 -836 -3349 0 0 0 0 1 79 -82 531 
-4765 -1834 -1622 2980 215 -2835 0 0 0 0 1 84 -80 537 
-4984 -1846 -1493 2869 490 -2840 0 0 0 0 1 83 -67 536 
-5125 -1607 -1333 2801 -222 -2982 0 0 0 0 1 87 -68 533 
-5007 -1496 -1086 2483 -1313 -3062 0 0 0 0 1 96 -56 540 
-4805 -1344 -1053 2079 -1301 -2740 0 0 0 0 1 86 -52 541 
-4480 -1224 -1119 1834 -670 -2312 0 0 0 0 1 79 -60 550 
-4396 -1169 -1050 1502 228 -1587 0 0 0 0 1 75 -49 535 
-4465 -1086 -1002 1295 187 -1185 0 0 0 0 1 93 -55 536 
-4448 -991 -942 935 -516 -746 0 0 0 0 1 81 -52 524 
-4359 -954 -967 535 -1225 -376 0 0 0 0 1 95 -42 548 
-4305 -775 -1034 97 -1390 -16 0 0 0 0 1 76 -38 548 
-4244 -653 -976 -213 -1286 232 0 0 0 0 1 74 -47 545 
-4264 -597 -973 -661 -1184 584 0 0 0 0 1 70 -49 561 
-4283 -529 -1043 -1004 -1049 907 0 0 0 0 1 71 -47 555 
-4226 -573 -1095 -1219 -827 1249 0 0 0 0 1 64 -45 562 
-4120 -654 -1151 -1286 -732 1474 0 0 0 0 1 56 -66 549 
-4090 -653 -1221 -1309 -855 1773 0 0 0 0 1 57 -47 559 
-4045 -685 -1158 -1415 -1146 2061 0 0 0 0 1 55 -65 569 
-3999 -620 -965 -1592 -1289 2276 0 0 0 0 1 33 -63 565 
-4026 -554 -958 -1903 -1325 2589 0 0 0 0 1 43 -69 557 
-4138 -582 -1165 -2054 -1054 2795 0 0 0 0 1 37 -83 570 
-4344 -730 -1534 -2020 -664 2849 0 0 0 0 1 33 -88 563 
-4518 -940 -1788 -1841 -199 2855 0 0 0 0 1 30 -71 568 
-4608 -1103 -1803 -1743 -252 2876 0 0 0 0 1 30 -85 565 
-4933 -1324 -1595 -1812 -485 2884 0 0 0 0 1 30 -83 565 
-5174 -1532 -1537 -2044 -992 2974 0 0 0 0 1 22 -94 566 
-5551 -1782 -1526 -2379 -1168 3213 0 0 0 0 1 29 -104 562 
-5968 -1943 -1621 -2597 -905 3461 0 0 0 0 1 27 -99 559 
-6188 -2122 -1724 -2800 -429 4031 0 0 0 0 1 41 -111 552 
-6511 -2505 -2027 -2861 -370 4857 0 0 0 0 1 33 -125 551 
-7151 -3051 -2176 -2894 -397 5504 0 0 0 0 1 35 -137 554 
-8007 -3885 -2280 -3009 31 6602 0 0 0 0 1 48 -126 555 
-8602 -4408 -2331 -3363 978 7843 0 0 0 0 1 83 -133 536 
-8952 -5320 -2532 -4080 1521 9653 0 0 0 0 1 87 -134 540 
-9630 -6191 -2921 -4678 1552 11107 0 0 0 0 1 100 -126 541 
-10529 -6748 -3133 -5623 1978 13358 0 0 0 0 1 128 -114 527 
-12327 -7530 -3557 -6247 2683 15475 0 0 0 0 1 147 -99 499 
-14503 -8223 -3612 -6471 3345 16516 0 0 0 0 1 162 -66 493 
-15871 -8440 -3349 -6719 4394 17201 0 0 0 0 1 198 -4 451 
-17001 -8883 -2920 -6731 5234 17345 0 0 0 0 1 205 41 444 
-17182 -8702 -1922 -6744 5155 17311 0 0 0 0 1 202 80 437 
-17024 -8255 -1773 -6720 3858 17098 0 0 0 0 1 188 134 440 
-16547 -8085 -898 -6710 3198 16401 0 0 0 0 1 173 155 431 
-15009 -8775 -217 -6531 2422 15830 0 0 0 0 1 138 207 441 
-13493 -9379 -87 -5644 1428 14819 0 0 0 0 1 71 226 471 
-9930 -10861 -545 -4088 1899 13331 0 0 0 0 1 41 234 487 
-7969 -11550 -350 -3044 2722 12001 0 0 0 0 1 9 242 484 
-6131 -11940 526 -2236 3580 9561 0 0 0 0 1 -8 244 483 
-3900 -11858 2208 -2273 3456 7771 0 0 0 0 1 -23 228 493 
-2765 -11667 2853 -2694 2260 5167 0 0 0 0 1 -30 235 498 
-1783 -10981 3182 -3081 1188 2882 0 0 0 0 1 -42 230 502 
-881 -10030 3107 -3132 770 1685 0 0 0 0 1 -44 210 526 
-404 -9139 2879 -2761 214 284 0 0 0 0 1 -44 201 526 
-380 -7130 2472 -2283 -31 -562 0 0 0 0 1 -48 202 538 
-628 -6290 2340 -1432 19 -1830 0 0 0 0 1 -37 193 533 
-825 -5567 2424 -710 270 -2968 0 0 0 0 1 -42 191 544 
-1052 -4360 2733 -267 273 -3872 0 0 0 0 1 -34 175 550 
-1169 -3818 2820 -98 213 -4382 0 0 0 0 1 -22 175 548 
-1256 -3359 2829 48 170 -5046 0 0 0 0 1 1 192 541 
-1357 -2821 2714 119 195 -5441 0 0 0 0 1 14 193 535 
-1483 -2519 2644 227 111 -6007 0 0 0 0 1 24 170 543 
-1696 -2098 2365 347 -172 -6311 0 0 0 0 1 31 163 543 
-1773 -1932 2118 644 -726 -6595 0 0 0 0 1 46 163 543 
-2110 -1634 1606 1083 -1114 -6760 0 0 0 0 1 47 159 547 
-2239 -1512 1285 1465 -1176 -6831 0 0 0 0 1 67 143 543 
-2344 -1419 1014 2088 -832 -6952 0 0 0 0 1 89 139 535 
-2526 -1288 682 2685 -149 -7148 0 0 0 0 1 99 134 533 
-2772 -1223 535 3006 280 -7350 0 0 0 0 1 101 125 528 
-3145 -1095 492 3314 565 -7807 0 0 0 0 1 125 122 521 
-3376 -1029 480 3354 69 -8345 0 0 0 0 1 125 115 528 
-3494 -1085 363 3250 -643 -8583 0 0 0 0 1 149 94 513 
-3674 -1194 58 3100 -1834 -8770 0 0 0 0 1 158 88 514 
-3964 -1358 -381 3055 -2215 -8822 0 0 0 0 1 165 49 507 
-4049 -1552 -761 3189 -1795 -8804 0 0 0 0 1 159 42 501 
-4398 -1561 -1489 3645 -446 -8852 0 0 0 0 1 171 33 515 
-4512 -1612 -1646 4054 561 -8923 0 0 0 0 1 167 19 507 
-4579 -1709 -1662 4662 1550 -9033 0 0 0 0 1 178 1 511 
-4802 -1917 -1565 5023 1386 -9131 0 0 0 0 1 165 -14 505 
-4609 -2112 -1537 5069 733 -9090 0 0 0 0 1 162 -49 498 
-4568 -2242 -1576 4868 -388 -8861 0 0 0 0 1 160 -53 505 
-4533 -2424 -1691 4548 -789 -8523 0 0 0 0 1 152 -62 506 
-5021 -2595 -2065 4446 -532 -8370 0 0 0 0 1 145 -82 508 
-5270 -2627 -2242 4526 477 -8199 0 0 0 0 1 152 -79 511 
-5246 -2715 -2331 4695 1195 -8045 0 0 0 0 1 130 -89 506 
-5266 -2724 -2211 4950 1504 -7771 0 0 0 0 1 119 -84 511 
-5058 -2688 -2082 5016 902 -7405 0 0 0 0 1 109 -94 511 
-5197 -2731 -2130 4973 365 -7087 0 0 0 0 1 109 -104 513 
-5397 -2817 -2231 4959 529 -6905 0 0 0 0 1 101 -83 523 
-5637 -2737 -2305 4964 1440 -6598 0 0 0 0 1 100 -99 524 
-5582 -2726 -2024 4819 2184 -6174 0 0 0 0 1 95 -82 531 
-5091 -2508 -1622 4574 1829 -5773 0 0 0 0 1 89 -100 523 
-4814 -2414 -1476 3964 244 -5066 0 0 0 0 1 109 -84 531 
-4757 -2404 -1245 3170 -1020 -4385 0 0 0 0 1 88 -67 529 
-4894 -2496 -1115 2659 -1271 -3990 0 0 0 0 1 75 -80 549 
-5009 -2466 -1129 2091 -1167 -3574 0 0 0 0 1 86 -77 534 
-5217 -2308 -1251 1805 -878 -3421 0 0 0 0 1 80 -78 542 
-5321 -2145 -1248 1707 -539 -3406 0 0 0 0 1 81 -65 550 
-5237 -1978 -1191 1602 54 -3302 0 0 0 0 1 70 -66 549 
-4985 -1642 -1080 1414 198 -2932 0 0 0 0 1 74 -77 548 
-4715 -1314 -843 1150 -102 -2544 0 0 0 0 1 67 -69 545 
-4624 -1114 -695 615 -947 -1901 0 0 0 0 1 69 -62 543 
-4742 -860 -769 152 -1402 -1377 0 0 0 0 1 64 -62 550 
-4879 -632 -997 -13 -1142 -1133 0 0 0 0 1 73 -66 556 
-4945 -487 -1145 -52 -191 -934 0 0 0 0 1 64 -65 555 
-4902 -360 -1055 -11 390 -797 0 0 0 0 1 55 -67 548 
-4750 -35 -973 -34 221 -663 0 0 0 0 1 67 -79 541 
-4552 176 -842 -230 -324 -291 0 0 0 0 1 73 -80 547 
-4454 310 -773 -590 -618 255 0 0 0 0 1 71 -79 552 
-4503 388 -759 -862 -612 636 0 0 0 0 1 64 -94 559 
-4556 377 -766 -1221 -389 1135 0 0 0 0 1 60 -91 545 
-4625 362 -863 -1393 -270 1379 0 0 0 0 1 56 -88 544 
-4633 357 -919 -1579 -395 1684 0 0 0 0 1 47 -88 547 
-4567 359 -853 -1773 -969 2020 0 0 0 0 1 47 -95 549 
-4614 422 -712 -1948 -1464 2265 0 0 0 0 1 60 -96 550 
-4674 391 -687 -2205 -2001 2676 0 0 0 0 1 38 -111 555 
-4745 260 -883 -2297 -2058 3151 0 0 0 0 1 38 -116 564 
-4805 60 -1260 -2233 -1865 3467 0 0 0 0 1 29 -116 548 
-4901 -135 -1397 -2050 -1511 3775 0 0 0 0 1 33 -130 563 
-5174 -381 -1413 -1932 -1636 3864 0 0 0 0 1 30 -122 556 
-5738 -655 -1404 -1920 -2040 3837 0 0 0 0 1 30 -122 556 
-6047 -718 -1497 -1946 -2457 3774 0 0 0 0 1 20 -126 564 
-6173 -1124 -2098 -1817 -2002 4009 0 0 0 0 1 20 -136 552 
-6182 -1448 -2585 -1405 -550 4616 0 0 0 0 1 22 -131 559 
-7018 -2666 -2694 -965 901 5217 0 0 0 0 1 17 -131 552 
-7847 -3313 -2622 -775 725 5562 0 0 0 0 1 40 -139 544 
-8540 -3780 -2609 -620 -418 6262 0 0 0 0 1 57 -123 552 
-9356 -4804 -2367 -684 -587 7022 0 0 0 0 1 64 -118 557 
-10741 -6056 -2633 -955 592 8613 0 0 0 0 1 77 -115 551 
-11589 -6836 -2794 -1602 4034 10538 0 0 0 0 1 95 -99 545 
-11841 -7880 -3187 -2556 6095 12046 0 0 0 0 1 115 -88 526 
-12631 -8715 -2951 -4834 6919 14133 0 0 0 0 1 153 -66 521 
-13343 -9377 -2315 -7472 5577 15849 0 0 0 0 1 182 -30 501 
-14617 -9277 -2166 -8846 3803 16804 0 0 0 0 1 198 22 474 
-15559 -8752 -2230 -10122 2623 17755 0 0 0 0 1 191 56 467 
-16091 -8454 -2853 -10313 3492 17779 0 0 0 0 1 191 98 463 
-15927 -8776 -3089 -9897 4317 17374 0 0 0 0 1 173 121 462 
-14571 -9087 -2989 -8622 3856 16411 0 0 0 0 1 155 154 474 
-13275 -9478 -2670 -6926 2781 14975 0 0 0 0 1 135 165 471 
-10891 -10299 -1892 -6051 2900 13700 0 0 0 0 1 86 187 490 
-8912 -10814 -586 -5656 3450 11552 0 0 0 0 1 71 199 497 
-5667 -11243 1523 -5635 2848 9367 0 0 0 0 1 42 206 514 
-3817 -11148 1875 -5246 1875 7781 0 0 0 0 1 25 203 526 
-2315 -10297 1845 -4304 702 5173 0 0 0 0 1 15 185 536 
-1349 -9416 1884 -3626 202 3614 0 0 0 0 1 11 186 540 
-813 -8636 1636 -2535 -183 2035 0 0 0 0 1 9 176 549 
-354 -7243 1337 -1780 -139 1483 0 0 0 0 1 -4 176 551 
-541 -6494 1283 -751 232 877 0 0 0 0 1 3 163 562 
-1044 -5522 1562 889 -41 -2605 0 0 0 0 1 23 144 544 
-857 -1500 1909 1071 127 -2735 0 0 0 0 1 29 145 545 
-948 -1355 1869 1357 175 -3017 0 0 0 0 1 33 159 554 
-1211 -1128 1674 1627 63 -3429 0 0 0 0 1 48 155 531 
-1336 -931 1487 1766 50 -3717 0 0 0 0 1 60 155 531 
-1423 -824 1441 1859 246 -4100 0 0 0 0 1 55 153 529 
-1446 -714 1434 1810 525 -4383 0 0 0 0 1 79 155 529 
-1519 -590 1512 1712 568 -4493 0 0 0 0 1 99 149 526 
-1567 -515 1570 1498 287 -4545 0 0 0 0 1 99 139 530 
-1585 -350 1610 1288 -357 -4434 0 0 0 0 1 99 147 514 
-1510 -238 1411 1217 -853 -4283 0 0 0 0 1 115 122 526 
-1593 -145 1231 1213 -1387 -4103 0 0 0 0 1 127 127 521 
-1880 92 733 1256 -1481 -4062 0 0 0 0 1 130 104 515 
-2072 148 469 1403 -1179 -4179 0 0 0 0 1 123 118 518 
-2315 298 234 1683 -413 -4586 0 0 0 0 1 136 112 521 
-2542 608 -42 2105 553 -5186 0 0 0 0 1 136 103 516 
-2609 944 6 2409 1077 -5600 0 0 0 0 1 149 87 504 
-2678 1144 38 2837 1196 -6087 0 0 0 0 1 153 80 498 
-2665 1420 28 3187 472 -6218 0 0 0 0 1 165 68 495 
-2583 1464 -28 3353 -147 -6065 0 0 0 0 1 166 62 504 
-2552 1377 -105 3495 -596 -5592 0 0 0 0 1 178 52 492 
-2725 1448 -349 3563 -376 -5256 0 0 0 0 1 179 41 486 
-2838 1512 -536 3631 551 -4789 0 0 0 0 1 192 30 492 
-2890 1572 -511 3623 1409 -4448 0 0 0 0 1 188 22 481 
-3027 1731 -389 3568 1450 -4362 0 0 0 0 1 194 20 473 
-3147 1753 -325 3403 518 -4504 0 0 0 0 1 197 1 476 
-3509 1849 -367 3240 -494 -4756 0 0 0 0 1 200 9 467 
-3535 1811 -412 2948 -1700 -5019 0 0 0 0 1 188 0 474 
-3229 1625 -558 2719 -1799 -4837 0 0 0 0 1 186 -17 479 
-3158 1562 -567 2647 -1321 -4533 0 0 0 0 1 180 -13 494 
-3085 1635 -633 2695 -376 -4025 0 0 0 0 1 180 -30 499 
-3055 1893 -756 2863 287 -3641 0 0 0 0 1 173 -45 494 
-3058 1997 -639 2960 472 -3460 0 0 0 0 1 171 -30 478 
-3124 1990 -558 3025 277 -3274 0 0 0 0 1 176 -34 484 
-3201 2026 -542 3002 -61 -3177 0 0 0 0 1 175 -40 490 
-3232 1953 -539 2821 -460 -2992 0 0 0 0 1 165 -41 493 
-3145 1868 -531 2481 -409 -2703 0 0 0 0 1 169 -49 495 
-3149 1800 -640 2245 -257 -2488 0 0 0 0 1 156 -42 490 
-3115 1789 -699 1965 -102 -2141 0 0 0 0 1 151 -53 505 
-3009 1788 -687 1770 -159 -1746 0 0 0 0 1 155 -61 507 
-2893 1779 -669 1678 -291 -1446 0 0 0 0 1 159 -50 501 
-2812 1746 -563 1534 -406 -1033 0 0 0 0 1 153 -44 495 
-2855 1733 -543 1408 -428 -792 0 0 0 0 1 140 -45 513 
-2849 1727 -545 1330 -306 -722 0 0 0 0 1 148 -41 505 
-2751 1718 -539 1305 -153 -714 0 0 0 0 1 146 -41 512 
-2688 1710 -509 1263 54 -693 0 0 0 0 1 145 -38 504 
-2567 1646 -400 1208 161 -646 0 0 0 0 1 152 -40 515 
-2509 1591 -301 1093 233 -550 0 0 0 0 1 140 -40 513 
-2479 1548 -228 945 170 -411 0 0 0 0 1 149 -35 506 
-2409 1492 -146 845 86 -281 0 0 0 0 1 136 -39 512 
-2353 1443 -112 706 -11 -70 0 0 0 0 1 149 -33 506 
-2344 1397 -80 586 -48 90 0 0 0 0 1 142 -30 504 
-2326 1356 -92 501 -59 174 0 0 0 0 1 140 -28 511 
-2272 1318 -110 464 -5 195 0 0 0 0 1 147 -25 508 
-2250 1275 -112 427 122 188 0 0 0 0 1 145 -33 508 
-2198 1222 -107 406 168 176 0 0 0 0 1 153 -9 493 
