Data Quantity : 14  Accelerometer : 3  Gyroscope : 3  FSR : 5







-1266 1560 224 -30 29 100 0 0 0 0 1 219 83 421 
-1272 1560 221 -29 47 87 0 0 0 0 1 208 84 415 
-1286 1552 219 -35 54 65 0 0 0 0 1 206 69 410 
-1291 1556 216 -39 52 33 0 0 0 0 1 219 76 426 
-1268 1537 222 -50 47 26 0 0 0 0 1 213 72 413 
-1265 1525 230 -70 18 28 0 0 0 0 1 206 84 420 
-1263 1525 232 -81 -11 32 0 0 0 0 1 209 78 426 
-1266 1523 218 -94 -34 49 0 0 0 0 1 213 77 434 
-1269 1522 210 -95 -27 54 0 0 0 0 1 213 77 420 
-1268 1522 212 -96 5 50 0 0 0 0 1 206 79 415 
-1274 1514 224 -88 18 42 0 0 0 0 1 221 68 421 
-1279 1511 226 -80 30 23 0 0 0 0 1 212 66 423 
-1284 1521 244 -80 32 7 0 0 0 0 1 220 72 422 
-1264 1513 253 -83 20 -1 0 0 0 0 1 212 88 416 
-1256 1507 267 -92 -7 3 0 0 0 0 1 211 79 427 
-1273 1509 270 -91 -33 1 0 0 0 0 1 213 74 429 
-1278 1526 267 -92 -41 -1 0 0 0 0 1 195 78 421 
-1260 1517 267 -92 -48 6 0 0 0 0 1 215 72 420 
-1240 1506 281 -84 -42 12 0 0 0 0 1 205 83 421 
-1237 1503 287 -67 -51 20 0 0 0 0 1 220 72 417 
-1285 1515 292 -51 -57 -5 0 0 0 0 1 212 80 419 
-1318 1537 291 -43 -53 -33 0 0 0 0 1 205 73 428 
-1303 1527 293 -17 -44 -46 0 0 0 0 1 214 73 423 
-1249 1512 311 -2 -35 -19 0 0 0 0 1 209 85 421 
-1210 1483 351 8 -45 4 0 0 0 0 1 212 80 426 
-1234 1459 384 18 -83 15 0 0 0 0 1 204 69 415 
-1243 1414 440 10 -105 1 0 0 0 0 1 199 82 417 
-1249 1381 486 -27 -145 -53 0 0 0 0 1 200 80 433 
-1234 1284 567 -56 -169 -86 0 0 0 0 1 204 72 420 
-1199 1190 644 -118 -236 -120 0 0 0 0 1 199 69 429 
-1097 1033 766 -199 -322 -127 0 0 0 0 1 211 69 422 
-984 815 897 -253 -397 -124 0 0 0 0 1 219 76 426 
-863 524 1025 -336 -557 -114 0 0 0 0 1 214 66 428 
-785 356 1068 -383 -840 -142 0 0 0 0 1 202 73 435 
-714 126 1045 -371 -1099 -209 0 0 0 0 1 209 56 430 
-734 17 919 -239 -1501 -426 0 0 0 0 1 195 61 444 
-859 -239 837 -89 -1661 -674 0 0 0 0 1 204 72 455 
-904 -495 795 233 -1621 -1162 0 0 0 0 1 198 53 453 
-985 -643 741 621 -1375 -1785 0 0 0 0 1 194 57 464 
-1105 -796 612 908 -1188 -2244 0 0 0 0 1 200 56 458 
-1154 -884 528 1368 -969 -2946 0 0 0 0 1 186 46 463 
-1196 -966 413 1806 -832 -3590 0 0 0 0 1 194 28 462 
-1254 -1066 389 2055 -779 -3965 0 0 0 0 1 200 17 472 
-1276 -1154 406 2329 -754 -4438 0 0 0 0 1 193 22 467 
-1436 -1290 370 2504 -796 -4863 0 0 0 0 1 182 11 476 
-1497 -1314 363 2584 -829 -5155 0 0 0 0 1 193 -2 472 
-1710 -1354 322 2621 -868 -5628 0 0 0 0 1 175 -13 478 
-1976 -1370 278 2613 -994 -5972 0 0 0 0 1 185 -20 492 
-2156 -1429 230 2542 -1252 -6571 0 0 0 0 1 176 -46 488 
-2491 -1305 13 2464 -1256 -7315 0 0 0 0 1 171 -42 490 
-2503 -1176 125 2391 -1197 -7706 0 0 0 0 1 166 -69 476 
-2576 -1493 192 2280 -1254 -8130 0 0 0 0 1 148 -88 498 
-2686 -1286 34 2248 -1743 -8190 0 0 0 0 1 139 -103 505 
-2734 -1536 -235 2260 -2237 -8002 0 0 0 0 1 116 -123 513 
-2854 -1680 -267 2269 -2600 -7471 0 0 0 0 1 97 -121 520 
-2860 -1676 -203 2290 -2054 -6707 0 0 0 0 1 89 -122 521 
-3190 -1918 -147 2322 -1297 -6150 0 0 0 0 1 74 -138 524 
-3620 -1814 -159 2436 -160 -5464 0 0 0 0 1 66 -134 533 
-3889 -1772 -64 2482 507 -5038 0 0 0 0 1 47 -137 530 
-4238 -1816 249 2419 461 -4869 0 0 0 0 1 37 -122 542 
-4457 -1748 266 2225 -232 -4692 0 0 0 0 1 30 -125 544 
-4565 -1588 76 2022 -709 -4412 0 0 0 0 1 36 -126 538 
-4336 -1474 -57 1919 -463 -4086 0 0 0 0 1 24 -121 552 
-4225 -1430 -89 1855 416 -3454 0 0 0 0 1 30 -115 556 
-4109 -1356 15 1791 1069 -2790 0 0 0 0 1 23 -112 542 
-4079 -1134 107 1698 936 -2402 0 0 0 0 1 33 -103 554 
-4058 -1009 120 1462 74 -1923 0 0 0 0 1 20 -106 555 
-3961 -762 44 1155 -627 -1529 0 0 0 0 1 18 -110 554 
-3882 -588 -154 978 -673 -1287 0 0 0 0 1 17 -104 555 
-3922 -481 -304 816 -200 -994 0 0 0 0 1 22 -104 559 
-4000 -341 -320 727 450 -786 0 0 0 0 1 8 -96 559 
-4087 -242 -358 668 647 -619 0 0 0 0 1 17 -96 550 
-4069 -367 -342 564 661 -386 0 0 0 0 1 23 -88 558 
-4124 11 -415 471 595 -236 0 0 0 0 1 24 -91 550 
-4162 20 -515 350 400 110 0 0 0 0 1 25 -88 556 
-4255 -81 -636 244 393 500 0 0 0 0 1 18 -95 551 
-4324 87 -680 157 555 746 0 0 0 0 1 21 -98 568 
-4489 205 -764 12 628 1031 0 0 0 0 1 27 -99 552 
-4814 202 -867 -129 387 1182 0 0 0 0 1 30 -80 563 
-5326 142 -909 -446 -247 1363 0 0 0 0 1 27 -84 569 
-5589 64 -904 -907 -673 1576 0 0 0 0 1 28 -95 551 
-5768 133 -961 -1242 -735 1834 0 0 0 0 1 20 -89 564 
-5954 -55 -1149 -1606 -620 2357 0 0 0 0 1 12 -96 564 
-6488 -427 -1400 -1725 -626 2861 0 0 0 0 1 16 -107 558 
-11350 -7485 -2341 -2317 2091 9169 0 0 0 0 1 89 -117 554 
-11739 -8443 -2578 -2894 5010 10736 0 0 0 0 1 121 -87 541 
-13110 -9977 -2356 -4356 7794 12717 0 0 0 0 1 156 -69 520 
-13931 -10865 -1871 -5694 8412 14179 0 0 0 0 1 181 -46 481 
-15549 -11754 -1020 -7647 6937 16175 0 0 0 0 1 201 -8 452 
-16941 -11511 -1177 -8908 4049 17662 0 0 0 0 1 224 29 435 
-17867 -11269 -1748 -9548 4197 18290 0 0 0 0 1 204 99 436 
-18213 -11045 -1710 -9965 5431 18029 0 0 0 0 1 185 143 422 
-17654 -11107 -1389 -10339 4512 17459 0 0 0 0 1 149 182 424 
-15225 -11916 -1395 -9466 2242 16989 0 0 0 0 1 130 197 448 
-13499 -12870 -2334 -7928 1788 16449 0 0 0 0 1 81 222 469 
64 -7497 3230 -487 190 -2673 0 0 0 0 1 -37 201 533 
-402 -6041 3222 -91 -301 -3896 0 0 0 0 1 -30 193 537 
-864 -5155 3029 211 -761 -4848 0 0 0 0 1 -11 188 540 
-1619 -4074 2727 463 -904 -5639 0 0 0 0 1 -14 186 537 
-1998 -3212 2546 606 -781 -6047 0 0 0 0 1 3 185 538 
-2403 -2545 2132 884 -404 -6561 0 0 0 0 1 16 188 540 
-2768 -1817 1657 1248 -20 -7060 0 0 0 0 1 37 169 540 
-2991 -1294 1160 1705 97 -7481 0 0 0 0 1 51 171 533 
-3105 -1027 865 2197 -4 -7703 0 0 0 0 1 75 171 540 
-2975 -899 560 2508 -441 -7539 0 0 0 0 1 86 155 529 
-2955 -1204 429 2817 -966 -7074 0 0 0 0 1 83 158 534 
-3451 -927 485 2807 -642 -6789 0 0 0 0 1 103 154 526 
-3555 -752 581 2638 -51 -6711 0 0 0 0 1 133 141 504 
-3635 -749 502 2360 431 -6731 0 0 0 0 1 133 128 506 
-3776 -657 317 2194 263 -6819 0 0 0 0 1 152 109 504 
-3652 -672 216 1926 -540 -6920 0 0 0 0 1 155 93 507 
-3568 -787 74 1709 -1533 -6946 0 0 0 0 1 166 89 513 
-3729 -838 -241 1609 -2209 -7025 0 0 0 0 1 169 71 512 
-3928 -789 -721 1682 -2282 -7103 0 0 0 0 1 167 36 514 
-4088 -756 -982 2032 -1692 -7245 0 0 0 0 1 158 29 519 
-4170 -807 -1103 2380 -891 -7337 0 0 0 0 1 163 11 515 
-4233 -839 -1111 3003 450 -7476 0 0 0 0 1 165 -2 512 
-4366 -819 -1189 3433 1173 -7569 0 0 0 0 1 162 -4 519 
-4379 -744 -1238 3996 1858 -7668 0 0 0 0 1 172 -34 514 
-4342 -796 -1254 4401 1993 -7671 0 0 0 0 1 168 -45 506 
-4353 -931 -1373 4583 1871 -7644 0 0 0 0 1 176 -51 498 
-4401 -945 -1343 4700 1574 -7565 0 0 0 0 1 169 -61 484 
-4337 -1096 -1428 4760 1039 -7288 0 0 0 0 1 162 -63 502 
-4266 -1339 -1535 4802 644 -7010 0 0 0 0 1 155 -83 495 
-4407 -1455 -1605 4870 199 -6676 0 0 0 0 1 158 -90 512 
-4887 -1500 -1781 4915 107 -6628 0 0 0 0 1 146 -93 505 
-5418 -1555 -1515 4753 339 -6790 0 0 0 0 1 126 -96 513 
-5767 -1631 -1263 4576 403 -6928 0 0 0 0 1 130 -99 529 
-5987 -1513 -1286 4342 162 -7056 0 0 0 0 1 117 -107 523 
-5761 -1285 -1379 4236 5 -6947 0 0 0 0 1 120 -105 516 
-5443 -1059 -1454 4176 -116 -6406 0 0 0 0 1 106 -103 523 
-5431 -1105 -1647 4150 -285 -5620 0 0 0 0 1 92 -100 526 
-5507 -1159 -1515 3864 -423 -4871 0 0 0 0 1 77 -90 540 
-5647 -1009 -1154 3459 -422 -4463 0 0 0 0 1 87 -90 549 
-5645 -875 -989 2679 -382 -3957 0 0 0 0 1 79 -96 543 
-5461 -721 -944 1885 -301 -3481 0 0 0 0 1 73 -78 542 
-5139 -556 -1001 1450 -277 -3174 0 0 0 0 1 74 -89 541 
-4992 -437 -1057 997 -403 -2752 0 0 0 0 1 70 -85 547 
-4752 -319 -1020 741 -772 -2348 0 0 0 0 1 55 -77 548 
-4565 -167 -1058 647 -1130 -2064 0 0 0 0 1 61 -93 551 
-4443 -52 -1007 532 -1457 -1604 0 0 0 0 1 51 -78 551 
-4186 122 -838 384 -1223 -1134 0 0 0 0 1 49 -88 554 
-4089 168 -782 256 -553 -728 0 0 0 0 1 46 -91 541 
-4110 144 -719 187 -20 -550 0 0 0 0 1 29 -84 564 
-4047 176 -685 108 590 -388 0 0 0 0 1 40 -80 561 
-3999 254 -778 48 621 -287 0 0 0 0 1 44 -78 549 
-3967 358 -908 10 408 -225 0 0 0 0 1 57 -87 543 
-3887 391 -979 -47 60 -60 0 0 0 0 1 50 -94 550 
-3870 396 -1134 -118 5 179 0 0 0 0 1 36 -89 550 
-3871 426 -1160 -176 222 366 0 0 0 0 1 35 -90 549 
-3934 406 -1197 -284 700 656 0 0 0 0 1 44 -85 554 
-4119 497 -1195 -487 968 890 0 0 0 0 1 57 -89 555 
-4562 753 -1201 -692 838 995 0 0 0 0 1 67 -82 548 
-8910 -1861 -2705 -2124 399 5903 0 0 0 0 1 77 -105 551 
-9453 -2541 -2943 -1743 235 6439 0 0 0 0 1 88 -99 555 
-10633 -3628 -3224 -1436 436 7111 0 0 0 0 1 102 -99 538 
-11749 -5239 -3373 -1411 1518 7840 0 0 0 0 1 102 -91 543 
-12692 -6259 -3378 -2054 4655 9283 0 0 0 0 1 138 -65 534 
-13833 -8065 -3316 -4033 8021 11041 0 0 0 0 1 160 -36 509 
-14091 -9242 -3199 -6154 8875 12287 0 0 0 0 1 186 -22 481 
-15087 -9788 -3413 -9480 7372 13794 0 0 0 0 1 201 -3 464 
-15543 -10385 -3669 -11608 4909 15287 0 0 0 0 1 215 15 431 
-16262 -10392 -4267 -12002 3912 16266 0 0 0 0 1 215 57 434 
-16910 -10118 -4873 -11337 4251 17368 0 0 0 0 1 188 117 426 
-16262 -10347 -4108 -10175 5588 17931 0 0 0 0 1 172 159 423 
-14466 -11421 -1897 -9484 5290 17962 0 0 0 0 1 148 186 423 
-12942 -11638 -889 -8384 4302 16943 0 0 0 0 1 113 215 447 
-10767 -11402 1671 -7294 3222 14041 0 0 0 0 1 74 229 457 
-7902 -10892 3118 -6203 1727 11490 0 0 0 0 1 43 231 466 
-5588 -11066 3086 -3934 987 7776 0 0 0 0 1 12 239 487 
-3140 -11125 3324 -2440 1775 5543 0 0 0 0 1 -10 224 504 
-2197 -10812 3957 -723 2194 2847 0 0 0 0 1 -2 215 498 
-1331 -9768 4197 481 931 935 0 0 0 0 1 -9 223 505 
-1323 -8321 4022 984 76 -77 0 0 0 0 1 1 214 492 
-1434 -7388 3715 1312 -876 -1261 0 0 0 0 1 -2 225 498 
-1781 -5991 3195 1220 -1580 -2096 0 0 0 0 1 -10 241 508 
-2003 -4927 2771 1023 -1991 -2466 0 0 0 0 1 8 246 483 
-1983 -4529 2622 604 -2376 -2720 0 0 0 0 1 -1 234 492 
-1667 -3875 2442 166 -2328 -2747 0 0 0 0 1 12 241 492 
-1479 -3204 2153 -73 -2167 -2760 0 0 0 0 1 5 231 499 
-1274 -2832 2105 -375 -1829 -2844 0 0 0 0 1 12 226 494 
-1289 -2303 1971 -530 -1774 -3022 0 0 0 0 1 8 226 501 
-1370 -2011 1764 -640 -2065 -3453 0 0 0 0 1 17 214 504 
-1332 -1753 1563 -665 -2383 -3896 0 0 0 0 1 25 210 519 
-1301 -1526 1351 -643 -2400 -4179 0 0 0 0 1 35 208 514 
-1302 -1308 1173 -547 -2091 -4551 0 0 0 0 1 34 207 524 
-1311 -1238 1095 -407 -1473 -4863 0 0 0 0 1 40 191 507 
-1431 -1239 904 2116 1503 -8618 0 0 0 0 1 151 66 528 
-3342 -1165 -741 2774 1880 -8826 0 0 0 0 1 163 55 508 
-3586 -1112 -1025 3205 1742 -8870 0 0 0 0 1 173 45 508 
-3641 -1265 -1206 3819 1465 -8724 0 0 0 0 1 184 9 495 
-3943 -1562 -1436 4369 1528 -8443 0 0 0 0 1 192 -3 483 
-4199 -1682 -1579 4712 1623 -8254 0 0 0 0 1 189 -11 490 
-4557 -1805 -1714 5136 1615 -8079 0 0 0 0 1 175 -40 485 
-5162 -1930 -1843 5362 1433 -8045 0 0 0 0 1 197 -52 490 
-5574 -1957 -2004 5435 1273 -8018 0 0 0 0 1 193 -63 479 
-5462 -1933 -2088 5493 1208 -7677 0 0 0 0 1 175 -82 485 
-5193 -2064 -2070 5502 1058 -6962 0 0 0 0 1 172 -88 491 
-5245 -2100 -2180 5490 618 -6460 0 0 0 0 1 174 -85 491 
-5515 -2079 -2309 5410 -202 -5947 0 0 0 0 1 160 -98 493 
-5845 -1942 -2403 5249 -456 -5762 0 0 0 0 1 143 -103 498 
-6270 -1671 -2636 5167 -225 -5757 0 0 0 0 1 136 -95 512 
-6141 -1459 -2640 5081 771 -5665 0 0 0 0 1 128 -94 506 
-5968 -1300 -2579 4986 1732 -5409 0 0 0 0 1 126 -96 506 
-5712 -1088 -2276 4828 1765 -5167 0 0 0 0 1 126 -96 504 
-5281 -932 -1945 4326 658 -4664 0 0 0 0 1 139 -95 509 
-5057 -748 -1799 3587 -933 -4059 0 0 0 0 1 117 -100 514 
-5022 -740 -1752 3091 -1519 -3632 0 0 0 0 1 114 -99 511 
-5067 -682 -1813 2555 -1374 -3072 0 0 0 0 1 101 -80 526 
-5236 -571 -1976 2363 -713 -2807 0 0 0 0 1 99 -78 528 
-5277 -447 -1893 2238 419 -2543 0 0 0 0 1 99 -83 519 
-5171 -321 -1726 2190 701 -2386 0 0 0 0 1 99 -71 521 
-5027 -243 -1531 2029 356 -2098 0 0 0 0 1 110 -80 533 
-4711 -130 -1219 1701 -383 -1646 0 0 0 0 1 106 -73 528 
-4427 -55 -1160 1339 -979 -1072 0 0 0 0 1 99 -66 533 
-4416 -27 -1226 1147 -1028 -707 0 0 0 0 1 96 -66 530 
-4394 -31 -1233 973 -592 -237 0 0 0 0 1 92 -58 530 
-4372 -26 -1274 914 -40 102 0 0 0 0 1 92 -61 533 
-4257 -25 -1211 887 201 274 0 0 0 0 1 100 -55 538 
-4157 -45 -1143 791 208 478 0 0 0 0 1 99 -61 537 
-4054 17 -1136 685 51 577 0 0 0 0 1 109 -47 538 
-3990 111 -1113 461 -105 680 0 0 0 0 1 84 -44 542 
-3903 1017 -1164 -2184 -643 2329 0 0 0 0 1 93 -50 555 
-4241 829 -1605 -2186 -1028 2334 0 0 0 0 1 92 -53 544 
-4700 554 -2234 -1859 -1295 2324 0 0 0 0 1 99 -58 549 
-5011 262 -2514 -1280 -896 2359 0 0 0 0 1 88 -77 538 
-5574 -170 -2456 -851 -2 2505 0 0 0 0 1 80 -71 549 
-5828 -479 -2297 -759 476 2719 0 0 0 0 1 94 -66 563 
-6262 -801 -2239 -945 546 3191 0 0 0 0 1 95 -52 538 
-7001 -1713 -2484 -1372 501 3882 0 0 0 0 1 107 -47 543 
-7417 -2216 -2789 -1666 479 4481 0 0 0 0 1 108 -58 549 
-8173 -2991 -2974 -2234 253 5576 0 0 0 0 1 102 -52 557 
-9311 -4080 -2930 -3209 46 7024 0 0 0 0 1 116 -50 545 
-10814 -4797 -2494 -4177 372 8128 0 0 0 0 1 109 -40 543 
-11838 -5225 -2575 -5882 1917 9967 0 0 0 0 1 132 -36 547 
-12741 -5907 -2690 -7659 3935 12239 0 0 0 0 1 141 -34 535 
-13951 -6726 -2999 -8907 4152 14868 0 0 0 0 1 155 -17 514 
-15073 -6794 -2486 -9578 3775 16421 0 0 0 0 1 174 17 495 
-16704 -6657 -2148 -10188 2529 18047 0 0 0 0 1 172 49 491 
-17357 -6603 -1912 -10372 2073 19197 0 0 0 0 1 163 65 494 
-17920 -6508 -1115 -10176 1905 19556 0 0 0 0 1 148 93 498 
-17726 -6630 -1667 -8714 701 19487 0 0 0 0 1 135 128 506 
-16685 -7552 -1954 -6941 480 18708 0 0 0 0 1 99 144 516 
-14161 -9067 -1978 -3644 1213 16346 0 0 0 0 1 56 159 528 
-11634 -10115 -1146 -900 3192 13458 0 0 0 0 1 29 187 536 
-8281 -11572 482 504 4610 10859 0 0 0 0 1 4 196 521 
-4858 -12065 2472 627 4633 9354 0 0 0 0 1 -7 203 514 
-3430 -11972 3606 -65 2574 6843 0 0 0 0 1 -3 217 518 
-2486 -11108 4147 -654 745 4921 0 0 0 0 1 -20 204 520 
-1989 -10459 3896 -1179 -981 2318 0 0 0 0 1 -30 193 528 
-1162 -9153 2650 -925 -1343 584 0 0 0 0 1 -41 187 524 
-831 -7682 1695 -81 -1010 -551 0 0 0 0 1 -42 186 533 
-1211 -6362 1292 558 -744 -1162 0 0 0 0 1 -43 199 541 
-1446 -5629 1444 1214 -363 -1855 0 0 0 0 1 -43 197 520 
-1534 -4500 2084 1321 -155 -2275 0 0 0 0 1 -40 201 528 
-1347 -4124 2380 1125 -146 -2414 0 0 0 0 1 -27 212 531 
-1160 -3768 2579 598 -222 -2558 0 0 0 0 1 -27 209 522 
-1727 -1338 777 846 236 -6626 0 0 0 0 1 73 161 540 
-2094 -1274 664 1139 671 -6945 0 0 0 0 1 92 161 530 
-2525 -1187 518 1321 856 -7220 0 0 0 0 1 106 149 523 
-2819 -1083 415 1576 955 -7745 0 0 0 0 1 127 125 528 
-3129 -950 352 1809 886 -8209 0 0 0 0 1 128 123 524 
-3188 -1002 96 1972 703 -8364 0 0 0 0 1 151 98 507 
-3259 -1093 -137 2209 346 -8358 0 0 0 0 1 172 71 498 
-3370 -1294 -449 2360 152 -8246 0 0 0 0 1 176 56 502 
-3548 -1409 -617 2587 165 -8095 0 0 0 0 1 176 41 495 
-3983 -1516 -879 2885 494 -8120 0 0 0 0 1 187 23 499 
-4392 -1607 -1224 3165 760 -8216 0 0 0 0 1 184 12 500 
-4670 -1675 -1386 3670 1128 -8437 0 0 0 0 1 191 -9 488 
-5053 -1768 -1713 4192 1298 -8591 0 0 0 0 1 181 -29 498 
-5195 -1856 -1832 4508 1330 -8599 0 0 0 0 1 182 -60 487 
-5274 -2005 -1797 4844 1436 -8417 0 0 0 0 1 176 -66 477 
-5363 -2199 -1766 5130 1313 -8119 0 0 0 0 1 166 -89 490 
-5329 -2100 -2301 5396 869 -7903 0 0 0 0 1 171 -84 490 
-5241 -2056 -2772 5864 -258 -7601 0 0 0 0 1 156 -106 492 
-5524 -1995 -3123 6056 -1059 -7499 0 0 0 0 1 151 -112 495 
-6029 -2201 -2817 5910 -1649 -7502 0 0 0 0 1 121 -121 520 
-6128 -2181 -2554 5305 -1009 -7487 0 0 0 0 1 110 -112 530 
-6086 -1904 -1994 4454 697 -7305 0 0 0 0 1 100 -106 534 
-5958 -1794 -1779 3894 1855 -7118 0 0 0 0 1 88 -109 534 
-6037 -1693 -1637 3183 2351 -6949 0 0 0 0 1 93 -116 538 
-5931 -1554 -1109 2424 920 -6775 0 0 0 0 1 93 -123 529 
-5786 -1382 -761 1859 -555 -6544 0 0 0 0 1 74 -133 529 
-5874 -1258 -745 1126 -1998 -5965 0 0 0 0 1 69 -128 550 
-5886 -1175 -843 805 -1777 -5128 0 0 0 0 1 43 -123 534 
-5921 -1041 -860 859 -821 -4571 0 0 0 0 1 41 -121 541 
-5734 -864 -688 1262 1024 -3836 0 0 0 0 1 31 -133 552 
-5648 -798 -469 1770 2166 -3319 0 0 0 0 1 35 -125 547 
-5511 -562 -236 2044 2117 -3057 0 0 0 0 1 33 -125 537 
-5426 -407 -129 2237 1252 -2684 0 0 0 0 1 47 -127 535 
-5122 -293 -37 2216 608 -2358 0 0 0 0 1 28 -122 554 
-4956 -141 -107 2034 53 -1762 0 0 0 0 1 38 -109 538 
-4942 -108 -203 1797 153 -1142 0 0 0 0 1 35 -115 551 
-4907 -110 -369 1656 452 -749 0 0 0 0 1 34 -114 550 
-4882 -94 -505 1467 762 -220 0 0 0 0 1 41 -99 550 
-4891 -28 -583 1233 582 201 0 0 0 0 1 53 -99 545 
-4926 217 -646 891 148 540 0 0 0 0 1 40 -88 549 
-4985 405 -758 623 -49 746 0 0 0 0 1 34 -96 550 
-5046 493 -905 234 -68 1067 0 0 0 0 1 57 -79 564 
-5028 574 -1167 3 71 1321 0 0 0 0 1 54 -95 544 
-5099 427 -1365 -288 153 1745 0 0 0 0 1 54 -88 554 
-5235 331 -1412 -618 -189 2221 0 0 0 0 1 56 -85 561 
-5466 221 -1435 -1032 -652 2755 0 0 0 0 1 53 -77 557 
-5557 89 -1367 -1340 -805 3155 0 0 0 0 1 40 -73 563 
-5554 -23 -1425 -1713 -840 3774 0 0 0 0 1 43 -89 559 
-5679 -171 -1557 -1917 -774 4238 0 0 0 0 1 38 -99 559 
-5970 -361 -1610 -1987 -785 4419 0 0 0 0 1 44 -93 558 
-6107 -432 -1674 -2025 -1031 4609 0 0 0 0 1 61 -88 551 
-6329 -592 -2019 -1917 -1237 4791 0 0 0 0 1 42 -98 563 
-6655 -788 -2313 -8137 7389 13002 0 0 0 0 1 192 -13 485 
-14378 -8447 -3643 -10320 4901 15160 0 0 0 0 1 192 6 466 
-15941 -7943 -3275 -11390 3382 16382 0 0 0 0 1 206 25 462 
-16934 -7740 -3471 -12271 2868 17844 0 0 0 0 1 194 84 452 
-17644 -7715 -3002 -12309 2842 18369 0 0 0 0 1 178 123 466 
-17724 -7895 -3463 -11583 1617 18322 0 0 0 0 1 141 149 465 
-16590 -8469 -3689 -9429 163 17320 0 0 0 0 1 114 165 499 
-15439 -9800 -4176 -6411 -181 15399 0 0 0 0 1 81 182 508 
-12036 -12028 -4106 -4572 1185 14143 0 0 0 0 1 46 195 513 
-7723 -13062 -1568 1369 322 -1813 0 0 0 0 1 64 192 524 
-2248 -1359 1577 1638 -659 -5707 0 0 0 0 1 67 182 511 
-2503 -1304 1256 1862 -445 -5991 0 0 0 0 1 83 185 524 
-2752 -1237 1170 2061 -100 -6455 0 0 0 0 1 83 165 511 
-2943 -1194 1017 2108 -124 -6927 0 0 0 0 1 109 165 506 
-3096 -1177 949 2036 -347 -7181 0 0 0 0 1 127 152 502 
-3169 -1233 856 1870 -873 -7450 0 0 0 0 1 146 134 512 
-3415 -1183 457 1851 -1357 -7616 0 0 0 0 1 153 122 505 
-3733 -1246 -117 1992 -1411 -7663 0 0 0 0 1 158 105 498 
-4125 -1331 -612 2395 -943 -7661 0 0 0 0 1 166 96 494 
-4362 -1335 -879 2975 -188 -7681 0 0 0 0 1 178 69 504 
-4766 -1185 -1197 3622 343 -7762 0 0 0 0 1 176 44 498 
-5040 -1167 -1399 4032 457 -7796 0 0 0 0 1 181 36 493 
-5104 -1202 -1491 4501 376 -7767 0 0 0 0 1 194 18 499 
-5195 -1256 -1664 4717 144 -7724 0 0 0 0 1 185 6 492 
-5413 -1190 -1838 4748 -101 -7752 0 0 0 0 1 184 0 498 
-5585 -1120 -1994 4700 -392 -7802 0 0 0 0 1 195 -14 481 
-5538 -1163 -2153 4653 -417 -7723 0 0 0 0 1 175 -47 501 
-5426 -1212 -2294 4662 -381 -7354 0 0 0 0 1 162 -51 500 
-5380 -1237 -2426 4678 -371 -6837 0 0 0 0 1 162 -68 500 
-5373 -1261 -2320 4606 -306 -6387 0 0 0 0 1 156 -72 501 
-5562 -1204 -2414 4564 -294 -6230 0 0 0 0 1 145 -72 506 
-5778 -1071 -2515 4564 -195 -6224 0 0 0 0 1 148 -66 507 
-5879 -1003 -2499 4622 -2 -6338 0 0 0 0 1 125 -80 523 
-5919 -860 -2388 4669 -27 -6444 0 0 0 0 1 132 -83 514 
-5948 -705 -2371 4698 -438 -6583 0 0 0 0 1 121 -79 522 
-5760 -540 -2206 4550 -808 -6501 0 0 0 0 1 112 -89 524 
-5431 -646 -1917 4269 -770 -6193 0 0 0 0 1 112 -84 534 
-5383 -632 -1786 4090 -600 -5951 0 0 0 0 1 92 -85 537 
-5428 -608 -1777 3844 -268 -5511 0 0 0 0 1 99 -78 542 
-5600 -620 -1518 3451 148 -5010 0 0 0 0 1 86 -62 552 
-5574 -536 -1341 3105 297 -4645 0 0 0 0 1 77 -66 544 
-5521 -444 -1268 2545 195 -4101 0 0 0 0 1 87 -63 554 
-5435 -254 -1310 2045 -155 -3612 0 0 0 0 1 88 -65 548 
-5259 -83 -1414 1715 -286 -3164 0 0 0 0 1 86 -60 550 
-5059 31 -1391 1550 -223 -2880 0 0 0 0 1 79 -55 543 
-4932 164 -1288 1243 -123 -2413 0 0 0 0 1 69 -57 545 
-4690 373 -911 930 -279 -2031 0 0 0 0 1 64 -62 550 
-4467 456 -641 329 -1362 -1217 0 0 0 0 1 80 -61 544 
-4315 596 -573 -34 -2490 -530 0 0 0 0 1 76 -57 557 
-4422 701 -778 -347 -3591 535 0 0 0 0 1 70 -63 554 
-4622 756 -913 -384 -3179 1299 0 0 0 0 1 53 -57 557 
-4828 847 -1036 -315 -2287 1564 0 0 0 0 1 40 -63 558 
-4881 950 -1061 -152 -803 1650 0 0 0 0 1 35 -58 570 
-4829 1000 -986 -72 -5 1578 0 0 0 0 1 33 -49 563 
-4586 1064 -831 -65 740 1424 0 0 0 0 1 48 -50 559 
-4395 1055 -686 -247 864 1334 0 0 0 0 1 47 -49 556 
-4107 1009 -525 -620 450 1394 0 0 0 0 1 44 -66 556 
-3912 939 -415 -952 51 1520 0 0 0 0 1 41 -50 559 
-3812 883 -365 -1493 -478 1800 0 0 0 0 1 41 -55 562 
-3781 797 -381 -1825 -701 2004 0 0 0 0 1 43 -65 559 
-3793 738 -452 -2196 -742 2287 0 0 0 0 1 33 -76 568 
-3872 640 -566 -2349 -651 2444 0 0 0 0 1 28 -80 563 
-3865 625 -673 -2475 -559 2655 0 0 0 0 1 28 -80 558 
-3871 657 -705 -2557 -613 2838 0 0 0 0 1 43 -84 571 
-3877 675 -625 -2617 -740 2929 0 0 0 0 1 37 -90 554 
-3960 665 -596 -2706 -994 3010 0 0 0 0 1 30 -105 570 
-4237 658 -720 -2714 -1171 3005 0 0 0 0 1 46 -121 559 
-4649 712 -808 -2677 -1190 2994 0 0 0 0 1 36 -123 559 
-5047 827 -907 -2582 -1189 3023 0 0 0 0 1 34 -121 555 
-5547 914 -1129 -2331 -1515 3055 0 0 0 0 1 34 -128 550 
-6891 814 -1814 -1727 -2019 3141 0 0 0 0 1 34 -138 557 
-7530 585 -1924 -1150 -1905 3354 0 0 0 0 1 46 -143 557 
-8404 24 -2011 47 -1221 4044 0 0 0 0 1 34 -133 557 
-9579 -1091 -2187 1285 206 5203 0 0 0 0 1 33 -127 558 
-11013 -2310 -2300 1933 1556 6104 0 0 0 0 1 56 -127 558 
-12027 -3316 -1996 2129 3710 7487 0 0 0 0 1 82 -100 565 
-13648 -4725 -1694 1798 5079 8321 0 0 0 0 1 107 -74 548 
-14454 -6156 -1414 763 6847 9949 0 0 0 0 1 136 -51 535 
-14450 -7020 -841 -1169 8356 12391 0 0 0 0 1 167 -26 528 
-15027 -7857 -20 -2962 8718 14035 0 0 0 0 1 179 9 491 
-16181 -8131 977 -6179 8038 15787 0 0 0 0 1 199 38 464 
-16594 -8128 1053 -8696 5769 17017 0 0 0 0 1 194 94 450 
-16314 -8231 1337 -9441 4582 17979 0 0 0 0 1 180 158 450 
-16006 -7630 925 -9032 3914 18899 0 0 0 0 1 145 180 445 
-15043 -9212 -440 -6970 3749 18260 0 0 0 0 1 100 209 464 
-13751 -9791 -160 -5384 3833 16534 0 0 0 0 1 77 230 470 
-10313 -11413 1588 -3836 4578 12762 0 0 0 0 1 35 240 472 
-7822 -11899 3039 -3544 4867 9139 0 0 0 0 1 16 237 486 
-4271 -12488 4114 -3563 4017 7327 0 0 0 0 1 -7 228 498 
-2157 -12187 4286 -3404 2361 5104 0 0 0 0 1 -11 235 498 
-1417 -11696 4109 -2882 1215 3072 0 0 0 0 1 -24 224 499 
-631 -10220 3813 -2410 784 1736 0 0 0 0 1 -17 224 511 
-706 -8273 3133 -1499 261 -152 0 0 0 0 1 -28 213 521 
-788 -7148 2677 -445 -33 -1424 0 0 0 0 1 -31 209 515 
-1074 -5712 2221 187 -21 -1878 0 0 0 0 1 -12 212 527 
-1492 -5035 2273 771 21 -2260 0 0 0 0 1 -1 217 520 
-1773 -4288 2582 883 -56 -2412 0 0 0 0 1 9 206 523 
-1799 -3730 2702 785 -237 -2644 0 0 0 0 1 0 218 528 
-1702 -3112 2628 639 -325 -2844 0 0 0 0 1 4 213 512 
-1574 -2758 2484 399 -287 -3232 0 0 0 0 1 17 212 527 
-1405 -2179 2146 248 -168 -3561 0 0 0 0 1 18 210 509 
-1504 -1914 1972 61 -8 -4180 0 0 0 0 1 30 203 521 
-1658 -1678 1804 -31 -131 -4869 0 0 0 0 1 53 202 513 
-1741 -1425 1592 -21 -439 -5230 0 0 0 0 1 66 186 505 
-1684 -1282 1329 150 -1053 -5551 0 0 0 0 1 68 174 526 
-1990 -995 905 441 -1350 -5752 0 0 0 0 1 87 179 516 
-2038 -953 761 662 -1165 -5817 0 0 0 0 1 88 155 527 
-2225 -957 675 1012 -408 -5961 0 0 0 0 1 100 141 520 
-2604 -769 614 1222 152 -6156 0 0 0 0 1 112 158 536 
-2960 -656 647 1483 596 -6571 0 0 0 0 1 134 134 512 
-3096 -636 704 1639 491 -7068 0 0 0 0 1 153 112 516 
-3325 -513 643 1684 242 -7405 0 0 0 0 1 160 100 507 
-3346 -475 447 1804 -253 -7754 0 0 0 0 1 163 91 504 
-3461 -431 -165 2038 -524 -7827 0 0 0 0 1 180 69 501 
-3560 -455 -534 2648 -435 -7667 0 0 0 0 1 176 56 498 
-3566 -659 -750 3416 342 -7273 0 0 0 0 1 165 26 500 
-3941 -678 -928 3925 861 -7053 0 0 0 0 1 179 22 498 
-4402 -591 -1209 4603 1172 -6960 0 0 0 0 1 188 -4 491 
-4723 -543 -1296 5062 1074 -7184 0 0 0 0 1 199 -18 492 
-5035 -413 -1440 5254 908 -7460 0 0 0 0 1 179 -9 488 
-5130 -405 -1526 5383 611 -7881 0 0 0 0 1 185 -25 483 
-5263 -498 -1556 5389 218 -8161 0 0 0 0 1 186 -41 491 
-5091 -587 -1650 5353 -98 -8109 0 0 0 0 1 176 -66 484 
-4791 -697 -1718 5262 -513 -7563 0 0 0 0 1 169 -78 491 
-4508 -918 -1811 5198 -664 -6761 0 0 0 0 1 155 -80 505 
-4685 -938 -2013 5233 -593 -6403 0 0 0 0 1 148 -80 514 
-5401 -784 -2317 5421 -302 -6340 0 0 0 0 1 147 -74 511 
-5912 -663 -2501 5606 -114 -6523 0 0 0 0 1 135 -79 508 
-6049 -569 -2443 5831 34 -6858 0 0 0 0 1 139 -83 514 
-5874 -470 -2250 5838 -251 -6908 0 0 0 0 1 123 -87 522 
-5535 -302 -2137 5736 -629 -6653 0 0 0 0 1 110 -76 526 
-4987 -332 -2037 5514 -928 -5752 0 0 0 0 1 95 -67 538 
-4846 -411 -1950 5286 -602 -4556 0 0 0 0 1 97 -60 552 
-5060 -541 -1797 5148 -192 -3813 0 0 0 0 1 102 -52 548 
-5215 -554 -1517 4820 194 -2877 0 0 0 0 1 84 -44 542 
-5178 -440 -1362 4263 0 -2202 0 0 0 0 1 95 -30 534 
-4949 -212 -1197 3510 -469 -1728 0 0 0 0 1 83 -23 538 
-4701 -65 -1005 2955 -667 -1494 0 0 0 0 1 81 -15 550 
-4546 18 -875 2112 -744 -1207 0 0 0 0 1 92 -9 549 
-4242 81 -754 1370 -869 -915 0 0 0 0 1 96 -4 554 
-13328 -6674 1152 -7754 4981 17173 0 0 0 0 1 178 30 508 
-13875 -6519 1353 -8593 4394 18000 0 0 0 0 1 173 55 497 
-13658 -6710 2158 -9372 3269 18801 0 0 0 0 1 165 80 479 
-13162 -6631 1876 -9092 1447 18751 0 0 0 0 1 117 134 516 
-12215 -6946 107 -7745 112 17950 0 0 0 0 1 93 148 508 
-11182 -7540 -935 -4364 -648 15166 0 0 0 0 1 74 172 518 
-9204 -9015 -1739 -1984 6 12647 0 0 0 0 1 37 191 521 
-7026 -10075 -486 1 2758 9167 0 0 0 0 1 14 191 521 
-4248 -10324 1534 265 3723 7353 0 0 0 0 1 10 209 531 
-2550 -9912 2202 42 2622 5152 0 0 0 0 1 7 206 530 
-1848 -9585 2821 -429 914 3089 0 0 0 0 1 5 197 527 
-1670 -9426 2894 -674 327 1854 0 0 0 0 1 -1 209 538 
-1283 -8465 2325 -591 -168 333 0 0 0 0 1 0 201 535 
-1162 -7160 1446 -234 -316 -449 0 0 0 0 1 -3 207 531 
-1195 -5819 1077 480 -104 -1332 0 0 0 0 1 1 209 529 
-1442 -5054 1085 1138 294 -2045 0 0 0 0 1 -4 201 535 
-1693 -4213 1352 1418 436 -2461 0 0 0 0 1 4 201 523 
-1610 -3436 1782 1504 500 -3006 0 0 0 0 1 18 215 514 
-1496 -2964 2005 1250 387 -3534 0 0 0 0 1 22 209 518 
-1288 -2385 2192 838 195 -4070 0 0 0 0 1 42 210 505 
-1171 -1877 2174 558 60 -4455 0 0 0 0 1 53 207 508 
-1238 -1668 2071 258 -280 -5100 0 0 0 0 1 70 196 512 
-1412 -1509 1721 207 -662 -5519 0 0 0 0 1 73 191 512 
-1393 -1385 1325 334 -1203 -5960 0 0 0 0 1 87 179 523 
-1454 -1269 1136 630 -1304 -6239 0 0 0 0 1 109 158 515 
-1632 -1154 922 894 -1061 -6385 0 0 0 0 1 116 148 508 
-1780 -1153 851 1321 -233 -6599 0 0 0 0 1 119 141 522 
-2043 -996 799 1604 428 -6781 0 0 0 0 1 136 130 500 
-2277 -941 821 1978 1055 -7106 0 0 0 0 1 152 106 497 
-2427 -1046 795 2275 1035 -7481 0 0 0 0 1 146 105 500 
-2804 -1088 756 2403 690 -7803 0 0 0 0 1 173 94 497 
-3096 -1190 458 2561 -280 -8252 0 0 0 0 1 194 55 497 
-3453 -1218 137 2776 -1263 -8598 0 0 0 0 1 186 34 495 
-3908 -1208 -473 3024 -1437 -8716 0 0 0 0 1 193 14 502 
-4068 -1275 -751 3587 -583 -8706 0 0 0 0 1 195 -2 486 
-4392 -1393 -959 4054 516 -8623 0 0 0 0 1 194 -6 494 
-4606 -1300 -1018 4776 2065 -8436 0 0 0 0 1 181 -26 493 
-4645 -1316 -1021 5328 2447 -8225 0 0 0 0 1 185 -47 485 
-4734 -1237 -1004 5524 1845 -8047 0 0 0 0 1 173 -62 476 
-4677 -1318 -1108 5568 265 -7606 0 0 0 0 1 181 -73 491 
-4954 -1244 -1373 5560 -621 -7130 0 0 0 0 1 174 -78 484 
-5313 -1172 -1519 5657 -513 -6827 0 0 0 0 1 166 -87 499 
-5693 -1262 -1659 5946 -105 -6345 0 0 0 0 1 152 -96 506 
-5909 -1228 -1786 6202 183 -5942 0 0 0 0 1 147 -89 518 
-5891 -1137 -1831 6283 594 -5601 0 0 0 0 1 125 -85 507 
-5619 -1118 -1795 6231 863 -5355 0 0 0 0 1 128 -89 534 
-5313 -1291 -1810 6074 1221 -4920 0 0 0 0 1 127 -78 521 
-5014 -1262 -1808 5848 1199 -4574 0 0 0 0 1 139 -76 519 
-4948 -1191 -1771 5621 617 -4389 0 0 0 0 1 119 -62 527 
-4800 -1196 -1807 5111 -567 -4110 0 0 0 0 1 116 -52 518 
-4711 -1177 -1872 4557 -1168 -3899 0 0 0 0 1 112 -40 531 
-4588 -1219 -2104 4287 -1105 -3739 0 0 0 0 1 115 -36 528 
-4399 -1244 -2156 4021 -354 -3470 0 0 0 0 1 112 -33 538 
-4270 -1160 -2066 3829 285 -3211 0 0 0 0 1 96 -34 533 
-4148 -1071 -2013 3659 154 -3041 0 0 0 0 1 114 -38 536 
-4146 -976 -1928 3249 -648 -2858 0 0 0 0 1 103 -22 540 
-4016 -895 -1853 2886 -1201 -2752 0 0 0 0 1 106 -12 537 
-4141 -821 -1878 2332 -1543 -2633 0 0 0 0 1 112 -13 534 
-4154 -775 -1911 1890 -1155 -2496 0 0 0 0 1 102 -13 548 
-4009 -692 -1841 1645 -797 -2342 0 0 0 0 1 90 -15 541 
-3888 -683 -1684 1217 -893 -2013 0 0 0 0 1 83 -15 543 
-4015 -674 -1672 682 -1797 -1677 0 0 0 0 1 86 -3 545 
-4257 -462 -1689 108 -2325 -1357 0 0 0 0 1 80 -17 556 
-4312 -455 -1673 -215 -2049 -1077 0 0 0 0 1 81 -15 550 
-4250 -382 -1571 -643 -875 -525 0 0 0 0 1 81 -13 557 
-4079 -351 -1458 -992 -80 183 0 0 0 0 1 79 -23 566 
-4056 -251 -1435 -1226 -164 643 0 0 0 0 1 71 -18 545 
-4141 -29 -1405 -1589 -862 1192 0 0 0 0 1 71 -33 557 
-4179 -2 -1392 -1939 -1536 1638 0 0 0 0 1 61 -26 554 
-4215 91 -1443 -2144 -1721 1893 0 0 0 0 1 53 -40 562 
-4532 161 -1625 -2380 -1630 2164 0 0 0 0 1 31 -104 566 
-7955 -1749 -2446 -2311 -1635 5873 0 0 0 0 1 33 -117 572 
-8781 -2560 -2702 -1907 -915 6194 0 0 0 0 1 41 -121 569 
-9805 -3655 -2699 -1460 455 6765 0 0 0 0 1 44 -112 572 
-10504 -4458 -2449 -1373 1497 7780 0 0 0 0 1 63 -115 572 
-11519 -6217 -2193 -1676 2099 9805 0 0 0 0 1 61 -93 554 
-12060 -6822 -1968 -2341 2801 11753 0 0 0 0 1 94 -93 558 
-13075 -7158 -1783 -4301 4534 14881 0 0 0 0 1 112 -77 550 
-14949 -8030 -1265 -6989 5674 17187 0 0 0 0 1 159 -28 513 
-17159 -8128 -1061 -8545 5177 17959 0 0 0 0 1 167 -12 502 
-18499 -7980 -1375 -9839 3848 18711 0 0 0 0 1 188 22 493 
-18315 -8551 -967 -10567 3879 19504 0 0 0 0 1 175 57 483 
-18449 -8209 -740 -10659 2599 19805 0 0 0 0 1 175 104 478 
-18209 -8303 -804 -9379 -502 19458 0 0 0 0 1 121 145 501 
-16920 -9328 -2126 -5725 -1540 17314 0 0 0 0 1 79 172 518 
-13828 -11668 -3661 -2586 -205 15346 0 0 0 0 1 49 174 526 
-9122 -13973 -1439 612 4186 12671 0 0 0 0 1 22 209 515 
-6485 -13984 1235 1005 5686 10011 0 0 0 0 1 22 195 518 
-4448 -12893 3115 490 3356 6683 0 0 0 0 1 8 217 506 
-2852 -12325 4097 10 2309 4436 0 0 0 0 1 -4 230 512 
-1728 -11970 4334 -529 1481 1870 0 0 0 0 1 0 228 502 
-675 -10712 3507 -472 649 711 0 0 0 0 1 -16 220 507 
-619 -8976 2885 100 -201 -677 0 0 0 0 1 -15 222 506 
-981 -7801 2559 890 -459 -1913 0 0 0 0 1 -9 228 521 
-1547 -6132 2506 1455 -650 -2874 0 0 0 0 1 3 219 511 
-1616 -4865 2564 1642 -807 -3256 0 0 0 0 1 17 231 506 
-1609 -4134 2685 1619 -792 -3625 0 0 0 0 1 14 225 498 
-1794 -2834 2678 1393 -666 -3961 0 0 0 0 1 30 233 491 
-1888 -2355 2686 1204 -716 -4202 0 0 0 0 1 38 222 494 
-1987 -1970 2590 953 -1084 -4610 0 0 0 0 1 55 226 487 
-2153 -1488 2190 855 -1400 -4922 0 0 0 0 1 64 219 490 
-2298 -1092 1693 850 -1677 -5437 0 0 0 0 1 69 214 499 
-2457 -910 1392 1001 -1684 -5992 0 0 0 0 1 99 196 493 
-2694 -700 1023 1164 -1606 -6333 0 0 0 0 1 95 187 485 
-2712 -662 838 1444 -1478 -6654 0 0 0 0 1 115 186 500 
-2735 -704 698 1606 -1332 -6754 0 0 0 0 1 127 174 493 
-2846 -695 569 1795 -1077 -6834 0 0 0 0 1 136 166 491 
-2918 -705 463 1946 -808 -6923 0 0 0 0 1 155 147 498 
-3066 -686 233 2044 -672 -7035 0 0 0 0 1 152 145 483 
-3223 -693 53 2216 -537 -7368 0 0 0 0 1 175 104 487 
-3547 -742 -275 2355 -492 -7687 0 0 0 0 1 180 94 490 
-3841 -787 -615 2625 -374 -8235 0 0 0 0 1 184 73 488 
-4011 -803 -777 2957 -304 -8703 0 0 0 0 1 194 60 492 
-4089 -859 -1069 3196 -407 -8837 0 0 0 0 1 191 34 488 
-4050 -1028 -1342 3568 -689 -8715 0 0 0 0 1 207 7 486 
-4064 -1229 -1610 3905 -594 -8431 0 0 0 0 1 198 -24 493 
-4285 -1303 -1778 4111 -208 -8245 0 0 0 0 1 180 -35 494 
-4498 -1459 -1896 4383 553 -7957 0 0 0 0 1 191 -63 491 
-4669 -1550 -1982 4635 1042 -7661 0 0 0 0 1 188 -58 486 
-4842 -1587 -1987 4753 935 -7386 0 0 0 0 1 172 -63 500 
-4769 -1677 -1882 4712 502 -7205 0 0 0 0 1 169 -85 481 
-4889 -1680 -1894 4525 -473 -7005 0 0 0 0 1 160 -95 498 
-4808 -1708 -1978 4321 -1087 -6813 0 0 0 0 1 147 -111 506 
-5095 -1720 -2273 4292 -1030 -6740 0 0 0 0 1 133 -121 508 
-5280 -1657 -2426 4472 -244 -6678 0 0 0 0 1 122 -125 512 
-5363 -1556 -2498 4841 773 -6539 0 0 0 0 1 109 -106 520 
-5373 -1400 -2263 5074 1072 -6360 0 0 0 0 1 115 -115 519 
-5225 -1373 -1994 5159 900 -5902 0 0 0 0 1 102 -99 541 
-4845 -1394 -1562 4907 547 -5307 0 0 0 0 1 83 -101 522 
-4569 -1403 -1341 4628 381 -4913 0 0 0 0 1 95 -96 541 
-4452 -1426 -1250 4096 309 -4404 0 0 0 0 1 70 -85 554 
-4461 -1447 -1024 1057 -645 -1391 0 0 0 0 1 46 -65 562 
-4479 -301 -786 874 -398 -1184 0 0 0 0 1 57 -77 552 
-4497 -212 -886 672 221 -941 0 0 0 0 1 61 -66 551 
-4471 -141 -816 503 624 -718 0 0 0 0 1 53 -57 555 
-4474 -24 -765 376 518 -540 0 0 0 0 1 64 -60 555 
-4470 109 -808 182 -3 -195 0 0 0 0 1 55 -65 545 
-4466 195 -868 -1 -329 243 0 0 0 0 1 62 -67 555 
-4480 249 -1072 -96 -239 715 0 0 0 0 1 64 -62 550 
-4539 212 -1089 -135 -59 1014 0 0 0 0 1 50 -52 555 
-4571 177 -1074 -261 41 1436 0 0 0 0 1 51 -63 558 
-4701 146 -1103 -419 -82 1689 0 0 0 0 1 49 -66 549 
-4868 126 -1177 -745 -349 2014 0 0 0 0 1 63 -68 561 
-4981 106 -1273 -1110 -366 2275 0 0 0 0 1 47 -58 551 
-5100 18 -1425 -1335 -177 2438 0 0 0 0 1 64 -55 566 
-5179 -57 -1485 -1643 154 2692 0 0 0 0 1 53 -62 564 
-5349 -172 -1442 -2024 3 3023 0 0 0 0 1 51 -73 551 
-5600 -111 -1449 -2346 -445 3303 0 0 0 0 1 54 -63 565 
-5820 -106 -1496 -2806 -1248 3866 0 0 0 0 1 60 -82 566 
-6923 -683 -2220 -3566 665 10301 0 0 0 0 1 115 -122 551 
-12090 -6781 -2839 -3684 1307 10914 0 0 0 0 1 138 -79 527 
-12945 -7583 -1966 -4238 1592 12699 0 0 0 0 1 156 -62 518 
-13717 -8055 -1349 -5049 1935 15274 0 0 0 0 1 156 -35 520 
-15220 -8293 -976 -5487 2109 16977 0 0 0 0 1 169 2 505 
-16946 -8216 -548 -5893 1746 18719 0 0 0 0 1 176 17 507 
-17223 -7882 -254 -5905 1300 19761 0 0 0 0 1 163 72 511 
-17318 -7833 369 -5636 1338 20003 0 0 0 0 1 122 147 500 
-17139 -8308 -461 -5082 819 19596 0 0 0 0 1 92 169 507 
-16393 -9415 -1037 -3604 920 17874 0 0 0 0 1 55 190 513 
-14198 -10454 -1357 -2513 1404 15926 0 0 0 0 1 28 196 528 
-345 -6476 2356 -858 -26 -1106 0 0 0 0 1 -62 180 555 
-512 -5338 2321 -661 131 -2155 0 0 0 0 1 -61 169 549 
-661 -4665 2135 -378 372 -3109 0 0 0 0 1 -57 177 552 
-867 -3815 1957 -173 639 -3705 0 0 0 0 1 -36 175 559 
-1025 -3334 1986 63 1009 -4540 0 0 0 0 1 -27 163 550 
-1211 -2827 2086 181 1123 -5207 0 0 0 0 1 -10 170 559 
-1163 -2285 2216 216 819 -5610 0 0 0 0 1 -11 166 556 
-1129 -2003 2226 241 364 -5726 0 0 0 0 1 17 177 559 
-1019 -1835 2035 366 -399 -5659 0 0 0 0 1 25 159 549 
-1079 -1683 1710 621 -828 -5584 0 0 0 0 1 48 153 552 
-1524 -1479 1412 834 -794 -5674 0 0 0 0 1 53 150 543 
-1834 -1390 1212 1226 -299 -6077 0 0 0 0 1 63 144 542 
-2588 -1168 729 1546 93 -6538 0 0 0 0 1 64 141 545 
-2723 -1099 603 2074 574 -7416 0 0 0 0 1 92 132 530 
-3147 -953 303 2392 861 -8026 0 0 0 0 1 94 134 526 
-3157 -913 202 2807 1233 -8804 0 0 0 0 1 109 126 520 
-3106 -929 120 3152 1326 -9284 0 0 0 0 1 132 95 526 
-3192 -1024 58 3307 1167 -9452 0 0 0 0 1 152 87 515 
-3257 -1174 32 3366 712 -9450 0 0 0 0 1 158 56 507 
-3375 -1651 -351 3358 333 -9324 0 0 0 0 1 172 56 502 
-3687 -1753 -554 3312 144 -9292 0 0 0 0 1 185 20 508 
-4181 -1804 -988 3341 389 -9431 0 0 0 0 1 176 12 505 
-4363 -1917 -1414 3631 1143 -9739 0 0 0 0 1 178 -3 490 
-4691 -2137 -1903 3977 1772 -9967 0 0 0 0 1 187 -23 497 
-4753 -2186 -2073 4616 2640 -10187 0 0 0 0 1 188 -41 486 
-4743 -2186 -2240 5295 2979 -10106 0 0 0 0 1 189 -84 480 
-4376 -2241 -2227 5660 2760 -9745 0 0 0 0 1 179 -105 477 
-4131 -2442 -2135 5869 1806 -8875 0 0 0 0 1 162 -100 481 
-4498 -2781 -1984 5561 674 -8069 0 0 0 0 1 162 -122 470 
-4742 -2906 -2006 5191 351 -7751 0 0 0 0 1 151 -125 488 
-5533 -3005 -2148 4656 809 -7556 0 0 0 0 1 142 -136 499 
-5692 -2910 -2293 4431 1635 -7454 0 0 0 0 1 134 -137 502 
-5893 -2896 -2264 4369 2717 -7320 0 0 0 0 1 115 -157 502 
-5735 -2722 -1991 4382 2571 -7130 0 0 0 0 1 108 -149 509 
-5230 -2453 -1666 4276 1255 -6624 0 0 0 0 1 107 -160 513 
-5037 -2392 -1577 4024 -132 -5930 0 0 0 0 1 81 -153 518 
-4760 -2396 -1683 3877 -538 -5391 0 0 0 0 1 74 -160 520 
-4864 -2398 -1702 3758 73 -4714 0 0 0 0 1 74 -143 529 
-5037 -2355 -1679 3782 1501 -4358 0 0 0 0 1 62 -155 538 
-5273 -2276 -1483 3830 2275 -4297 0 0 0 0 1 57 -136 541 
-5169 -2150 -1176 3785 2321 -4244 0 0 0 0 1 62 -121 534 
-4688 -1941 -888 3519 1070 -4008 0 0 0 0 1 62 -116 536 
-4311 -1704 -909 3131 -118 -3624 0 0 0 0 1 56 -122 544 
-4361 -1637 -1125 2936 -426 -3347 0 0 0 0 1 56 -105 544 
-4354 -1573 -1309 2806 -49 -2904 0 0 0 0 1 57 -109 552 
-4433 -1512 -1409 2793 541 -2626 0 0 0 0 1 50 -96 545 
-4408 -1386 -1378 2774 1331 -2248 0 0 0 0 1 55 -89 552 
-4320 -1248 -1285 2629 1453 -1880 0 0 0 0 1 61 -83 547 
-4170 -1215 -1058 2406 1052 -1623 0 0 0 0 1 70 -73 556 
-4094 -1181 -970 1912 131 -1239 0 0 0 0 1 56 -80 551 
-4258 -1120 -1043 1396 -446 -949 0 0 0 0 1 64 -67 550 
-4420 -1107 -1275 1119 -444 -768 0 0 0 0 1 60 -69 562 
-4409 -1096 -1347 748 92 -424 0 0 0 0 1 64 -67 543 
-4313 -1064 -1335 514 503 -128 0 0 0 0 1 68 -58 556 
-4238 -1032 -1310 145 693 373 0 0 0 0 1 57 -67 550 
-4122 -943 -1223 -265 411 833 0 0 0 0 1 64 -62 555 
-4143 -865 -1214 -540 118 1079 0 0 0 0 1 67 -60 552 
-4138 -816 -1226 -915 -226 1370 0 0 0 0 1 64 -62 555 
-4083 -758 -1189 -1283 -379 1620 0 0 0 0 1 71 -72 548 
-4029 -725 -1205 -1527 -426 1793 0 0 0 0 1 57 -65 545 
-4008 -693 -1216 -1878 -405 2054 0 0 0 0 1 68 -68 556 
-3968 -670 -1251 -2109 -317 2236 0 0 0 0 1 63 -66 549 
-3988 -672 -1291 -2450 -145 2495 0 0 0 0 1 64 -69 550 
-3976 -643 -1360 -2767 43 2735 0 0 0 0 1 64 -87 559 
-4050 -650 -1356 -2982 121 2871 0 0 0 0 1 69 -104 543 
-4080 -671 -1308 -3324 -98 3068 0 0 0 0 1 67 -99 541 
-4110 -594 -1257 -3724 -563 3272 0 0 0 0 1 87 -100 551 
-4135 -503 -1161 -4036 -722 3415 0 0 0 0 1 69 -118 543 
-4034 -457 -1213 -4498 -685 3684 0 0 0 0 1 82 -120 528 
-9363 -3863 -3939 -3889 -1915 8004 0 0 0 0 1 127 -161 509 
-10561 -4563 -3816 -4280 -2133 10225 0 0 0 0 1 133 -145 497 
-11330 -5097 -3825 -4613 -541 12326 0 0 0 0 1 163 -111 506 
-12562 -5801 -3932 -4848 1650 13978 0 0 0 0 1 181 -90 491 
-13633 -6479 -3620 -5112 2579 14887 0 0 0 0 1 208 -69 471 
-14118 -6556 -3504 -5709 2691 16208 0 0 0 0 1 202 -22 460 
-14784 -6842 -2628 -6281 2404 16855 0 0 0 0 1 209 19 456 
-15308 -6678 -2519 -7073 1182 17043 0 0 0 0 1 199 67 452 
-15190 -6455 -2017 -7627 583 16406 0 0 0 0 1 161 133 462 
-14288 -6226 -1225 -7809 -202 15669 0 0 0 0 1 138 155 480 
-13494 -6563 -1000 -7409 -2131 14489 0 0 0 0 1 115 179 493 
-11624 -7844 -1157 -6546 -2923 13902 0 0 0 0 1 76 180 504 
-9903 -8896 -1848 -4357 -2458 13338 0 0 0 0 1 42 191 523 
-6535 -10459 -1305 -2198 74 12285 0 0 0 0 1 4 196 544 
-5030 -10461 -173 -1118 2196 10163 0 0 0 0 1 -27 197 538 
-3480 -10110 1367 -803 2223 8243 0 0 0 0 1 -33 193 544 
-2534 -9915 1734 -490 1260 5322 0 0 0 0 1 -25 213 542 
-1222 -3085 2012 937 -485 -5115 0 0 0 0 1 -10 195 534 
-1385 -2527 1837 724 -744 -5527 0 0 0 0 1 12 192 524 
-3622 -784 77 2553 371 -8393 0 0 0 0 1 132 120 528 
-3786 -740 34 2917 -78 -8838 0 0 0 0 1 140 104 513 
-3909 -739 -175 3110 -300 -8960 0 0 0 0 1 156 99 508 
-3985 -823 -460 3422 -310 -8855 0 0 0 0 1 169 85 507 
-3917 -989 -542 3737 173 -8355 0 0 0 0 1 175 62 501 
-3954 -1273 -590 3970 772 -7683 0 0 0 0 1 175 40 497 
-4207 -1247 -868 4104 898 -7327 0 0 0 0 1 186 24 498 
-4588 -1230 -1168 4299 708 -7089 0 0 0 0 1 192 8 483 
-4986 -1179 -1367 4498 337 -7286 0 0 0 0 1 193 2 488 
-5480 -1141 -1692 4663 -90 -7831 0 0 0 0 1 193 -12 491 
-5428 -1222 -1835 4687 -160 -8006 0 0 0 0 1 186 -31 486 
-5029 -1210 -2011 4702 -122 -7840 0 0 0 0 1 185 -50 504 
-4653 -1460 -2028 4727 153 -7204 0 0 0 0 1 173 -65 501 
-4764 -1527 -2082 4804 581 -6552 0 0 0 0 1 168 -74 501 
-5296 -1426 -2317 4939 847 -6324 0 0 0 0 1 156 -72 499 
-5560 -1400 -2328 5190 1234 -6309 0 0 0 0 1 151 -88 505 
-5880 -1226 -2313 5419 1165 -6513 0 0 0 0 1 167 -83 500 
-5681 -1079 -2344 5491 911 -6609 0 0 0 0 1 140 -84 494 
-5121 -1063 -2288 5420 594 -6514 0 0 0 0 1 148 -90 509 
-4733 -1028 -2320 5234 507 -6150 0 0 0 0 1 123 -84 511 
-4332 -1004 -2303 5070 670 -5849 0 0 0 0 1 126 -94 513 
-4352 -1027 -2298 4800 887 -5391 0 0 0 0 1 125 -93 519 
-4390 -1129 -2172 4414 832 -4882 0 0 0 0 1 112 -89 524 
-4376 -1239 -1818 4012 549 -4498 0 0 0 0 1 112 -89 513 
-4357 -1095 -1703 3254 -208 -3932 0 0 0 0 1 121 -77 518 
-4315 -987 -1646 2473 -495 -3426 0 0 0 0 1 108 -83 514 
-4388 -922 -1791 1974 -31 -3050 0 0 0 0 1 100 -84 520 
-4460 -827 -1979 1848 469 -2875 0 0 0 0 1 112 -74 536 
-4448 -815 -1866 1793 764 -2633 0 0 0 0 1 106 -85 521 
-4372 -738 -1701 1694 -11 -2279 0 0 0 0 1 108 -85 528 
-4260 -506 -1532 1452 -983 -1732 0 0 0 0 1 99 -78 537 
-4139 -474 -1486 1275 -1220 -1256 0 0 0 0 1 94 -83 528 
-4207 -476 -1488 1052 -649 -572 0 0 0 0 1 99 -78 526 
-4379 -445 -1518 899 443 -43 0 0 0 0 1 95 -72 529 
-4514 -496 -1694 842 818 220 0 0 0 0 1 95 -69 529 
-4525 -588 -1677 708 627 512 0 0 0 0 1 96 -66 535 
-4483 -637 -1666 486 -18 762 0 0 0 0 1 103 -66 528 
-4394 -636 -1726 303 -325 931 0 0 0 0 1 102 -57 522 
-4355 -672 -1757 1 -338 1189 0 0 0 0 1 102 -57 524 
-4343 -737 -1797 -230 -179 1360 0 0 0 0 1 102 -52 538 
-4368 -810 -1755 -660 72 1602 0 0 0 0 1 104 -50 534 
-4397 -850 -1721 -1187 118 1830 0 0 0 0 1 89 -46 535 
-4413 -897 -1669 -1573 -16 1971 0 0 0 0 1 97 -57 541 
-4369 -957 -1661 -2131 -412 2208 0 0 0 0 1 108 -58 540 
-4270 -966 -1704 -2592 -867 2514 0 0 0 0 1 103 -61 540 
-4293 -961 -1784 -2838 -1182 2732 0 0 0 0 1 104 -62 548 
-4419 -899 -1855 -3132 -1710 3069 0 0 0 0 1 99 -73 537 
-4576 -873 -1929 -3373 -2119 3390 0 0 0 0 1 102 -65 534 
-4796 -606 -1740 -3688 -2007 3750 0 0 0 0 1 99 -90 549 
-4867 -371 -1584 -4108 -1542 4141 0 0 0 0 1 84 -93 549 
-4986 -176 -1384 -4493 -1201 4645 0 0 0 0 1 92 -93 544 
-4951 -167 -1915 -4463 -1583 5325 0 0 0 0 1 89 -105 549 
-5558 -284 -2345 -4260 -2190 5773 0 0 0 0 1 112 -111 538 
-6271 -433 -2495 -3914 -3043 6427 0 0 0 0 1 93 -101 545 
-7552 -657 -2487 -3746 -3105 6977 0 0 0 0 1 103 -103 542 
-9154 -1051 -3129 -3667 -2418 7286 0 0 0 0 1 92 -107 549 
-10562 -1892 -4124 -3575 -69 8132 0 0 0 0 1 102 -121 541 
-11230 -2313 -4783 -3676 2431 10011 0 0 0 0 1 129 -93 542 
-12417 -3002 -4664 -4127 3482 11538 0 0 0 0 1 149 -79 531 
-13707 -3271 -4219 -5327 2742 13699 0 0 0 0 1 173 -52 513 
-14387 -3316 -3799 -6787 1086 15480 0 0 0 0 1 173 -28 499 
-15885 -3555 -3595 -7627 1054 16363 0 0 0 0 1 185 -6 499 
-16827 -4020 -3590 -8479 1452 17325 0 0 0 0 1 184 29 488 
-17694 -4252 -3484 -8630 1192 17401 0 0 0 0 1 161 79 504 
-18031 -4837 -3276 -8296 802 16982 0 0 0 0 1 152 111 515 
-17712 -5004 -2866 -7238 11 15860 0 0 0 0 1 123 123 518 
-16440 -6417 -1677 -5800 -1151 15023 0 0 0 0 1 94 144 530 
-13212 -8499 -1139 -3811 -2062 14651 0 0 0 0 1 76 165 541 
-11364 -9354 -982 -2350 -1787 14244 0 0 0 0 1 33 171 556 
-9693 -9925 -480 -637 -571 12630 0 0 0 0 1 -17 172 559 
-7342 -10236 699 75 -43 10948 0 0 0 0 1 -47 169 551 
-5750 -10208 1357 741 -23 8182 0 0 0 0 1 -60 182 550 
-3731 -9865 1208 1343 145 5786 0 0 0 0 1 -68 183 549 
-2492 -9285 1090 1642 602 4442 0 0 0 0 1 -87 169 542 
-2054 -8535 1122 1889 1144 2755 0 0 0 0 1 -76 190 545 
-1308 -6989 1432 1828 1195 1568 0 0 0 0 1 -88 175 541 
-1059 -6251 1636 1613 1048 1002 0 0 0 0 1 -88 182 527 
-866 -5559 1765 1143 587 365 0 0 0 0 1 -80 179 537 
-598 -4381 1850 667 -11 -146 0 0 0 0 1 -93 197 527 
-523 -3877 1809 406 -371 -464 0 0 0 0 1 -88 207 527 
-462 -3457 1757 140 -735 -943 0 0 0 0 1 -92 206 533 
-382 -2958 1629 22 -844 -1430 0 0 0 0 1 -73 208 533 
-334 -2512 1393 31 -778 -1759 0 0 0 0 1 -75 206 533 
-195 -1970 1183 193 -306 -2376 0 0 0 0 1 -75 210 537 
-120 -1740 1142 406 140 -2782 0 0 0 0 1 -58 210 526 
-147 -1325 1074 577 349 -3054 0 0 0 0 1 -61 210 530 
-144 -1086 1134 831 474 -3432 0 0 0 0 1 -51 203 526 
-139 -752 1246 1049 362 -3741 0 0 0 0 1 -29 212 518 
-220 -455 1385 1152 208 -3919 0 0 0 0 1 -35 203 528 
-231 -323 1458 1260 -85 -4113 0 0 0 0 1 -29 217 524 
-458 -202 1374 1322 -410 -4284 0 0 0 0 1 -10 222 504 
-814 8 1195 1345 -521 -4435 0 0 0 0 1 7 233 509 
-1015 165 1050 1396 -422 -4696 0 0 0 0 1 29 224 504 
-1210 268 883 1452 -203 -4871 0 0 0 0 1 33 215 498 
-1483 405 866 1529 229 -5137 0 0 0 0 1 51 220 505 
-1544 485 868 1589 552 -5315 0 0 0 0 1 60 219 487 
-1579 543 930 1583 653 -5375 0 0 0 0 1 76 214 492 
-1612 636 990 1501 666 -5413 0 0 0 0 1 86 202 492 
-1708 773 996 1405 391 -5404 0 0 0 0 1 106 186 481 
-1848 873 762 1386 -220 -5320 0 0 0 0 1 130 177 487 
-1885 904 661 1440 -651 -5212 0 0 0 0 1 136 169 474 
-1941 827 443 1562 -955 -5035 0 0 0 0 1 146 169 472 
-2255 833 520 1591 -834 -4991 0 0 0 0 1 158 154 467 
-2356 920 545 1569 -341 -4999 0 0 0 0 1 156 160 487 
-2430 944 420 1589 266 -5021 0 0 0 0 1 179 127 456 
-2422 954 315 1645 668 -5038 0 0 0 0 1 186 125 465 
-2496 965 247 1797 1169 -5109 0 0 0 0 1 188 98 451 
-2675 976 174 1933 1359 -5198 0 0 0 0 1 202 93 453 
-2788 1037 82 2169 1345 -5374 0 0 0 0 1 215 74 452 
-2886 1094 -47 2323 1155 -5491 0 0 0 0 1 218 60 438 
-2950 1112 -56 2502 710 -5628 0 0 0 0 1 218 55 443 
-3032 1075 -48 2587 394 -5664 0 0 0 0 1 234 42 434 
-3098 987 -11 2652 121 -5654 0 0 0 0 1 227 11 427 
-3037 913 30 2672 314 -5564 0 0 0 0 1 224 -19 423 
-3163 885 118 2660 662 -5523 0 0 0 0 1 233 -34 426 
-3175 924 193 2562 1238 -5460 0 0 0 0 1 228 -41 421 
-3159 899 87 2474 1409 -5396 0 0 0 0 1 230 -55 422 
-3286 856 -67 2309 1176 -5316 0 0 0 0 1 220 -65 410 
-3368 870 -130 2118 563 -5221 0 0 0 0 1 215 -84 417 
-3536 694 -125 1974 150 -5158 0 0 0 0 1 220 -116 422 
-3588 579 4 1706 -191 -5045 0 0 0 0 1 204 -123 427 
-3371 431 117 1384 -327 -4796 0 0 0 0 1 194 -141 424 
-3270 281 152 1159 -432 -4595 0 0 0 0 1 179 -157 428 
-3119 264 154 810 -614 -4256 0 0 0 0 1 172 -152 430 
-2940 179 123 597 -728 -4015 0 0 0 0 1 165 -176 426 
-3032 82 -35 379 -849 -3716 0 0 0 0 1 148 -171 449 
-3064 52 -136 346 -750 -3545 0 0 0 0 1 140 -190 448 
-3318 -105 -118 382 -588 -3543 0 0 0 0 1 141 -193 442 
-3496 -172 -5 471 -359 -3684 0 0 0 0 1 129 -210 449 
-3567 -208 14 543 -301 -3824 0 0 0 0 1 120 -208 440 
-3436 -229 0 563 -356 -3855 0 0 0 0 1 107 -222 452 
-3246 -240 15 567 -424 -3743 0 0 0 0 1 104 -222 445 
-2867 -400 54 572 -378 -3534 0 0 0 0 1 90 -234 455 
-2600 -513 101 571 -68 -3090 0 0 0 0 1 77 -240 456 
-2537 -683 109 586 430 -2738 0 0 0 0 1 63 -223 449 
-2673 -692 78 613 782 -2621 0 0 0 0 1 62 -231 462 
-2801 -749 116 623 1136 -2638 0 0 0 0 1 55 -234 459 
-2934 -776 203 604 1151 -2783 0 0 0 0 1 54 -228 460 
-2853 -775 179 578 984 -2888 0 0 0 0 1 33 -237 458 
-2743 -779 158 523 636 -3002 0 0 0 0 1 35 -245 458 
-2518 -905 185 468 471 -3035 0 0 0 0 1 25 -240 458 
-2354 -975 189 372 430 -3016 0 0 0 0 1 14 -242 460 
-2204 -1038 136 282 511 -2968 0 0 0 0 1 8 -251 459 
-2096 -1106 90 229 592 -2925 0 0 0 0 1 11 -235 477 
-2062 -1154 59 169 686 -2863 0 0 0 0 1 0 -252 456 
-2008 -1248 13 146 745 -2820 0 0 0 0 1 0 -245 460 
-1986 -1301 9 130 851 -2763 0 0 0 0 1 -15 -253 459 
-2086 -1744 -242 723 308 -2032 0 0 0 0 1 -74 -231 471 
-2021 -1685 -349 809 204 -1756 0 0 0 0 1 -73 -233 474 
-1963 -1653 -387 897 221 -1433 0 0 0 0 1 -77 -237 470 
-1866 -1628 -404 974 408 -1055 0 0 0 0 1 -87 -225 486 
-1766 -1597 -366 997 615 -776 0 0 0 0 1 -87 -228 479 
-1664 -1584 -322 995 945 -334 0 0 0 0 1 -87 -213 484 
-1586 -1596 -289 937 1245 112 0 0 0 0 1 -88 -231 485 
-1550 -1614 -239 834 1479 518 0 0 0 0 1 -76 -229 492 
-1529 -1619 -185 749 1598 744 0 0 0 0 1 -79 -209 490 
