Data Quantity : 14  Accelerometer : 3  Gyroscope : 3  FSR : 5







-997 1673 28 55 -46 31 0 0 0 0 1 217 120 346 
-1017 1672 25 41 -55 33 0 0 0 0 1 232 116 352 
-1021 1672 17 31 -58 22 0 0 0 0 1 217 112 342 
-1022 1673 14 25 -52 8 0 0 0 0 1 217 120 349 
-1030 1678 9 6 -48 -33 0 0 0 0 1 218 118 343 
-1048 1686 -5 4 -70 -70 0 0 0 0 1 222 114 331 
-1044 1682 -22 9 -78 -81 0 0 0 0 1 218 109 348 
-1050 1683 -16 5 -64 -87 0 0 0 0 1 217 110 342 
-1069 1695 -21 8 -50 -87 0 0 0 0 1 226 110 342 
-1053 1696 -28 8 -22 -68 0 0 0 0 1 213 116 341 
-1034 1691 -20 6 3 -52 0 0 0 0 1 208 118 343 
-1041 1702 -13 -2 21 -43 0 0 0 0 1 221 125 337 
-1048 1699 -22 -5 10 -52 0 0 0 0 1 219 120 349 
-1050 1700 -18 -10 20 -74 0 0 0 0 1 230 116 341 
-1044 1696 -5 -9 29 -89 0 0 0 0 1 215 121 350 
-1043 1700 -7 -12 22 -115 0 0 0 0 1 224 112 349 
-1046 1710 -4 -19 15 -130 0 0 0 0 1 230 111 345 
-1051 1710 9 -37 15 -148 0 0 0 0 1 212 120 339 
-1047 1724 5 -46 6 -152 0 0 0 0 1 221 112 339 
-1024 1722 5 -50 -46 -135 0 0 0 0 1 228 112 349 
-1013 1711 5 -38 -96 -108 0 0 0 0 1 221 112 344 
-1029 1705 3 -17 -141 -68 0 0 0 0 1 220 114 338 
-1045 1703 3 6 -123 -41 0 0 0 0 1 219 110 344 
-1064 1704 23 17 -79 -36 0 0 0 0 1 217 110 346 
-1078 1707 27 29 -34 -49 0 0 0 0 1 219 115 346 
-1161 1742 28 36 -10 -103 0 0 0 0 1 212 117 351 
-1204 1772 19 38 4 -142 0 0 0 0 1 214 112 344 
-1163 1770 26 31 31 -142 0 0 0 0 1 225 106 336 
-1103 1765 36 32 34 -114 0 0 0 0 1 227 106 336 
-1080 1755 41 34 3 -48 0 0 0 0 1 221 107 344 
-1090 1760 39 31 -22 -11 0 0 0 0 1 219 127 346 
-1120 1763 32 28 -49 15 0 0 0 0 1 220 111 345 
-1129 1754 38 31 -43 22 0 0 0 0 1 224 115 346 
-1136 1752 53 14 -15 17 0 0 0 0 1 228 105 344 
-1128 1753 59 4 -10 10 0 0 0 0 1 226 112 342 
-1107 1742 80 -21 -30 4 0 0 0 0 1 222 111 341 
-1125 1736 139 -44 -68 4 0 0 0 0 1 221 112 342 
-1119 1741 177 -79 -155 16 0 0 0 0 1 226 110 337 
-1065 1724 259 -106 -207 38 0 0 0 0 1 218 111 338 
-1073 1704 326 -153 -314 67 0 0 0 0 1 228 112 349 
-1113 1616 451 -195 -490 89 0 0 0 0 1 222 104 343 
-1149 1507 589 -230 -623 99 0 0 0 0 1 218 111 352 
-1130 1382 693 -254 -802 86 0 0 0 0 1 211 116 359 
-1103 1161 867 -250 -882 40 0 0 0 0 1 221 107 349 
-1023 997 945 -193 -992 -60 0 0 0 0 1 227 111 366 
-825 657 1165 -156 -1089 -139 0 0 0 0 1 206 121 369 
-717 454 1332 -123 -1262 -310 0 0 0 0 1 224 110 374 
-636 202 1563 -132 -1468 -690 0 0 0 0 1 213 99 378 
-589 -137 1548 -79 -2036 -1103 0 0 0 0 1 221 103 370 
-510 -620 1470 14 -2459 -1409 0 0 0 0 1 205 95 379 
-538 -805 1388 251 -2796 -1951 0 0 0 0 1 211 96 399 
-616 -1138 1067 639 -2685 -2586 0 0 0 0 1 227 91 413 
-700 -1240 922 988 -2367 -3073 0 0 0 0 1 207 66 426 
-707 -1294 804 1589 -1684 -3807 0 0 0 0 1 221 58 416 
-853 -1425 604 2237 -1097 -4480 0 0 0 0 1 217 53 416 
-903 -1505 540 2649 -837 -4863 0 0 0 0 1 211 50 422 
-989 -1591 534 3176 -540 -5302 0 0 0 0 1 214 24 426 
-1112 -1808 497 3572 -532 -5587 0 0 0 0 1 225 -3 427 
-1183 -1901 471 3764 -673 -5707 0 0 0 0 1 225 -13 420 
-1337 -2066 408 3886 -1081 -5853 0 0 0 0 1 204 -23 422 
-1753 -2118 356 3836 -1420 -6001 0 0 0 0 1 204 -38 424 
-2393 -2189 156 3641 -2024 -6342 0 0 0 0 1 193 -36 449 
-2603 -2215 -48 3426 -2521 -6586 0 0 0 0 1 189 -62 452 
-2757 -2463 -308 3257 -2602 -6644 0 0 0 0 1 178 -82 469 
-3113 -2526 -528 3203 -2441 -6685 0 0 0 0 1 153 -83 477 
-3336 -2495 -709 3224 -2087 -6792 0 0 0 0 1 153 -98 477 
-3603 -2456 -840 3271 -1858 -6842 0 0 0 0 1 133 -109 487 
-3538 -2475 -978 3340 -1528 -6734 0 0 0 0 1 127 -117 509 
-3743 -2415 -1035 3391 -1038 -6542 0 0 0 0 1 113 -117 505 
-3725 -2412 -1150 3455 -640 -6352 0 0 0 0 1 107 -126 508 
-3717 -2419 -1161 3547 38 -6015 0 0 0 0 1 95 -118 515 
-3791 -2425 -982 3549 315 -5777 0 0 0 0 1 71 -111 524 
-3697 -2408 -757 3375 197 -5359 0 0 0 0 1 69 -126 524 
-3706 -2389 -623 2953 -362 -4933 0 0 0 0 1 75 -107 523 
-3479 -2341 -484 2594 -749 -4618 0 0 0 0 1 60 -121 541 
-3507 -2397 -462 2073 -1015 -4164 0 0 0 0 1 58 -117 540 
-3584 -2417 -486 1707 -841 -3808 0 0 0 0 1 37 -83 544 
-3512 -1186 96 880 -191 -1110 0 0 0 0 1 33 -78 554 
-3502 -1040 -110 771 -306 -873 0 0 0 0 1 36 -79 555 
-3618 -961 -273 821 194 -707 0 0 0 0 1 28 -73 563 
-3651 -840 -428 898 756 -611 0 0 0 0 1 33 -68 556 
-3676 -724 -430 945 1352 -445 0 0 0 0 1 40 -76 551 
-3714 -616 -322 765 1242 -190 0 0 0 0 1 43 -72 557 
-3755 -549 -231 509 839 26 0 0 0 0 1 46 -62 559 
-3846 -456 -278 18 64 377 0 0 0 0 1 47 -53 554 
-3947 -453 -340 -325 -301 632 0 0 0 0 1 43 -67 555 
-4028 -469 -403 -770 -474 1036 0 0 0 0 1 43 -65 555 
-4050 -533 -580 -1073 -351 1460 0 0 0 0 1 34 -69 559 
-4162 -521 -815 -1193 -277 1716 0 0 0 0 1 38 -74 562 
-4254 -529 -941 -1289 -242 2032 0 0 0 0 1 41 -84 548 
-4415 -567 -947 -1402 -144 2293 0 0 0 0 1 47 -88 544 
-4487 -654 -950 -1481 -45 2461 0 0 0 0 1 35 -83 549 
-4515 -742 -989 -1580 90 2709 0 0 0 0 1 34 -94 545 
-4616 -927 -1254 -1587 230 2919 0 0 0 0 1 33 -93 547 
-4754 -1009 -1361 -1576 491 2992 0 0 0 0 1 44 -95 540 
-5032 -1080 -1433 -1605 653 2975 0 0 0 0 1 35 -107 544 
-5136 -1104 -1524 -1675 807 2949 0 0 0 0 1 43 -101 550 
-5212 -1231 -1683 -1771 803 3013 0 0 0 0 1 57 -116 536 
-5307 -1324 -1766 -1857 656 3128 0 0 0 0 1 60 -121 538 
-5313 -1486 -1809 -2048 579 3427 0 0 0 0 1 64 -111 527 
-5377 -1617 -1922 -2287 684 3847 0 0 0 0 1 70 -125 533 
-5515 -1959 -2069 -2434 714 4168 0 0 0 0 1 84 -122 528 
-5506 -2448 -2113 -2738 217 4801 0 0 0 0 1 92 -127 526 
-5974 -2646 -2317 -3118 -1439 5352 0 0 0 0 1 93 -118 520 
-7562 -3361 -2777 -3399 -2567 5599 0 0 0 0 1 104 -123 527 
-8637 -3986 -3150 -3719 -3122 6024 0 0 0 0 1 101 -122 528 
-9764 -4832 -3680 -3604 -1416 6843 0 0 0 0 1 106 -125 523 
-10756 -6062 -4492 -3432 850 7962 0 0 0 0 1 125 -125 528 
-11405 -6751 -4969 -3647 4153 10605 0 0 0 0 1 153 -110 507 
-12528 -8000 -5194 -5123 6033 13645 0 0 0 0 1 169 -85 495 
-14066 -9259 -5281 -6583 5698 15219 0 0 0 0 1 201 -60 469 
-15485 -9871 -5175 -8680 4836 16628 0 0 0 0 1 200 -24 440 
-17600 -10489 -5166 -10027 5221 17326 0 0 0 0 1 218 62 417 
-19641 -10104 -4913 -10460 5012 17274 0 0 0 0 1 209 90 419 
-20601 -9884 -4749 -10406 3193 17107 0 0 0 0 1 182 138 415 
-20975 -9814 -4338 -9919 3059 16563 0 0 0 0 1 163 172 417 
-20355 -10578 -3109 -9244 2337 16292 0 0 0 0 1 138 190 429 
-19465 -11276 -2296 -8678 1554 16401 0 0 0 0 1 96 213 451 
-17942 -12242 -1872 -7410 835 16647 0 0 0 0 1 30 223 491 
-14448 -13617 -1694 -6264 615 16603 0 0 0 0 1 -10 231 518 
-10269 -15002 -61 -4358 1684 14367 0 0 0 0 1 -49 213 533 
-7899 -14715 1832 -4223 2464 11024 0 0 0 0 1 -73 201 535 
-5188 -13913 2607 -3973 1630 8726 0 0 0 0 1 -112 163 541 
-3503 -13382 1892 -2958 1343 5994 0 0 0 0 1 -109 141 557 
-1399 -12403 1617 -2142 1731 4674 0 0 0 0 1 -103 144 565 
-777 -11245 1294 -804 1352 3068 0 0 0 0 1 -104 136 571 
-520 -9794 1526 -109 1174 2054 0 0 0 0 1 -110 125 577 
-756 -8940 1980 335 1161 423 0 0 0 0 1 -109 136 571 
-1106 -7699 2668 224 715 -1133 0 0 0 0 1 -112 131 580 
-1084 -6513 2950 49 294 -1991 0 0 0 0 1 -96 130 563 
-1081 -5651 2822 -60 -237 -3017 0 0 0 0 1 -89 134 570 
-1124 -4541 2366 46 -454 -3565 0 0 0 0 1 -84 139 572 
-1348 -3691 1910 447 -477 -4281 0 0 0 0 1 -81 143 566 
-1547 -3127 1809 937 -341 -4934 0 0 0 0 1 -80 139 565 
-1771 -2414 1713 1248 -385 -5291 0 0 0 0 1 -66 144 572 
-1847 -2060 1778 1565 -598 -5721 0 0 0 0 1 -67 153 564 
-2153 -1409 1751 1715 -707 -6151 0 0 0 0 1 -54 161 556 
-2289 -1125 1687 1768 -674 -6438 0 0 0 0 1 -37 166 547 
-2400 -902 1651 1785 -682 -6827 0 0 0 0 1 -15 177 538 
-2741 -551 1544 1744 -917 -7184 0 0 0 0 1 -12 180 543 
-2983 -424 1449 1690 -1144 -7439 0 0 0 0 1 9 179 540 
-3112 -338 1355 1543 -1460 -7774 0 0 0 0 1 24 172 545 
-3195 -135 1166 1378 -1747 -7952 0 0 0 0 1 29 165 541 
-3147 -119 930 1325 -1961 -7931 0 0 0 0 1 54 161 533 
-3106 -159 671 1339 -2034 -7788 0 0 0 0 1 63 166 535 
-3232 -158 502 1461 -1873 -7720 0 0 0 0 1 67 150 520 
-3376 -287 179 1619 -1823 -7729 0 0 0 0 1 80 144 530 
-3560 -430 -61 1940 -1778 -7906 0 0 0 0 1 84 139 540 
-3937 -395 -408 2342 -1467 -8328 0 0 0 0 1 92 137 537 
-4261 -436 -779 2698 -1027 -8686 0 0 0 0 1 107 109 536 
-4390 -466 -928 3308 17 -9244 0 0 0 0 1 123 106 524 
-4520 -431 -1043 3722 711 -9542 0 0 0 0 1 127 90 516 
-4378 -497 -1024 4239 1272 -9695 0 0 0 0 1 141 76 509 
-4007 -744 -980 4460 1082 -9534 0 0 0 0 1 154 55 513 
-3439 -1110 -1031 4574 73 -8894 0 0 0 0 1 158 46 505 
-3302 -1325 -1066 4483 -924 -8140 0 0 0 0 1 160 31 500 
-3625 -1573 -1313 4437 -1304 -7817 0 0 0 0 1 171 20 504 
-4223 -1730 -1595 4574 -1188 -7844 0 0 0 0 1 165 4 514 
-5157 -1726 -1975 4821 -499 -8155 0 0 0 0 1 165 -9 507 
-5308 -1778 -1936 5356 1029 -8643 0 0 0 0 1 158 -14 509 
-5330 -1910 -1743 5784 1619 -8871 0 0 0 0 1 158 -29 502 
-5040 -1920 -1579 5850 1170 -8818 0 0 0 0 1 163 -30 506 
-4689 -2012 -1492 5592 40 -8421 0 0 0 0 1 173 -38 501 
-4319 -2172 -1450 5192 -732 -7737 0 0 0 0 1 152 -57 504 
-4434 -2443 -1802 5078 -805 -7270 0 0 0 0 1 147 -55 506 
-4844 -2547 -1857 5146 -557 -6865 0 0 0 0 1 134 -63 505 
-5362 -2565 -2015 5295 -962 -6760 0 0 0 0 1 130 -69 520 
-5561 -2488 -1929 5271 -1459 -6818 0 0 0 0 1 117 -61 521 
-5529 -2381 -1695 4978 -1920 -6966 0 0 0 0 1 100 -62 529 
-5445 -2352 -1562 4498 -1483 -7047 0 0 0 0 1 94 -46 542 
-5483 -2489 -1140 3897 -322 -6995 0 0 0 0 1 87 -56 542 
-5759 -2697 -724 3491 158 -6873 0 0 0 0 1 93 -55 548 
-5935 -2611 -586 2944 -252 -6405 0 0 0 0 1 81 -47 548 
-5696 -2554 -442 2390 -1174 -5385 0 0 0 0 1 71 -50 543 
-5315 -2202 -281 2049 -1378 -4558 0 0 0 0 1 66 -61 547 
-5144 -2744 -531 1809 -1304 -3289 0 0 0 0 1 71 -45 543 
-5244 -2086 -532 1727 -577 -2507 0 0 0 0 1 63 -44 544 
-5327 -2034 -618 1712 -175 -2179 0 0 0 0 1 63 -39 549 
-5467 -1714 -581 1636 -124 -2125 0 0 0 0 1 67 -38 550 
-5164 -1530 -505 1328 -127 -1925 0 0 0 0 1 73 -34 558 
-4601 -1058 -489 894 -102 -1522 0 0 0 0 1 69 -23 541 
-4480 -885 -539 617 -64 -1197 0 0 0 0 1 74 -23 555 
-4291 -712 -754 368 5 -659 0 0 0 0 1 69 -20 536 
-4176 -687 -808 240 28 -112 0 0 0 0 1 68 -26 549 
-4098 -615 -926 171 -95 225 0 0 0 0 1 76 -23 548 
-4128 -606 -931 4 -354 627 0 0 0 0 1 69 -25 545 
-4171 -608 -928 -264 -520 907 0 0 0 0 1 62 -13 550 
-4245 -542 -933 -610 -337 1071 0 0 0 0 1 74 -18 550 
-4259 -557 -911 -854 -68 1161 0 0 0 0 1 70 -26 549 
-4194 -611 -935 -1175 244 1349 0 0 0 0 1 71 -28 552 
-4147 -705 -1060 -1395 188 1612 0 0 0 0 1 66 -26 547 
-4169 -782 -1238 -1484 -9 1826 0 0 0 0 1 68 -34 551 
-4184 -806 -1315 -1599 -206 2204 0 0 0 0 1 62 -47 555 
-4219 -860 -1339 -1686 -203 2478 0 0 0 0 1 68 -46 547 
-4305 -966 -1244 -1894 -48 2867 0 0 0 0 1 62 -47 550 
-4409 -1120 -1265 -2151 46 3185 0 0 0 0 1 55 -60 557 
-4494 -1143 -1383 -2382 -112 3422 0 0 0 0 1 64 -50 555 
-4639 -1226 -1640 -2497 -314 3544 0 0 0 0 1 57 -62 550 
-4738 -1263 -1825 -2597 -453 3679 0 0 0 0 1 63 -73 549 
-4793 -1386 -1863 -2667 -328 3760 0 0 0 0 1 64 -72 557 
-4828 -1491 -1889 -2761 -154 3888 0 0 0 0 1 66 -78 554 
-5014 -1620 -1920 -2896 -279 4025 0 0 0 0 1 63 -93 542 
-5198 -1809 -1850 -3017 -498 4147 0 0 0 0 1 69 -79 548 
-5343 -2018 -1858 -3190 -889 4393 0 0 0 0 1 74 -99 548 
-5640 -2387 -2007 -3218 -1041 4682 0 0 0 0 1 75 -107 554 
-5873 -2711 -2285 -3044 -702 4939 0 0 0 0 1 77 -100 544 
-6266 -3048 -2532 -2848 -341 5069 0 0 0 0 1 81 -104 536 
-6854 -3356 -2625 -2556 53 5172 0 0 0 0 1 76 -104 543 
-7371 -3747 -2528 -2425 116 5286 0 0 0 0 1 92 -103 542 
-8597 -4882 -2339 -2437 154 5577 0 0 0 0 1 104 -109 548 
-8937 -5452 -2352 -2628 1218 6717 0 0 0 0 1 119 -99 531 
-9425 -5934 -2623 -2999 3244 8654 0 0 0 0 1 127 -78 519 
-10326 -6968 -2943 -3955 4435 11000 0 0 0 0 1 151 -76 514 
-11940 -7928 -2460 -5156 4370 12451 0 0 0 0 1 171 -50 497 
-13191 -8404 -2211 -7231 3955 14398 0 0 0 0 1 192 -1 469 
-14481 -9012 -2340 -8762 4092 16441 0 0 0 0 1 207 31 458 
-16240 -9141 -2952 -9342 4326 17501 0 0 0 0 1 201 65 452 
-17464 -9256 -3048 -9709 5203 18358 0 0 0 0 1 181 115 440 
-18340 -9250 -2368 -9934 5527 18273 0 0 0 0 1 167 142 435 
-18189 -9194 -1590 -10245 3746 17664 0 0 0 0 1 139 161 442 
-17451 -9748 -1016 -9900 1443 16712 0 0 0 0 1 89 208 481 
-15109 -10894 -1382 -8765 319 16112 0 0 0 0 1 55 207 492 
-11677 -12573 -2160 -5765 513 15101 0 0 0 0 1 18 208 521 
-9666 -13319 -1199 -3252 2677 13107 0 0 0 0 1 -3 202 524 
-5580 -13421 2867 -2366 2688 10287 0 0 0 0 1 -33 191 533 
-3953 -13275 3497 -1695 331 7527 0 0 0 0 1 -58 188 535 
-2000 -12766 3850 -912 -91 5048 0 0 0 0 1 -70 181 551 
-1493 -11464 3392 -338 119 3443 0 0 0 0 1 -81 175 550 
-1091 -10510 3022 534 409 1453 0 0 0 0 1 -92 181 547 
-460 -9291 2924 932 607 462 0 0 0 0 1 -86 182 543 
-401 -7879 2965 1191 433 -792 0 0 0 0 1 -80 183 549 
-672 -6525 2995 1123 -247 -1969 0 0 0 0 1 -71 199 529 
-1016 -5671 2874 881 -1024 -3123 0 0 0 0 1 -66 191 530 
-1471 -4426 2662 700 -1448 -3795 0 0 0 0 1 -54 196 528 
-1713 -3715 2347 536 -1902 -4542 0 0 0 0 1 -61 206 530 
-1940 -2653 1734 526 -1851 -4890 0 0 0 0 1 -54 198 533 
-1982 -2411 1592 653 -1322 -5316 0 0 0 0 1 -41 195 531 
-1990 -1806 1201 908 -809 -5696 0 0 0 0 1 -25 215 516 
-2053 -1348 835 1102 -606 -5993 0 0 0 0 1 -21 213 530 
-2238 -1077 655 1357 -520 -6560 0 0 0 0 1 -5 204 518 
-2476 -719 493 1504 -720 -7130 0 0 0 0 1 24 207 515 
-4194 -18 -825 3250 -309 -9079 0 0 0 0 1 174 90 493 
-4280 -125 -941 3674 66 -9106 0 0 0 0 1 185 84 487 
-4066 -340 -879 3925 404 -8931 0 0 0 0 1 191 63 491 
-3967 -530 -850 4219 753 -8473 0 0 0 0 1 197 47 476 
-3888 -600 -932 4445 624 -7946 0 0 0 0 1 194 20 473 
-4156 -631 -1247 4632 343 -7661 0 0 0 0 1 192 -6 476 
-4498 -656 -1433 5064 248 -7431 0 0 0 0 1 201 -18 464 
-4797 -840 -1691 5662 688 -7369 0 0 0 0 1 192 -42 464 
-5113 -919 -1735 6050 997 -7380 0 0 0 0 1 195 -46 465 
-4838 -1099 -1660 6416 1066 -7250 0 0 0 0 1 191 -51 463 
-4773 -1217 -1639 6460 744 -7043 0 0 0 0 1 175 -55 469 
-4673 -1362 -1662 6335 495 -6898 0 0 0 0 1 176 -73 474 
-4918 -1442 -1868 6100 366 -6724 0 0 0 0 1 179 -76 470 
-5039 -1461 -2071 6040 656 -6465 0 0 0 0 1 167 -80 474 
-4794 -1503 -2076 6078 890 -6141 0 0 0 0 1 173 -82 478 
-4715 -1501 -1959 6073 569 -5547 0 0 0 0 1 155 -88 481 
-4515 -1448 -1707 5794 -419 -4953 0 0 0 0 1 151 -78 481 
-4327 -1526 -1615 2897 -895 -2474 0 0 0 0 1 97 -40 529 
-4499 -1555 -1579 2932 667 -2071 0 0 0 0 1 120 -34 530 
-4518 -1518 -1488 2874 1108 -1809 0 0 0 0 1 120 -34 519 
-4334 -1358 -1281 2679 607 -1638 0 0 0 0 1 102 -30 522 
-4184 -1258 -1170 2142 -646 -1350 0 0 0 0 1 109 -20 529 
-4120 -1114 -1216 1496 -1559 -1056 0 0 0 0 1 104 -15 531 
-4074 -953 -1525 965 -1472 -737 0 0 0 0 1 102 -15 527 
-3921 -855 -1753 708 -946 -492 0 0 0 0 1 99 -14 530 
-3868 -852 -1854 437 -133 -104 0 0 0 0 1 104 -15 541 
-3791 -770 -1859 198 78 255 0 0 0 0 1 100 -8 524 
-3752 -695 -1784 14 -217 491 0 0 0 0 1 97 -8 534 
-3720 -626 -1726 -340 -814 871 0 0 0 0 1 104 -15 541 
-3706 -513 -1651 -603 -1062 1166 0 0 0 0 1 95 3 531 
-3691 -464 -1650 -985 -1024 1661 0 0 0 0 1 95 -15 543 
-3817 -464 -1599 -1370 -664 2116 0 0 0 0 1 97 -15 548 
-4139 -515 -1634 -1684 -417 2471 0 0 0 0 1 80 -22 549 
-4326 -498 -1651 -1848 -405 2630 0 0 0 0 1 90 -20 550 
-4404 -381 -1763 -1983 -672 2822 0 0 0 0 1 77 -24 547 
-4377 -237 -2038 -1982 -927 3038 0 0 0 0 1 69 -20 550 
-4370 -189 -2225 -1954 -918 3188 0 0 0 0 1 77 -34 537 
-4474 -248 -2333 -1905 -652 3397 0 0 0 0 1 73 -29 549 
-4605 -351 -2377 -1887 -258 3559 0 0 0 0 1 66 -31 563 
-4863 -484 -2348 -1928 16 3610 0 0 0 0 1 67 -42 557 
-4995 -516 -2365 -2038 349 3601 0 0 0 0 1 63 -46 554 
-5304 -546 -2398 -2171 575 3464 0 0 0 0 1 81 -40 562 
-5610 -677 -2498 -2231 746 3323 0 0 0 0 1 74 -55 552 
-6016 -993 -2743 -2176 802 3093 0 0 0 0 1 74 -50 548 
-6362 -1265 -2949 -1961 435 2922 0 0 0 0 1 82 -56 542 
-7063 -1824 -3124 -1761 252 2888 0 0 0 0 1 84 -49 547 
-7578 -2366 -2979 -1554 863 2984 0 0 0 0 1 93 -52 548 
-8510 -3487 -2778 -1539 2946 3058 0 0 0 0 1 104 -50 543 
-9460 -4966 -2678 -1721 4604 3014 0 0 0 0 1 130 -47 529 
-9896 -6147 -2695 -2568 5440 3136 0 0 0 0 1 129 -61 523 
-9624 -8254 -2433 -3594 5010 3621 0 0 0 0 1 151 -63 507 
-9608 -9149 -2282 -5737 3740 5460 0 0 0 0 1 165 -53 502 
-9988 -9935 -1890 -8500 2818 8437 0 0 0 0 1 184 -58 484 
-11581 -10858 -1398 -11396 2620 11584 0 0 0 0 1 194 -45 459 
-12844 -11422 -1389 -12822 2477 13366 0 0 0 0 1 204 -20 445 
-13815 -12092 -1637 -13789 1829 15856 0 0 0 0 1 215 -3 431 
-15513 -12180 -2320 -13676 885 17748 0 0 0 0 1 212 41 440 
-16662 -12037 -2716 -13216 860 18804 0 0 0 0 1 201 69 431 
-17468 -11909 -2719 -11912 1939 19650 0 0 0 0 1 199 109 445 
-18207 -11642 -1352 -10974 2171 19300 0 0 0 0 1 128 158 471 
-17661 -11873 -636 -9187 -1156 18133 0 0 0 0 1 92 186 486 
-16169 -12674 -1053 -6121 -2567 16188 0 0 0 0 1 48 185 520 
-11917 -14590 -1692 -2945 167 14692 0 0 0 0 1 8 207 522 
-7490 -14828 616 -1814 2272 13645 0 0 0 0 1 -9 196 537 
-5475 -14377 1783 -956 2386 11267 0 0 0 0 1 -33 206 542 
-2967 -13430 2564 -502 1281 8221 0 0 0 0 1 -69 190 531 
-1037 -12095 2791 -437 604 5205 0 0 0 0 1 -75 188 542 
-334 -11627 2785 -493 425 3558 0 0 0 0 1 -83 182 538 
79 -10943 2800 -604 534 1607 0 0 0 0 1 -96 176 547 
625 -9438 2816 -606 452 623 0 0 0 0 1 -89 169 549 
676 -8460 2583 -348 -193 -586 0 0 0 0 1 -92 166 544 
393 -7098 2237 -83 -471 -1333 0 0 0 0 1 -87 169 551 
86 -6324 1993 296 -526 -2392 0 0 0 0 1 -84 171 551 
-357 -5379 1860 503 -350 -3366 0 0 0 0 1 -82 183 537 
-755 -4567 1900 524 -139 -3977 0 0 0 0 1 -70 186 551 
-1017 -4029 1895 458 210 -4822 0 0 0 0 1 -66 183 537 
-1289 -3275 1762 452 411 -5516 0 0 0 0 1 -46 180 534 
-1420 -2655 1571 528 423 -5875 0 0 0 0 1 -21 183 533 
-1502 -2303 1480 755 215 -6267 0 0 0 0 1 -4 179 547 
-1648 -1837 1245 1121 -364 -6493 0 0 0 0 1 1 187 536 
-1840 -1535 907 1431 -795 -6595 0 0 0 0 1 162 134 486 
-4415 -819 -1035 4300 -2106 -8195 0 0 0 0 1 156 114 478 
-4892 -936 -1364 4463 -2147 -8173 0 0 0 0 1 168 91 483 
-5325 -943 -1617 4759 -1359 -8312 0 0 0 0 1 173 84 483 
-5451 -1051 -1880 5119 -88 -8432 0 0 0 0 1 182 62 485 
-5253 -1115 -1837 5304 334 -8419 0 0 0 0 1 200 36 470 
-4868 -1248 -1567 5301 -218 -8370 0 0 0 0 1 191 29 470 
-4697 -1361 -1308 4798 -1985 -8517 0 0 0 0 1 188 14 470 
-5007 -1260 -1307 4303 -3264 -8838 0 0 0 0 1 189 -8 478 
-5031 -1337 -1406 3670 -4207 -9348 0 0 0 0 1 176 -24 484 
-5109 -1516 -1776 3509 -3530 -9644 0 0 0 0 1 152 -42 513 
-5232 -1764 -1913 3679 -2419 -9645 0 0 0 0 1 140 -67 522 
-5207 -1976 -1705 4148 -860 -9308 0 0 0 0 1 117 -71 521 
-5165 -2143 -1553 4522 -344 -8736 0 0 0 0 1 119 -94 518 
-5589 -2383 -1281 4586 -341 -8446 0 0 0 0 1 116 -82 529 
-5744 -2495 -1235 4508 -128 -8100 0 0 0 0 1 97 -91 534 
-5933 -2478 -1354 4432 590 -7785 0 0 0 0 1 87 -76 540 
-5723 -2539 -1402 4427 1056 -7515 0 0 0 0 1 84 -83 523 
-5872 -2706 -1237 4377 937 -7138 0 0 0 0 1 75 -80 540 
-5778 -2713 -1193 4179 124 -6732 0 0 0 0 1 76 -89 538 
-5714 -2709 -1299 3895 -164 -6269 0 0 0 0 1 61 -80 542 
-5659 -2587 -1355 3718 253 -5936 0 0 0 0 1 68 -71 547 
-5272 -2479 -1262 3453 1390 -5315 0 0 0 0 1 49 -53 544 
-5190 -2375 -1148 3068 1981 -4720 0 0 0 0 1 68 -73 554 
-4940 -2285 -953 2554 1676 -4207 0 0 0 0 1 80 -46 544 
-4805 -2349 -666 2098 958 -3865 0 0 0 0 1 64 -57 534 
-4640 -2251 -620 1351 -684 -3242 0 0 0 0 1 67 -50 548 
-4439 -2078 -738 728 -1572 -2562 0 0 0 0 1 76 -55 545 
-4484 -1759 -1147 502 -1424 -2161 0 0 0 0 1 62 -52 550 
-4485 -1614 -1317 429 -373 -1698 0 0 0 0 1 66 -39 542 
-4448 -1401 -940 370 673 -1390 0 0 0 0 1 68 -41 549 
-4426 -1334 -612 207 748 -1211 0 0 0 0 1 69 -50 545 
-4361 -1112 -373 -169 -139 -896 0 0 0 0 1 75 -41 542 
-4215 -933 -403 -468 -1094 -447 0 0 0 0 1 81 -47 536 
-4145 -804 -665 -523 -1351 -97 0 0 0 0 1 69 -60 545 
-4229 -645 -954 -372 -1064 334 0 0 0 0 1 71 -47 545 
-4445 -546 -1079 -142 -285 582 0 0 0 0 1 58 -56 544 
-4614 -514 -885 -68 154 683 0 0 0 0 1 58 -66 540 
-4614 -499 -738 -174 305 880 0 0 0 0 1 69 -55 548 
-4553 -465 -580 -517 -27 1189 0 0 0 0 1 61 -68 544 
-4514 -468 -749 -908 -520 1612 0 0 0 0 1 57 -69 538 
-4490 -472 -772 -1167 -671 1916 0 0 0 0 1 63 -53 554 
-4505 -507 -868 -1485 -571 2316 0 0 0 0 1 57 -62 541 
-4559 -581 -1003 -1673 -92 2561 0 0 0 0 1 51 -73 554 
-4548 -742 -1052 -1728 95 2662 0 0 0 0 1 64 -72 543 
-4461 -848 -1149 -1756 -158 2826 0 0 0 0 1 56 -80 544 
-4436 -927 -1142 -1842 -806 3046 0 0 0 0 1 64 -74 552 
-4527 -976 -1083 -1961 -1251 3231 0 0 0 0 1 51 -88 549 
-4594 -1078 -1215 -2189 -1531 3592 0 0 0 0 1 57 -96 550 
-4742 -1155 -1450 -2333 -1287 3900 0 0 0 0 1 81 -111 550 
-12358 -6845 -4832 -3783 3742 11309 0 0 0 0 1 113 -105 526 
-12870 -7439 -4670 -5288 2777 14273 0 0 0 0 1 132 -88 507 
-14490 -8259 -4379 -6357 2833 16245 0 0 0 0 1 167 -68 500 
-17855 -9358 -4866 -7454 4671 17906 0 0 0 0 1 175 -33 483 
-19610 -10008 -4953 -8276 7526 18274 0 0 0 0 1 193 4 456 
-21455 -10948 -4938 -9039 8102 18003 0 0 0 0 1 192 74 427 
-21752 -10613 -4357 -9781 6554 17891 0 0 0 0 1 185 118 396 
-21475 -10516 -3410 -11238 4441 17602 0 0 0 0 1 158 161 419 
-21212 -10483 -2583 -11909 1873 16900 0 0 0 0 1 138 182 438 
-19586 -11249 -2894 -11227 360 16619 0 0 0 0 1 112 190 469 
-17569 -12295 -3455 -8423 -254 16406 0 0 0 0 1 71 207 492 
-12960 -13911 -3875 -4498 1501 15331 0 0 0 0 1 -7 208 519 
-10445 -14366 -1866 -2630 3308 13828 0 0 0 0 1 -25 206 521 
-7973 -14134 851 -1764 3164 10772 0 0 0 0 1 -43 199 534 
-5308 -13676 3487 -1931 1904 8615 0 0 0 0 1 -57 187 545 
-3728 -13297 3931 -2312 927 5846 0 0 0 0 1 -66 191 540 
-2440 -12465 3708 -2197 234 3476 0 0 0 0 1 -71 182 541 
-1438 -11278 3153 -1790 -178 2128 0 0 0 0 1 -68 174 554 
-984 -10423 2733 -910 -406 399 0 0 0 0 1 -77 166 554 
-777 -8844 2401 -24 -494 -1152 0 0 0 0 1 -89 171 558 
-941 -7382 2207 474 -829 -2030 0 0 0 0 1 -87 171 551 
-1128 -6591 2150 957 -1361 -3050 0 0 0 0 1 -74 160 562 
-1313 -5477 2161 1102 -1501 -3567 0 0 0 0 1 -66 166 547 
-1568 -4551 2207 1119 -1442 -4245 0 0 0 0 1 -76 175 552 
-1746 -3977 2080 1076 -1236 -4933 0 0 0 0 1 -77 179 549 
-1917 -3173 1786 1073 -1058 -5430 0 0 0 0 1 -56 188 540 
-2032 -2723 1568 1142 -893 -6216 0 0 0 0 1 -42 186 542 
-2181 -2123 1213 1320 -985 -6951 0 0 0 0 1 -31 187 531 
-2324 -1622 924 1485 -1282 -7323 0 0 0 0 1 -4 196 535 
-2322 -1443 713 1811 -2032 -7600 0 0 0 0 1 -11 196 519 
-2529 -1284 480 2119 -2448 -7738 0 0 0 0 1 3 190 527 
-2889 -1224 330 2277 -2276 -7804 0 0 0 0 1 27 190 518 
-3144 -1169 295 2520 -1577 -8043 0 0 0 0 1 42 196 521 
-3613 -1013 32 2721 -1059 -8326 0 0 0 0 1 62 192 518 
-3668 -906 -6 2981 -578 -8839 0 0 0 0 1 77 186 521 
-3861 -755 7 3085 -626 -9438 0 0 0 0 1 94 174 498 
-3735 -972 -60 3050 -909 -9747 0 0 0 0 1 99 166 500 
-3759 -1256 -169 2930 -1535 -9995 0 0 0 0 1 112 145 494 
-3790 -1743 -460 2803 -2085 -10001 0 0 0 0 1 156 109 494 
-4071 -1813 -643 2767 -2219 -9981 0 0 0 0 1 159 91 487 
-4545 -1732 -858 2874 -2106 -9992 0 0 0 0 1 169 83 509 
-4854 -1790 -1042 3080 -1442 -9821 0 0 0 0 1 176 63 509 
-4866 -2055 -981 3209 -541 -9579 0 0 0 0 1 166 45 506 
-4941 -2196 -880 3428 596 -9153 0 0 0 0 1 181 29 500 
-4837 -2354 -1102 3627 1068 -8894 0 0 0 0 1 176 -19 498 
-5120 -2520 -1133 3906 1229 -8707 0 0 0 0 1 178 -28 490 
-5035 -2528 -1190 4109 695 -8629 0 0 0 0 1 175 -33 483 
-5341 -2722 -1258 4181 -34 -8626 0 0 0 0 1 178 -62 490 
-5653 -2813 -1363 4223 -943 -8703 0 0 0 0 1 153 -71 498 
-6228 -2928 -1569 4282 -777 -8797 0 0 0 0 1 154 -84 501 
-6129 -2939 -1643 4390 -17 -8733 0 0 0 0 1 134 -107 507 
-5808 -2933 -1665 4628 1376 -8322 0 0 0 0 1 123 -101 508 
-5399 -2986 -1590 4782 1746 -7726 0 0 0 0 1 123 -111 513 
-5205 -3003 -1428 4728 1204 -7380 0 0 0 0 1 113 -107 514 
-5337 -3030 -1432 4455 -45 -7189 0 0 0 0 1 101 -120 514 
-5877 -2997 -1625 4141 -649 -7392 0 0 0 0 1 92 -115 519 
-6058 -2919 -1996 3991 -63 -7497 0 0 0 0 1 71 -106 531 
-5803 -2780 -1986 3964 806 -7263 0 0 0 0 1 71 -111 527 
-5349 -2698 -1728 3832 1693 -6367 0 0 0 0 1 70 -103 535 
-4922 -2544 -1229 3573 1363 -5524 0 0 0 0 1 68 -105 526 
-4464 -2510 -778 2898 128 -4177 0 0 0 0 1 63 -90 533 
-4552 -2391 -833 2234 -832 -3226 0 0 0 0 1 62 -91 536 
-4893 -2348 -1185 1866 -702 -2865 0 0 0 0 1 49 -88 540 
-5020 -2149 -1500 1805 -130 -2829 0 0 0 0 1 76 -84 543 
-4899 -1990 -1567 1834 919 -2837 0 0 0 0 1 61 -73 547 
-4477 -1698 -961 1718 1278 -2697 0 0 0 0 1 66 -80 540 
-4278 -1493 -604 1469 695 -2468 0 0 0 0 1 64 -65 538 
-3996 -1257 -352 897 -718 -1855 0 0 0 0 1 74 -72 545 
-3596 -1038 -364 408 -1654 -997 0 0 0 0 1 68 -63 537 
-3548 -858 -711 272 -1589 -474 0 0 0 0 1 68 -71 551 
-3700 -806 -968 372 -799 28 0 0 0 0 1 62 -57 548 
-3955 -722 -1171 629 151 168 0 0 0 0 1 66 -63 549 
-3953 -688 -1068 765 640 153 0 0 0 0 1 69 -42 536 
-3852 -695 -919 762 947 141 0 0 0 0 1 80 -51 549 
-3633 -616 -639 484 745 260 0 0 0 0 1 79 -50 552 
-3552 -644 -599 202 426 424 0 0 0 0 1 75 -51 544 
-3503 -664 -646 -216 -74 798 0 0 0 0 1 74 -65 534 
-3522 -760 -848 -423 -247 1093 0 0 0 0 1 73 -53 549 
-3760 -835 -1066 -619 -268 1472 0 0 0 0 1 74 -55 541 
-3925 -871 -1096 -774 -99 1722 0 0 0 0 1 70 -41 540 
-4170 -967 -1070 -905 -3 1824 0 0 0 0 1 62 -62 538 
-4268 -1034 -1069 -1137 -30 1958 0 0 0 0 1 67 -52 548 
-4347 -1165 -1091 -1414 -161 2142 0 0 0 0 1 57 -60 545 
-4427 -1213 -1151 -1606 -153 2299 0 0 0 0 1 51 -68 547 
-4463 -1285 -1174 -1876 32 2614 0 0 0 0 1 57 -67 538 
-4556 -1433 -1239 -2087 146 2973 0 0 0 0 1 55 -69 543 
-4746 -1492 -1285 -2221 68 3182 0 0 0 0 1 60 -77 552 
-4966 -1579 -1282 -2429 -192 3403 0 0 0 0 1 61 -80 544 
-5110 -1638 -1345 -2600 -438 3552 0 0 0 0 1 62 -84 545 
-5318 -1709 -1446 -2674 -447 3630 0 0 0 0 1 58 -93 544 
-5506 -1769 -1671 -2691 -169 3744 0 0 0 0 1 67 -96 529 
-5659 -1812 -1863 -2539 180 3878 0 0 0 0 1 73 -103 540 
-5945 -1921 -2099 -2296 177 4057 0 0 0 0 1 77 -107 544 
-6382 -1977 -2181 -2151 58 4171 0 0 0 0 1 79 -101 538 
-6700 -2135 -2279 -1958 42 4347 0 0 0 0 1 90 -116 538 
-7114 -2504 -2491 -1835 298 4488 0 0 0 0 1 88 -104 529 
-7457 -3016 -2811 -1573 1121 4792 0 0 0 0 1 99 -117 526 
-7929 -4140 -3239 -1442 2381 5306 0 0 0 0 1 116 -111 534 
-8424 -5352 -3100 -1796 2687 5857 0 0 0 0 1 117 -90 521 
-8872 -5732 -2801 -3461 2779 6963 0 0 0 0 1 158 -78 514 
-9877 -6460 -2681 -6038 3131 8405 0 0 0 0 1 168 -82 492 
-10575 -7256 -3878 -7538 3409 9657 0 0 0 0 1 179 -71 465 
-11316 -8106 -5170 -8857 3379 12054 0 0 0 0 1 199 -57 457 
-12295 -8429 -5502 -9636 3765 14362 0 0 0 0 1 201 -35 452 
-14004 -9104 -5816 -10227 3854 15564 0 0 0 0 1 227 33 413 
-15053 -9600 -5953 -11317 3773 16880 0 0 0 0 1 214 68 409 
-17104 -10005 -6039 -12411 4319 16937 0 0 0 0 1 211 106 403 
-17769 -9890 -5910 -12964 3093 16929 0 0 0 0 1 184 147 412 
-18601 -9677 -5105 -13490 870 16705 0 0 0 0 1 153 166 433 
-18787 -9953 -4753 -13189 -1330 16241 0 0 0 0 1 125 176 460 
-17863 -10611 -4704 -12207 -2729 16042 0 0 0 0 1 48 177 529 
-16237 -11761 -5051 -9343 -3278 15952 0 0 0 0 1 15 172 552 
-13160 -12717 -5308 -5906 -1429 15075 0 0 0 0 1 -33 152 565 
-9031 -13232 -2892 -4236 140 13878 0 0 0 0 1 -53 141 571 
-5996 -13453 -647 -2377 146 11090 0 0 0 0 1 -74 136 566 
-4691 -13204 -257 -703 44 7667 0 0 0 0 1 -94 112 575 
-2710 -12974 802 329 1143 4571 0 0 0 0 1 -101 117 575 
-1846 -12451 1322 707 1119 2989 0 0 0 0 1 -107 109 583 
-1004 -11584 1779 941 536 1369 0 0 0 0 1 -106 127 579 
-521 -10002 2075 990 59 540 0 0 0 0 1 -89 112 579 
-552 -9252 1989 1060 -580 -580 0 0 0 0 1 -94 120 579 
-632 -8078 2090 993 -937 -1727 0 0 0 0 1 -101 125 577 
-831 -6844 2094 916 -1067 -2560 0 0 0 0 1 -94 122 572 
-893 -6076 2064 864 -1083 -3810 0 0 0 0 1 -101 130 570 
-1154 -4957 1840 966 -944 -4901 0 0 0 0 1 -86 138 576 
-1308 -4204 1686 1101 -910 -5471 0 0 0 0 1 -82 149 563 
-1628 -3376 1772 1211 -1041 -6209 0 0 0 0 1 -71 153 559 
-1604 -2883 1683 1113 -1695 -6664 0 0 0 0 1 -69 155 557 
-1900 -2280 1493 960 -1959 -6938 0 0 0 0 1 -58 169 551 
-2404 -1861 1613 594 -2033 -7380 0 0 0 0 1 -43 163 552 
-2800 -1555 1658 123 -2551 -7804 0 0 0 0 1 -38 163 555 
-3574 -941 1683 -324 -2777 -8270 0 0 0 0 1 -23 179 558 
-4002 -115 1425 -448 -2527 -8434 0 0 0 0 1 -9 166 556 
-4040 286 1383 -298 -1832 -8359 0 0 0 0 1 0 149 568 
-4303 636 1512 -14 -1446 -8174 0 0 0 0 1 20 150 557 
-4714 833 1499 193 -1519 -8087 0 0 0 0 1 25 130 570 
-4896 1019 1718 335 -1508 -8106 0 0 0 0 1 27 131 557 
-4809 1191 1786 384 -1473 -8107 0 0 0 0 1 34 123 564 
-4614 1263 1606 510 -1142 -8112 0 0 0 0 1 51 122 563 
-4613 1368 1517 710 -432 -8146 0 0 0 0 1 56 110 563 
-4441 1077 1095 919 -64 -8122 0 0 0 0 1 73 90 549 
-4549 948 958 1296 288 -8180 0 0 0 0 1 82 90 556 
-4428 839 823 1682 2 -8123 0 0 0 0 1 87 73 558 
-3923 346 706 1883 -299 -7975 0 0 0 0 1 94 58 554 
-3767 190 464 2136 -438 -7825 0 0 0 0 1 107 47 548 
-3666 -211 -67 2441 -96 -7900 0 0 0 0 1 112 45 566 
-3796 -386 -256 2722 403 -8118 0 0 0 0 1 103 31 551 
-4027 -512 -382 3243 1212 -8718 0 0 0 0 1 107 -82 529 
-4298 -3638 -998 3651 49 -10087 0 0 0 0 1 97 -74 529 
-4480 -3840 -1221 3633 585 -9757 0 0 0 0 1 92 -85 537 
-5289 -2797 -1292 1398 -1571 -2937 0 0 0 0 1 63 -66 544 
-5371 -2424 -1772 1282 -938 -2303 0 0 0 0 1 51 -56 556 
-5488 -2122 -1829 1251 195 -1925 0 0 0 0 1 48 -55 543 
-5432 -1664 -1532 1118 615 -1734 0 0 0 0 1 57 -55 557 
-5143 -1253 -1081 659 567 -1361 0 0 0 0 1 69 -65 548 
-4990 -1098 -949 78 78 -846 0 0 0 0 1 64 -45 552 
-4809 -825 -1125 -221 -224 -453 0 0 0 0 1 66 -61 551 
-4722 -826 -1406 -436 -304 168 0 0 0 0 1 63 -61 549 
-4778 -841 -1565 -458 -208 710 0 0 0 0 1 56 -61 554 
-4880 -772 -1523 -503 -170 1005 0 0 0 0 1 57 -72 543 
-4887 -780 -1407 -721 -163 1431 0 0 0 0 1 64 -69 548 
-4834 -882 -1156 -1134 -159 1876 0 0 0 0 1 54 -68 542 
-4679 -1006 -1041 -1610 -184 2371 0 0 0 0 1 49 -68 551 
-4645 -1093 -1088 -1870 -230 2713 0 0 0 0 1 62 -72 552 
-4640 -1235 -1146 -2127 -444 3228 0 0 0 0 1 57 -74 545 
-4709 -1416 -1164 -2294 -771 3695 0 0 0 0 1 50 -77 552 
-4806 -1547 -1104 -2404 -897 3965 0 0 0 0 1 42 -83 561 
-4877 -1675 -1004 -2661 -734 4317 0 0 0 0 1 40 -83 554 
-4888 -1936 -830 -3084 -90 4716 0 0 0 0 1 48 -96 552 
-5883 -1657 -3276 -2437 -529 5144 0 0 0 0 1 117 -120 516 
-6187 -1902 -3617 -2015 -559 5316 0 0 0 0 1 133 -104 513 
-6835 -2394 -3951 -1884 -716 5638 0 0 0 0 1 133 -106 513 
-7952 -3110 -4443 -1968 -926 5889 0 0 0 0 1 145 -99 520 
-9340 -3745 -4980 -2278 -817 6227 0 0 0 0 1 147 -91 513 
-11560 -5164 -5688 -3057 1333 7603 0 0 0 0 1 160 -76 514 
-12139 -5991 -5860 -4589 4402 10893 0 0 0 0 1 167 -61 502 
-13533 -6997 -5494 -5999 5409 13261 0 0 0 0 1 202 -24 477 
-15915 -7931 -5233 -7987 4794 15713 0 0 0 0 1 212 17 442 
-17719 -8354 -5122 -9520 4181 16589 0 0 0 0 1 202 51 444 
-19485 -9062 -4812 -10387 4401 17001 0 0 0 0 1 200 88 435 
-20487 -9138 -4488 -11671 4415 17107 0 0 0 0 1 189 121 431 
-20670 -9260 -3347 -12825 3479 17188 0 0 0 0 1 159 160 436 
-19752 -9394 -2124 -13200 1721 17490 0 0 0 0 1 115 174 498 
-476 -11039 2110 1120 78 -1565 0 0 0 0 1 -77 164 561 
-301 -10133 1902 1411 -165 -2763 0 0 0 0 1 -67 153 562 
-264 -8766 2193 1651 -297 -4281 0 0 0 0 1 -73 171 551 
-656 -7467 1939 1775 -536 -5187 0 0 0 0 1 -69 175 548 
-1233 -5383 2074 1779 -424 -6426 0 0 0 0 1 -51 174 551 
-1433 -4860 1812 1928 -272 -7307 0 0 0 0 1 -34 187 543 
-1802 -3807 1486 2284 -626 -7843 0 0 0 0 1 -12 175 538 
-2200 -3105 1190 2693 -1029 -8097 0 0 0 0 1 11 183 544 
-2805 -2380 905 3114 -722 -8181 0 0 0 0 1 25 188 533 
-2927 -1983 946 3202 -308 -8005 0 0 0 0 1 55 182 511 
-3543 -1543 602 3390 83 -7759 0 0 0 0 1 76 195 504 
-3848 -1439 424 3572 52 -7615 0 0 0 0 1 80 179 500 
-4351 -1325 415 3654 -55 -7651 0 0 0 0 1 109 170 490 
-4666 -1299 326 3695 -859 -7818 0 0 0 0 1 136 169 477 
-4866 -1194 -46 3699 -1726 -7925 0 0 0 0 1 141 154 481 
-4856 -1120 -376 3683 -2415 -8005 0 0 0 0 1 152 143 480 
-4941 -1351 -725 3836 -2064 -8052 0 0 0 0 1 171 126 480 
-5011 -1370 -1250 4080 -1378 -8047 0 0 0 0 1 167 117 479 
-5208 -1351 -1590 4653 -73 -8026 0 0 0 0 1 179 98 474 
-5292 -1333 -1676 5299 527 -7954 0 0 0 0 1 186 78 467 
-5329 -1298 -1729 5625 330 -7872 0 0 0 0 1 204 60 455 
-5384 -1383 -1760 5865 -384 -7729 0 0 0 0 1 202 39 451 
-5349 -1557 -1853 5892 -806 -7545 0 0 0 0 1 212 29 453 
-5137 -1668 -1968 5882 -753 -7319 0 0 0 0 1 204 11 455 
-4867 -1764 -2070 5889 -370 -6832 0 0 0 0 1 206 6 455 
-4500 -1952 -2404 5953 -289 -6383 0 0 0 0 1 207 -9 458 
-4756 -1985 -2698 6052 -531 -6323 0 0 0 0 1 208 -25 457 
-5061 -1922 -3008 6278 -743 -6637 0 0 0 0 1 188 -36 456 
-5377 -1981 -3304 6600 -279 -7118 0 0 0 0 1 191 -41 460 
-5409 -2038 -3187 6776 -4 -7305 0 0 0 0 1 181 -56 470 
-5129 -2048 -3035 6683 -377 -7125 0 0 0 0 1 180 -57 469 
-4565 -2030 -2621 5991 -1223 -6487 0 0 0 0 1 171 -50 478 
-4160 -2467 -2327 5318 -1622 -5921 0 0 0 0 1 147 -74 492 
-4181 -2602 -2193 4347 -1278 -5254 0 0 0 0 1 152 -69 487 
-5031 -2351 -2924 4036 -888 -5148 0 0 0 0 1 145 -62 499 
-5187 -2269 -2961 3958 -27 -5260 0 0 0 0 1 142 -72 501 
-5126 -2218 -2751 4020 112 -5370 0 0 0 0 1 133 -79 499 
-4852 -1988 -2196 3833 -777 -5322 0 0 0 0 1 127 -73 502 
-4812 -1703 -2070 3547 -1587 -5260 0 0 0 0 1 121 -79 513 
-4841 -1918 -1893 2986 -2192 -5054 0 0 0 0 1 107 -77 522 
-4713 -1692 -1695 2630 -1855 -4818 0 0 0 0 1 107 -69 529 
-4718 -1969 -1759 2356 -751 -4314 0 0 0 0 1 106 -71 530 
-4682 -1889 -1595 2273 434 -3745 0 0 0 0 1 93 -72 536 
-4621 -1688 -1463 2247 595 -3356 0 0 0 0 1 102 -72 522 
-4672 -1485 -1362 2099 -185 -2907 0 0 0 0 1 97 -74 524 
-4857 -1282 -1065 1765 -1204 -2604 0 0 0 0 1 96 -58 528 
-4754 -1204 -1102 1527 -1516 -2376 0 0 0 0 1 100 -69 524 
-4733 -1081 -1196 1309 -1172 -2030 0 0 0 0 1 102 -74 529 
-4750 -808 -1504 1297 -565 -1808 0 0 0 0 1 80 -58 537 
-4641 -843 -1504 1383 735 -1408 0 0 0 0 1 86 -62 529 
-4434 -446 -1403 1436 1463 -969 0 0 0 0 1 101 -58 533 
-4308 -211 -1338 1370 1213 -672 0 0 0 0 1 97 -57 522 
-4305 -64 -1141 1024 399 -292 0 0 0 0 1 95 -50 527 
-4293 16 -1200 717 -123 -61 0 0 0 0 1 94 -51 516 
-4277 13 -1269 316 -475 279 0 0 0 0 1 107 -62 522 
-4416 -36 -1430 9 -260 582 0 0 0 0 1 92 -51 526 
-4481 -128 -1608 -177 -45 835 0 0 0 0 1 100 -52 529 
-4507 -174 -1686 -513 108 1308 0 0 0 0 1 104 -42 534 
-4540 -282 -1698 -980 7 1865 0 0 0 0 1 95 -47 536 
-4629 -421 -1643 -1331 -214 2242 0 0 0 0 1 94 -51 523 
-4740 -516 -1677 -1805 -619 2728 0 0 0 0 1 90 -52 541 
-4822 -752 -1750 -2157 -872 3127 0 0 0 0 1 90 -52 550 
-4855 -919 -1847 -2333 -1053 3353 0 0 0 0 1 83 -65 543 
-4952 -956 -1963 -2553 -1346 3631 0 0 0 0 1 86 -67 541 
-4993 -1097 -1902 -2827 -1159 3916 0 0 0 0 1 75 -71 554 
-5014 -1267 -1774 -3026 -832 4112 0 0 0 0 1 80 -63 551 
-5016 -1371 -1746 -3292 -325 4397 0 0 0 0 1 86 -77 543 
-5002 -1522 -1795 -3402 -91 4578 0 0 0 0 1 80 -83 542 
-4966 -1749 -1965 -3424 -91 4857 0 0 0 0 1 89 -78 535 
-5002 -1799 -2101 -3353 -606 5149 0 0 0 0 1 83 -94 541 
-5070 -1821 -2181 -3262 -1194 5389 0 0 0 0 1 82 -85 540 
-5297 -1832 -2222 -3197 -1325 5486 0 0 0 0 1 90 -96 536 
-5469 -2023 -2304 -3050 -1001 5550 0 0 0 0 1 89 -88 542 
-6165 -2527 -2828 -2773 -551 5471 0 0 0 0 1 99 -85 537 
-6768 -2736 -3172 -2535 -268 5326 0 0 0 0 1 107 -89 545 
-7308 -2943 -3372 -2230 573 5071 0 0 0 0 1 108 -83 549 
-8493 -3252 -2980 -2144 1733 4915 0 0 0 0 1 102 -79 541 
-8921 -3606 -3000 -2126 1770 5264 0 0 0 0 1 135 -72 534 
-8998 -4071 -2901 -2591 930 7333 0 0 0 0 1 139 -68 526 
-9676 -4709 -2716 -3494 672 9572 0 0 0 0 1 161 -65 518 
-11333 -5275 -2647 -5249 1460 13121 0 0 0 0 1 160 -34 521 
-14103 -6082 -2928 -6469 3224 15662 0 0 0 0 1 172 -12 495 
-16689 -6482 -3537 -6771 4668 16479 0 0 0 0 1 176 12 488 
-17380 -6715 -3426 -6813 6149 17140 0 0 0 0 1 188 95 470 
-17827 -6650 -2244 -7200 6111 17493 0 0 0 0 1 178 123 462 
-17847 -6134 -1183 -7731 4590 17529 0 0 0 0 1 152 155 457 
-17792 -6274 -629 -8451 2260 17276 0 0 0 0 1 133 175 471 
-17096 -7100 -452 -8304 1144 16804 0 0 0 0 1 92 203 479 
-14944 -8462 -1087 -7382 541 16484 0 0 0 0 1 67 204 494 
-13491 -9665 -1709 -5157 589 15487 0 0 0 0 1 -10 207 515 
-10902 -11128 -901 -3721 2079 13424 0 0 0 0 1 -29 199 534 
-7818 -11950 862 -3462 1844 10812 0 0 0 0 1 -55 197 552 
-5214 -12583 1892 -3403 934 8970 0 0 0 0 1 -68 186 558 
-3993 -12769 1818 -2991 237 6190 0 0 0 0 1 -89 157 554 
-2666 -12518 1766 -2528 383 4411 0 0 0 0 1 -90 148 571 
-2039 -12026 1688 -1551 487 2112 0 0 0 0 1 -97 138 566 
-1034 -10923 1823 -603 417 446 0 0 0 0 1 -102 138 571 
-668 -9602 2168 -131 281 -497 0 0 0 0 1 -110 134 561 
-760 -8667 2351 325 -141 -1901 0 0 0 0 1 -113 137 565 
-956 -7285 2356 537 -328 -2810 0 0 0 0 1 -104 141 569 
-1257 -6447 2275 759 -266 -4132 0 0 0 0 1 -89 139 575 
-1816 -5238 2169 870 -52 -5332 0 0 0 0 1 -90 148 562 
-2093 -4155 2014 903 22 -5988 0 0 0 0 1 -80 147 565 
-2371 -3490 1893 895 215 -6868 0 0 0 0 1 -53 160 564 
-2675 -2694 1692 880 427 -7394 0 0 0 0 1 -28 159 558 
-2884 -2197 1498 898 494 -8020 0 0 0 0 1 -29 160 550 
-3139 -1486 960 980 349 -8291 0 0 0 0 1 -10 155 566 
-3232 -1265 704 1235 56 -8539 0 0 0 0 1 5 153 550 
-3451 -1066 412 1654 -131 -8690 0 0 0 0 1 8 148 562 
-3586 -858 9 1988 -92 -8717 0 0 0 0 1 46 155 550 
-3642 -779 -153 2481 225 -8722 0 0 0 0 1 73 152 547 
-3833 -722 -300 2752 505 -8774 0 0 0 0 1 84 134 535 
-3940 -743 -350 3066 874 -8872 0 0 0 0 1 108 130 530 
-3783 -940 -391 3258 1152 -8787 0 0 0 0 1 116 118 536 
-3837 -1071 -746 3434 1281 -8771 0 0 0 0 1 141 112 526 
-4050 -1084 -946 3806 1272 -9005 0 0 0 0 1 149 96 527 
-4160 -1252 -1027 4134 671 -9355 0 0 0 0 1 165 83 509 
-4239 -1399 -1092 4268 31 -9574 0 0 0 0 1 172 51 493 
-4320 -1540 -1175 4306 -614 -9817 0 0 0 0 1 179 34 507 
-4266 -1732 -1305 4304 -408 -9711 0 0 0 0 1 175 11 492 
-4128 -1951 -1586 4421 196 -9413 0 0 0 0 1 182 8 492 
-4167 -2099 -1745 4812 1667 -8805 0 0 0 0 1 180 -25 494 
-4303 -2371 -1721 5149 2546 -8399 0 0 0 0 1 185 -30 494 
-4581 -2634 -1630 5599 2649 -7971 0 0 0 0 1 192 -52 485 
-4620 -2750 -1626 5880 1652 -7845 0 0 0 0 1 185 -65 485 
-4812 -2922 -1783 5974 1053 -7928 0 0 0 0 1 173 -72 480 
-4775 -3031 -1936 6046 941 -8080 0 0 0 0 1 156 -87 483 
-5098 -3341 -2153 6077 1374 -8168 0 0 0 0 1 158 -90 488 
-5245 -3373 -2271 6078 1570 -8137 0 0 0 0 1 153 -93 488 
-5171 -3378 -2342 6090 1731 -7788 0 0 0 0 1 148 -103 486 
-5038 -3454 -2449 6139 1845 -7364 0 0 0 0 1 130 -114 492 
-4959 -3491 -2501 6232 1883 -6573 0 0 0 0 1 140 -106 492 
-4980 -3597 -2312 6116 1158 -5812 0 0 0 0 1 138 -109 497 
-4880 -3537 -2160 5803 138 -5345 0 0 0 0 1 125 -115 498 
-4987 -3479 -2132 5012 -1122 -4826 0 0 0 0 1 117 -93 502 
-5438 -3363 -2438 4219 -733 -4540 0 0 0 0 1 113 -100 519 
-5711 -3259 -2733 3869 298 -4443 0 0 0 0 1 108 -85 528 
-6017 -3148 -2770 3599 1526 -4416 0 0 0 0 1 110 -93 502 
-5600 -2776 -2325 3387 1483 -4227 0 0 0 0 1 108 -80 521 
-4992 -2353 -1814 2846 -1 -3549 0 0 0 0 1 108 -83 519 
-4672 -2150 -1504 2069 -1745 -2550 0 0 0 0 1 100 -87 520 
-4632 -1752 -1477 1567 -2244 -1901 0 0 0 0 1 103 -71 521 
-4715 -1552 -1565 987 -1726 -1109 0 0 0 0 1 99 -66 526 
-5007 -1294 -1653 625 -508 -660 0 0 0 0 1 101 -68 516 
-5121 -1184 -1604 479 91 -563 0 0 0 0 1 110 -58 537 
-5167 -1005 -1560 387 219 -634 0 0 0 0 1 99 -61 521 
-4925 -598 -1461 371 -44 -660 0 0 0 0 1 106 -66 526 
-4556 -434 -1317 304 -509 -402 0 0 0 0 1 100 -67 518 
-4044 -144 -1075 124 -826 184 0 0 0 0 1 99 -63 530 
-3983 -24 -1112 -12 -889 649 0 0 0 0 1 100 -62 527 
-3998 40 -1159 -209 -643 1284 0 0 0 0 1 95 -69 518 
-4119 9 -1134 -311 -330 1561 0 0 0 0 1 96 -63 535 
-4309 21 -1195 -372 -99 1658 0 0 0 0 1 97 -55 534 
-4457 9 -1221 -424 -185 1587 0 0 0 0 1 96 -58 530 
-4318 -16 -1117 -592 -286 1661 0 0 0 0 1 109 -62 524 
-4196 -39 -1188 -1045 -518 2088 0 0 0 0 1 88 -67 538 
-4097 -112 -1328 -1391 -632 2491 0 0 0 0 1 94 -58 540 
-4162 -158 -1412 -1827 -802 2973 0 0 0 0 1 94 -56 537 
-4479 -193 -1602 -2104 -1039 3120 0 0 0 0 1 77 -63 535 
-4717 -199 -1727 -2230 -1163 3088 0 0 0 0 1 82 -58 544 
-4741 -230 -1830 -2391 -1256 3083 0 0 0 0 1 82 -73 540 
-4684 -257 -2029 -2491 -1219 3186 0 0 0 0 1 75 -73 542 
-4635 -268 -2316 -2549 -1022 3472 0 0 0 0 1 70 -88 540 
-4697 -295 -2421 -2508 -483 3670 0 0 0 0 1 81 -84 534 
-4880 -332 -2394 -2457 -143 3665 0 0 0 0 1 79 -87 552 
-4998 -301 -2456 -2388 -351 3543 0 0 0 0 1 68 -98 540 
-5248 -317 -2760 -2323 -794 3424 0 0 0 0 1 68 -95 530 
-5500 -383 -3075 -2160 -1286 3302 0 0 0 0 1 77 -112 542 
-5672 -637 -3531 -1903 -1234 3383 0 0 0 0 1 68 -100 544 
-6229 -1010 -3902 -1680 -1059 3462 0 0 0 0 1 76 -109 545 
-6991 -1568 -4079 -1413 -1383 3645 0 0 0 0 1 76 -111 545 
-7669 -1859 -4107 -1471 -2441 3924 0 0 0 0 1 80 -107 542 
-9226 -2793 -3923 -1663 -2744 4240 0 0 0 0 1 74 -99 562 
-10023 -3849 -3756 -1918 -1534 5535 0 0 0 0 1 71 -101 550 
-11468 -5298 -4484 -1765 1491 7814 0 0 0 0 1 82 -98 561 
-12990 -6942 -4572 -1908 4101 9469 0 0 0 0 1 114 -84 545 
-13624 -7835 -4236 -3002 5993 11766 0 0 0 0 1 126 -79 534 
-14486 -9244 -2460 -4070 5715 13112 0 0 0 0 1 159 -57 520 
-15564 -9924 -1530 -5271 5064 15159 0 0 0 0 1 167 -46 500 
-17867 -10479 -1220 -6186 6214 16166 0 0 0 0 1 195 36 467 
-18649 -10839 -917 -6955 6989 16338 0 0 0 0 1 192 77 455 
-18849 -11226 -571 -8180 6755 16574 0 0 0 0 1 192 114 436 
-18403 -11003 -14 -8934 5852 17341 0 0 0 0 1 178 143 422 
-17723 -10155 1022 -8962 4807 17776 0 0 0 0 1 147 190 427 
-17557 -9960 1382 -7976 2616 17791 0 0 0 0 1 126 209 443 
-16076 -10488 1196 -6623 2154 17367 0 0 0 0 1 40 245 472 
-13317 -11965 1423 -4515 2216 15929 0 0 0 0 1 3 239 499 
-9637 -12628 2245 -3641 2291 14500 0 0 0 0 1 -23 242 488 
-7172 -12854 2903 -3273 2666 11949 0 0 0 0 1 -44 225 500 
-5270 -12904 3306 -2926 2232 8804 0 0 0 0 1 -81 226 511 
-3345 -12347 2814 -2313 1775 6578 0 0 0 0 1 -84 208 509 
-2250 -11788 2859 -1337 1978 3661 0 0 0 0 1 -88 209 529 
-1092 -10480 2824 -532 1557 1726 0 0 0 0 1 -87 203 526 
-612 -8965 2751 -161 939 860 0 0 0 0 1 -96 203 535 
-814 -8036 2793 42 485 -224 0 0 0 0 1 -89 193 530 
-1164 -6652 3037 -105 221 -1052 0 0 0 0 1 -93 197 538 
-1291 -5858 3164 -280 -85 -1463 0 0 0 0 1 -79 199 531 
-1395 -4800 3152 -450 -413 -2013 0 0 0 0 1 -88 187 527 
-1317 -3916 2742 -409 -451 -2359 0 0 0 0 1 -73 206 528 
-1236 -3428 2404 -107 -266 -2931 0 0 0 0 1 -77 196 535 
-1363 -2764 1830 198 -66 -3418 0 0 0 0 1 -58 198 533 
-1448 -2442 1691 543 306 -4179 0 0 0 0 1 -61 206 530 
-1479 -2042 1907 582 498 -4809 0 0 0 0 1 -38 197 531 
-1553 -1653 2066 1498 42 -7611 0 0 0 0 1 110 154 514 
-3356 -370 251 1837 703 -7918 0 0 0 0 1 109 123 506 
-3388 -322 -63 2190 1178 -8057 0 0 0 0 1 136 125 509 
-3390 -304 -241 2841 1549 -8136 0 0 0 0 1 154 118 506 
-3488 -375 -370 3271 1557 -8166 0 0 0 0 1 173 89 492 
-3537 -457 -505 3853 1243 -8197 0 0 0 0 1 186 66 484 
-3618 -610 -706 4305 673 -8222 0 0 0 0 1 195 53 472 
-3958 -846 -1117 4668 275 -8337 0 0 0 0 1 195 46 474 
-4263 -892 -1372 4920 318 -8517 0 0 0 0 1 201 15 478 
-4413 -988 -1604 5388 915 -8774 0 0 0 0 1 199 -1 459 
-4443 -1105 -1799 5882 1728 -8919 0 0 0 0 1 211 -38 466 
-4382 -1352 -1812 6160 2009 -8930 0 0 0 0 1 205 -44 458 
-4314 -1572 -1670 6337 1567 -8811 0 0 0 0 1 200 -66 458 
-4003 -1922 -1557 6158 247 -8570 0 0 0 0 1 198 -85 447 
-4033 -2099 -1658 5930 -585 -8473 0 0 0 0 1 188 -85 463 
-4525 -2344 -2102 5730 -806 -8413 0 0 0 0 1 165 -112 465 
-4760 -2663 -2557 5804 65 -8346 0 0 0 0 1 159 -121 487 
-4875 -2802 -2648 6198 2315 -8160 0 0 0 0 1 148 -137 486 
-4642 -2921 -2442 6656 3628 -7753 0 0 0 0 1 146 -139 488 
-4554 -2990 -2223 6765 3096 -7383 0 0 0 0 1 127 -139 486 
-4368 -2977 -1979 6402 884 -6704 0 0 0 0 1 130 -141 490 
-4408 -3038 -2110 5944 -323 -6257 0 0 0 0 1 115 -130 500 
-4861 -3098 -2216 5202 -305 -5754 0 0 0 0 1 104 -131 513 
-5023 -3182 -2118 4555 685 -5387 0 0 0 0 1 94 -134 509 
-5087 -2994 -2179 4226 1010 -5197 0 0 0 0 1 87 -117 514 
-4946 -2843 -1943 3772 681 -4888 0 0 0 0 1 88 -123 527 
-4853 -2820 -1790 3301 -349 -4442 0 0 0 0 1 89 -115 521 
-4736 -2620 -1632 2984 -968 -4060 0 0 0 0 1 71 -109 534 
-4788 -2522 -1646 2588 -1132 -3474 0 0 0 0 1 74 -101 534 
-4832 -2404 -1552 2314 -381 -2964 0 0 0 0 1 60 -101 536 
-5013 -2243 -1513 2195 181 -2725 0 0 0 0 1 63 -105 554 
-5048 -2002 -1413 2026 548 -2448 0 0 0 0 1 57 -104 536 
-4774 -1766 -1166 1734 271 -2024 0 0 0 0 1 56 -88 554 
-4665 -1565 -1119 1464 -204 -1640 0 0 0 0 1 66 -95 544 
-4562 -1416 -1155 1047 -835 -990 0 0 0 0 1 56 -85 549 
-4557 -1193 -1240 799 -924 -601 0 0 0 0 1 61 -98 547 
-4637 -1057 -1253 467 -657 -153 0 0 0 0 1 57 -77 531 
-4620 -920 -1281 303 -455 110 0 0 0 0 1 57 -87 548 
-4584 -838 -1292 122 -388 463 0 0 0 0 1 53 -82 541 
-4662 -616 -1400 -22 -506 714 0 0 0 0 1 41 -84 550 
-4639 -578 -1398 -126 -522 861 0 0 0 0 1 58 -73 549 
-4592 -515 -1361 -297 -515 1096 0 0 0 0 1 50 -69 550 
-4587 -483 -1423 -426 -503 1270 0 0 0 0 1 50 -79 555 
-4539 -478 -1444 -690 -419 1581 0 0 0 0 1 46 -69 552 
-4496 -479 -1511 -1011 -423 1978 0 0 0 0 1 41 -82 550 
-4435 -516 -1609 -1235 -420 2277 0 0 0 0 1 38 -87 557 
-4404 -586 -1699 -1522 -289 2728 0 0 0 0 1 43 -91 552 
-4340 -715 -1787 -1685 -145 2989 0 0 0 0 1 41 -99 559 
-4384 -789 -1775 -1923 -19 3220 0 0 0 0 1 36 -101 557 
-4356 -936 -1641 -2097 -207 3302 0 0 0 0 1 47 -98 549 
-4373 -933 -1762 -2289 -1148 3382 0 0 0 0 1 37 -98 558 
-4539 -923 -2090 -2356 -2089 3463 0 0 0 0 1 43 -99 555 
-4718 -1250 -2471 -2326 -2225 3567 0 0 0 0 1 41 -104 552 
-4874 -1453 -2576 -2302 -1437 3729 0 0 0 0 1 47 -112 554 
-5270 -1830 -2397 -2375 -722 3761 0 0 0 0 1 51 -115 554 
-5832 -2140 -2266 -2530 -357 3669 0 0 0 0 1 42 -122 540 
-6112 -2456 -2309 -2545 -1430 3677 0 0 0 0 1 60 -128 552 
-6819 -2749 -2851 -2344 -2764 4122 0 0 0 0 1 49 -130 556 
-7770 -3597 -3246 -2164 -2802 4871 0 0 0 0 1 56 -130 558 
-8587 -4183 -3568 -1885 -579 6543 0 0 0 0 1 55 -133 548 
-9924 -5798 -3295 -1906 1785 7621 0 0 0 0 1 67 -121 550 
-11417 -7254 -3226 -2449 3463 8899 0 0 0 0 1 84 -125 544 
-11594 -8216 -2800 -3964 3274 10665 0 0 0 0 1 115 -115 533 
-11582 -9267 -1903 -5372 2810 12262 0 0 0 0 1 134 -100 521 
-11892 -9649 -1990 -6903 1977 15027 0 0 0 0 1 156 -82 511 
-13200 -10196 -2053 -7459 2276 16675 0 0 0 0 1 187 -33 473 
-14782 -10735 -2074 -7998 3795 18122 0 0 0 0 1 197 6 462 
-16396 -11575 -2014 -8440 4487 18609 0 0 0 0 1 204 45 464 
-17205 -11430 -2086 -8721 4278 18735 0 0 0 0 1 192 69 464 
-17025 -11285 -2013 -8863 4179 18975 0 0 0 0 1 191 130 453 
-16461 -10668 -1525 -8850 4207 18923 0 0 0 0 1 151 166 474 
-15734 -10306 -1827 -8245 3097 18305 0 0 0 0 1 127 179 467 
-14085 -10691 -2095 -6877 2394 16689 0 0 0 0 1 87 210 481 
-11865 -11553 -2410 -5727 2460 14964 0 0 0 0 1 30 208 502 
-9982 -12237 -1311 -4561 3604 11812 0 0 0 0 1 3 222 515 
-6868 -12332 1144 -4242 3835 9749 0 0 0 0 1 -10 212 518 
-1241 -4728 3125 473 286 -3807 0 0 0 0 1 -21 157 558 
-1534 -3824 2860 372 -324 -4757 0 0 0 0 1 -4 166 554 
-1707 -3154 2342 443 -552 -5688 0 0 0 0 1 -5 165 552 
-1750 -2745 1973 620 -515 -6229 0 0 0 0 1 14 159 542 
-1703 -2403 1635 1053 -501 -6782 0 0 0 0 1 5 168 552 
-1606 -1876 1245 1552 -515 -6995 0 0 0 0 1 35 166 540 
-1641 -1726 1117 1876 -540 -7013 0 0 0 0 1 55 158 548 
-1780 -1594 1008 2287 -592 -7050 0 0 0 0 1 67 148 541 
-2179 -1371 790 2525 -571 -7145 0 0 0 0 1 74 150 529 
-2430 -1290 627 2836 -315 -7346 0 0 0 0 1 83 148 531 
-2689 -1185 554 3077 125 -7522 0 0 0 0 1 100 148 522 
-2816 -1179 382 3225 208 -7638 0 0 0 0 1 104 131 524 
-3114 -1143 272 3407 -35 -7879 0 0 0 0 1 136 117 514 
-3318 -1252 -44 3501 -305 -8065 0 0 0 0 1 145 109 511 
-3439 -1385 -185 3567 -563 -8347 0 0 0 0 1 155 98 509 
-3461 -1450 -371 3642 -738 -8530 0 0 0 0 1 162 93 493 
-3523 -1495 -720 3736 -734 -8559 0 0 0 0 1 175 67 487 
-3571 -1537 -964 4009 -386 -8485 0 0 0 0 1 174 51 502 
-3712 -1627 -1237 4283 12 -8399 0 0 0 0 1 189 45 485 
-3892 -1733 -1354 4768 572 -8297 0 0 0 0 1 180 28 487 
-4115 -1884 -1301 5030 822 -8246 0 0 0 0 1 186 19 486 
-4087 -2003 -1223 5161 866 -8097 0 0 0 0 1 194 -15 485 
-4036 -2176 -1189 5068 671 -7970 0 0 0 0 1 193 -29 481 
-4187 -2283 -1305 4787 276 -7829 0 0 0 0 1 189 -40 478 
-4283 -2337 -1459 4590 42 -7602 0 0 0 0 1 180 -57 483 
-4378 -2550 -1845 4617 89 -7356 0 0 0 0 1 162 -63 488 
-4465 -2584 -1925 4890 352 -6997 0 0 0 0 1 173 -74 497 
-4635 -2591 -2127 5279 626 -6767 0 0 0 0 1 163 -89 499 
-4954 -2634 -2003 5459 726 -6733 0 0 0 0 1 151 -85 488 
-5121 -2680 -1853 5463 601 -6788 0 0 0 0 1 148 -95 488 
-5327 -2794 -1487 5254 219 -6842 0 0 0 0 1 136 -110 498 
-5535 -2883 -1220 4622 -907 -6907 0 0 0 0 1 134 -105 514 
-5617 -2837 -1077 3780 -1945 -6791 0 0 0 0 1 122 -100 519 
-5434 -2792 -887 3243 -2089 -6521 0 0 0 0 1 109 -104 524 
-5264 -2708 -974 2761 -1850 -5867 0 0 0 0 1 81 -106 541 
-5121 -2506 -1150 2676 -1579 -5416 0 0 0 0 1 73 -98 544 
-5133 -2482 -1175 2800 -1178 -4922 0 0 0 0 1 64 -104 552 
-5250 -2339 -1306 3025 -870 -4816 0 0 0 0 1 60 -104 545 
-5450 -2219 -1193 3121 -310 -4955 0 0 0 0 1 49 -93 558 
-5320 -2124 -875 3011 15 -5002 0 0 0 0 1 44 -93 547 
-5291 -1983 -732 2593 32 -4909 0 0 0 0 1 47 -90 563 
-4950 -1765 -565 2201 -124 -4666 0 0 0 0 1 35 -78 554 
-4755 -1651 -597 1678 -366 -4064 0 0 0 0 1 49 -83 556 
-4627 -1478 -878 1486 -402 -3593 0 0 0 0 1 21 -76 561 
-4601 -1377 -1013 1441 -157 -2975 0 0 0 0 1 35 -78 561 
-4647 -1271 -1107 1498 3 -2671 0 0 0 0 1 36 -67 576 
-4543 -1096 -1012 1524 -42 -2349 0 0 0 0 1 25 -78 556 
-4510 -882 -846 1335 -182 -2136 0 0 0 0 1 22 -62 562 
-4515 -771 -772 1102 -117 -2019 0 0 0 0 1 35 -61 568 
-4493 -679 -778 719 244 -1801 0 0 0 0 1 44 -58 554 
-4382 -500 -839 396 733 -1484 0 0 0 0 1 50 -57 566 
-4260 -302 -891 224 944 -1235 0 0 0 0 1 44 -58 568 
-4156 -219 -890 17 889 -800 0 0 0 0 1 36 -57 559 
-3979 -139 -863 -176 398 -293 0 0 0 0 1 51 -56 561 
-3970 -90 -904 -315 -13 22 0 0 0 0 1 40 -58 558 
-4068 -20 -962 -526 -374 382 0 0 0 0 1 44 -66 561 
-4238 -73 -1008 -749 -289 641 0 0 0 0 1 46 -72 559 
-4335 -84 -1049 -912 -48 775 0 0 0 0 1 43 -69 552 
-4487 -137 -1208 -1128 416 954 0 0 0 0 1 37 -68 565 
-4536 -226 -1320 -1253 685 1096 0 0 0 0 1 36 -74 559 
-4497 -304 -1452 -1433 714 1404 0 0 0 0 1 42 -76 563 
-4539 -328 -1439 -1701 432 1775 0 0 0 0 1 43 -77 550 
-4711 -358 -1366 -1938 124 2021 0 0 0 0 1 40 -90 558 
-4813 -434 -1459 -2252 -356 2372 0 0 0 0 1 47 -88 549 
-5025 -631 -1856 -2365 -505 2547 0 0 0 0 1 49 -98 544 
-5246 -740 -2256 -2367 -613 2618 0 0 0 0 1 54 -105 544 
-5857 -1013 -2521 -2381 -1220 2434 0 0 0 0 1 44 -107 549 
-6606 -1326 -2620 -2480 -2028 2319 0 0 0 0 1 28 -115 554 
-6928 -1606 -2805 -2693 -2820 2561 0 0 0 0 1 25 -122 554 
-7336 -2088 -3376 -2776 -2551 3196 0 0 0 0 1 29 -128 550 
-7625 -2609 -3738 -2640 -755 4769 0 0 0 0 1 17 -133 555 
-8605 -3785 -4282 -2096 638 6325 0 0 0 0 1 37 -152 547 
-9672 -5046 -4307 -1666 919 7120 0 0 0 0 1 35 -144 537 
-10281 -5876 -4183 -1218 829 8073 0 0 0 0 1 63 -144 547 
-11100 -7327 -3878 -1173 1467 8742 0 0 0 0 1 81 -136 536 
-11567 -8452 -3639 -1676 4127 9809 0 0 0 0 1 94 -132 537 
-12535 -10603 -3154 -2473 6299 10321 0 0 0 0 1 115 -105 535 
-12730 -11173 -2959 -4305 8132 10926 0 0 0 0 1 185 -74 476 
-12951 -12447 -2597 -6433 7627 12575 0 0 0 0 1 215 -52 455 
-14610 -14066 -1579 -8765 6732 14833 0 0 0 0 1 212 -14 423 
-15532 -14180 -1389 -10287 5952 15704 0 0 0 0 1 241 8 401 
-17708 -13804 -1077 -11988 4893 16557 0 0 0 0 1 230 57 385 
-17682 -13484 -1083 -12774 4807 17134 0 0 0 0 1 226 95 379 
-17578 -12146 -1122 -13445 4491 17606 0 0 0 0 1 205 142 384 
-17222 -11236 -1304 -13393 3168 17762 0 0 0 0 1 136 206 416 
-16602 -11106 -1775 -12187 1456 17856 0 0 0 0 1 92 228 449 
-15064 -11939 -2608 -10748 1178 17513 0 0 0 0 1 58 230 470 
-13118 -12993 -2998 -8091 2472 15912 0 0 0 0 1 22 224 492 
-8388 -12701 -698 -6674 3768 13887 0 0 0 0 1 -16 223 507 
-6014 -11705 687 -5256 3726 10223 0 0 0 0 1 -27 214 522 
-3306 -10670 1621 -3763 1981 6445 0 0 0 0 1 -51 191 549 
-1119 -10301 2785 -3315 1936 5192 0 0 0 0 1 -51 196 556 
-519 -9351 3132 -2710 1004 3611 0 0 0 0 1 -70 169 563 
44 -7630 2930 -2154 132 2789 0 0 0 0 1 -75 152 561 
107 -6514 2557 -1244 -634 1913 0 0 0 0 1 -69 150 559 
-438 -5114 1972 -714 -862 1429 0 0 0 0 1 -71 153 564 
-1214 -4570 1643 -106 -724 741 0 0 0 0 1 -79 155 555 
-2014 -4089 1639 147 -286 409 0 0 0 0 1 -84 147 570 
-2066 -3627 1690 397 231 237 0 0 0 0 1 -82 159 565 
-1503 -2994 1764 554 344 293 0 0 0 0 1 -84 159 556 
-1330 -2918 1748 805 262 372 0 0 0 0 1 -82 164 563 
-779 -2616 1607 1050 -67 235 0 0 0 0 1 -76 155 562 
-224 -2302 1402 1220 -247 10 0 0 0 0 1 -93 160 562 
-12 -2164 1491 1392 -297 -511 0 0 0 0 1 -79 168 562 
229 -1886 1729 1455 -340 -907 0 0 0 0 1 -86 170 550 
345 -1718 1775 1536 -367 -1433 0 0 0 0 1 -80 188 551 
460 -1428 1812 1575 -175 -1837 0 0 0 0 1 -81 185 541 
492 -1208 1816 1567 -121 -2039 0 0 0 0 1 -75 188 537 
369 -786 1679 1510 -163 -2277 0 0 0 0 1 -71 197 538 
300 -586 1610 1416 -171 -2451 0 0 0 0 1 -68 196 535 
166 -259 1578 1348 -193 -2541 0 0 0 0 1 -55 207 541 
76 -104 1580 1205 -377 -2653 0 0 0 0 1 -53 204 527 
-155 130 1562 1074 -619 -2730 0 0 0 0 1 -48 217 527 
-212 230 1567 825 -966 -2837 0 0 0 0 1 -42 215 519 
-339 412 1562 624 -1070 -2916 0 0 0 0 1 -40 218 523 
-376 504 1476 359 -976 -2992 0 0 0 0 1 -22 219 527 
-390 572 1241 195 -729 -3009 0 0 0 0 1 -20 214 515 
-409 610 1198 134 -544 -3030 0 0 0 0 1 -23 220 523 
-443 650 980 94 -365 -3074 0 0 0 0 1 -15 212 524 
-488 636 850 96 -422 -3136 0 0 0 0 1 8 209 515 
-515 570 736 83 -503 -3191 0 0 0 0 1 4 208 512 
-587 535 685 32 -537 -3328 0 0 0 0 1 10 212 518 
-639 503 601 11 -491 -3456 0 0 0 0 1 16 208 519 
-615 571 572 8 -471 -3642 0 0 0 0 1 33 201 512 
-536 737 550 21 -579 -3724 0 0 0 0 1 47 210 519 
-499 921 487 63 -801 -3796 0 0 0 0 1 40 201 523 
-589 934 478 100 -862 -3826 0 0 0 0 1 61 196 528 
-689 978 499 135 -737 -3887 0 0 0 0 1 63 181 509 
-607 1133 489 156 -501 -3887 0 0 0 0 1 56 176 514 
-603 1155 516 230 0 -3812 0 0 0 0 1 86 170 518 
-743 1211 527 341 319 -3762 0 0 0 0 1 84 161 523 
-794 1299 499 599 672 -3783 0 0 0 0 1 94 161 512 
-967 1599 528 810 832 -3853 0 0 0 0 1 114 153 518 
-1143 1678 545 1148 886 -3983 0 0 0 0 1 114 153 504 
-1392 1818 523 1363 821 -4089 0 0 0 0 1 123 138 506 
-1380 1890 547 1594 915 -4180 0 0 0 0 1 128 150 504 
-1282 1993 614 1764 1331 -4117 0 0 0 0 1 146 127 488 
-1158 2035 572 1865 1671 -4013 0 0 0 0 1 159 118 492 
-1175 2301 761 1958 2104 -3869 0 0 0 0 1 165 112 467 
-1261 2279 862 1978 2115 -3799 0 0 0 0 1 173 111 464 
-1431 2287 880 1967 1543 -3745 0 0 0 0 1 184 103 456 
-1802 2266 845 1936 907 -3751 0 0 0 0 1 185 94 457 
-2067 2237 732 1890 132 -3773 0 0 0 0 1 194 99 445 
-2132 2217 656 1885 111 -3754 0 0 0 0 1 209 68 440 
-1975 2270 720 1877 526 -3691 0 0 0 0 1 205 68 444 
-1888 2303 818 1839 1119 -3542 0 0 0 0 1 207 51 442 
-1894 2320 849 1793 1205 -3444 0 0 0 0 1 212 49 430 
-1963 2295 906 1720 1037 -3368 0 0 0 0 1 207 44 426 
-1983 2230 881 1602 498 -3271 0 0 0 0 1 219 19 423 
-1993 2087 791 1497 -70 -3163 0 0 0 0 1 214 12 428 
-2032 1987 700 1461 -320 -3116 0 0 0 0 1 224 -2 421 
-2210 1905 514 1467 -371 -3116 0 0 0 0 1 221 12 430 
-2313 1862 398 1513 -232 -3144 0 0 0 0 1 219 -7 437 
-2340 1772 277 1614 116 -3163 0 0 0 0 1 218 -8 436 
-2357 1740 288 1665 368 -3171 0 0 0 0 1 208 -35 438 
-2388 1700 303 1711 570 -3163 0 0 0 0 1 215 -38 429 
-2344 1640 316 1725 556 -3128 0 0 0 0 1 207 -36 426 
-2514 1719 374 1702 400 -3091 0 0 0 0 1 222 -35 427 
-2565 1747 348 1673 259 -3036 0 0 0 0 1 212 -56 416 
-2557 1760 333 1638 129 -2882 0 0 0 0 1 219 -71 423 
-2527 1749 284 1619 110 -2740 0 0 0 0 1 213 -74 438 
-2521 1736 281 1569 154 -2517 0 0 0 0 1 209 -78 416 
-2500 1714 288 1505 205 -2349 0 0 0 0 1 202 -85 430 
-2381 1661 306 1347 270 -2032 0 0 0 0 1 200 -93 433 
-2279 1622 346 1200 258 -1793 0 0 0 0 1 202 -107 435 
-2199 1548 444 1016 164 -1565 0 0 0 0 1 202 -90 435 
-2202 1545 457 694 -107 -1302 0 0 0 0 1 202 -93 430 
-2238 1518 471 365 -394 -1143 0 0 0 0 1 204 -96 438 
-2247 1514 465 163 -539 -1080 0 0 0 0 1 201 -99 436 
-2248 1517 440 -69 -726 -974 0 0 0 0 1 176 -122 435 
-2197 1507 389 -160 -821 -877 0 0 0 0 1 195 -103 435 
-2194 1494 360 -214 -845 -713 0 0 0 0 1 186 -115 444 
-2203 1481 337 -196 -766 -608 0 0 0 0 1 178 -123 443 
-2221 1463 384 -142 -568 -466 0 0 0 0 1 181 -107 444 
-2215 1421 433 -74 -372 -318 0 0 0 0 1 176 -120 437 
-2243 1408 484 -38 -299 -235 0 0 0 0 1 179 -125 449 
-2244 1387 536 -26 -317 -100 0 0 0 0 1 188 -122 451 
-2175 1331 628 -45 -359 -2 0 0 0 0 1 178 -123 445 
-2127 1304 659 -102 -456 151 0 0 0 0 1 179 -122 458 
-1979 1213 677 -168 -579 307 0 0 0 0 1 174 -115 444 
-1891 1162 672 -219 -640 403 0 0 0 0 1 182 -126 445 
-1834 1106 667 -289 -726 505 0 0 0 0 1 173 -116 448 
-1802 1019 668 -341 -779 532 0 0 0 0 1 175 -116 448 
-1775 969 684 -432 -851 530 0 0 0 0 1 173 -121 448 
-1774 898 671 -488 -903 501 0 0 0 0 1 173 -121 457 
-1809 863 671 -555 -923 433 0 0 0 0 1 169 -112 463 
-1811 823 665 -590 -897 399 0 0 0 0 1 168 -116 469 
-1798 787 638 -583 -807 393 0 0 0 0 1 166 -123 457 
-1760 720 649 -553 -702 414 0 0 0 0 1 161 -114 476 
-1763 703 655 -480 -521 481 0 0 0 0 1 166 -121 464 
-1732 636 665 -395 -344 573 0 0 0 0 1 173 -114 462 
-1745 614 690 -340 -221 616 0 0 0 0 1 179 -115 463 
-1762 588 704 -269 -85 648 0 0 0 0 1 179 -112 463 
-1769 561 718 -231 -18 646 0 0 0 0 1 160 -110 460 
-1788 550 746 -207 67 599 0 0 0 0 1 169 -117 470 
