Data Quantity : 14  Accelerometer : 3  Gyroscope : 3  FSR : 5







-1107 1641 201 -114 14 -235 0 0 0 0 1 179 98 458 
-1122 1651 202 -117 200 -245 0 0 0 0 1 179 105 463 
-1137 1686 224 -119 281 -253 0 0 0 0 1 181 98 463 
-1147 1700 221 -121 286 -248 0 0 0 0 1 185 106 464 
-1161 1736 197 -117 223 -229 0 0 0 0 1 173 101 459 
-1134 1728 216 -110 131 -159 0 0 0 0 1 182 84 455 
-1118 1719 222 -90 84 -70 0 0 0 0 1 191 93 456 
-1120 1724 225 -74 70 -18 0 0 0 0 1 195 85 456 
-1144 1713 231 -48 84 23 0 0 0 0 1 189 94 462 
-1141 1714 225 -41 125 32 0 0 0 0 1 182 82 457 
-1152 1731 234 -44 191 10 0 0 0 0 1 195 103 449 
-1164 1736 231 -56 196 -11 0 0 0 0 1 181 93 458 
-1160 1727 236 -78 164 -24 0 0 0 0 1 189 94 459 
-1135 1676 282 -108 150 -19 0 0 0 0 1 179 88 458 
-1120 1660 297 -147 165 2 0 0 0 0 1 189 82 459 
-1110 1662 292 -171 174 14 0 0 0 0 1 195 95 449 
-1134 1653 271 -201 142 26 0 0 0 0 1 188 88 460 
-1132 1634 286 -218 99 45 0 0 0 0 1 195 95 447 
-1110 1629 292 -224 91 66 0 0 0 0 1 193 98 442 
-1117 1622 297 -226 93 99 0 0 0 0 1 192 99 452 
-1153 1627 291 -229 92 107 0 0 0 0 1 198 85 451 
-1164 1629 294 -219 101 111 0 0 0 0 1 195 93 456 
-1167 1618 296 -214 119 113 0 0 0 0 1 202 95 456 
-1178 1617 303 -190 131 101 0 0 0 0 1 194 89 450 
-1191 1608 288 -169 125 90 0 0 0 0 1 180 96 445 
-1198 1604 297 -143 127 57 0 0 0 0 1 201 94 459 
-1202 1605 313 -122 140 40 0 0 0 0 1 189 87 441 
-1190 1600 308 -100 174 22 0 0 0 0 1 199 87 457 
-1169 1599 310 -95 188 21 0 0 0 0 1 189 99 448 
-1159 1598 323 -96 210 34 0 0 0 0 1 195 90 444 
-1147 1604 349 -108 200 51 0 0 0 0 1 184 83 458 
-1146 1602 346 -115 171 61 0 0 0 0 1 204 77 448 
-1164 1604 359 -123 119 65 0 0 0 0 1 192 84 438 
-1165 1614 370 -130 103 65 0 0 0 0 1 188 93 444 
-1173 1611 381 -140 87 62 0 0 0 0 1 187 89 452 
-1169 1608 379 -143 83 57 0 0 0 0 1 198 105 451 
-1188 1613 388 -146 95 49 0 0 0 0 1 194 91 455 
-1210 1635 403 -142 94 46 0 0 0 0 1 184 95 451 
-1215 1635 426 -127 81 55 0 0 0 0 1 189 94 452 
-1193 1656 434 -124 66 75 0 0 0 0 1 188 90 449 
-1177 1647 451 -118 50 118 0 0 0 0 1 194 94 455 
-1188 1631 493 -121 45 154 0 0 0 0 1 199 89 445 
-1190 1620 494 -120 47 174 0 0 0 0 1 195 98 440 
-1167 1607 509 -121 58 205 0 0 0 0 1 186 83 447 
-1164 1591 536 -122 65 223 0 0 0 0 1 192 89 443 
-1147 1568 539 -113 30 255 0 0 0 0 1 198 93 451 
-1115 1511 571 -104 -9 277 0 0 0 0 1 185 82 443 
-1112 1465 605 -104 -57 287 0 0 0 0 1 188 93 458 
-1119 1386 694 -125 -63 273 0 0 0 0 1 189 91 448 
-1148 1242 803 -183 -64 223 0 0 0 0 1 191 105 442 
-1131 1135 874 -260 -97 155 0 0 0 0 1 181 98 453 
-1114 1010 935 -314 -162 95 0 0 0 0 1 202 93 442 
-1095 759 998 -371 -306 -8 0 0 0 0 1 193 93 447 
-872 498 999 -378 -381 -73 0 0 0 0 1 195 95 451 
-846 315 1025 -341 -451 -227 0 0 0 0 1 193 83 453 
-737 79 1087 -273 -441 -475 0 0 0 0 1 187 87 457 
-659 -136 1133 -217 -459 -698 0 0 0 0 1 184 88 447 
-611 -301 1192 -141 -614 -1079 0 0 0 0 1 191 90 453 
-523 -551 1240 -66 -935 -1520 0 0 0 0 1 189 84 459 
-629 -819 1184 9 -1202 -1855 0 0 0 0 1 186 88 456 
-656 -981 1068 196 -1510 -2396 0 0 0 0 1 189 72 471 
-744 -1186 876 483 -1521 -2993 0 0 0 0 1 187 55 469 
-806 -1364 745 716 -1385 -3403 0 0 0 0 1 178 47 485 
-901 -1464 661 1100 -1076 -4036 0 0 0 0 1 175 35 473 
-1130 -1558 550 1362 -847 -4482 0 0 0 0 1 176 26 488 
-1286 -1626 516 1750 -539 -5175 0 0 0 0 1 178 13 476 
-1609 -1735 422 2015 -403 -5660 0 0 0 0 1 185 8 480 
-1809 -1809 374 2409 -255 -6400 0 0 0 0 1 186 -4 481 
-2137 -1974 290 2674 -154 -6884 0 0 0 0 1 173 -28 490 
-2321 -2042 187 3073 42 -7543 0 0 0 0 1 173 -45 494 
-2690 -2157 15 3475 307 -8152 0 0 0 0 1 165 -41 486 
-3046 -2169 -113 3733 459 -8544 0 0 0 0 1 156 -65 487 
-3263 -2108 -82 3992 681 -8979 0 0 0 0 1 160 -83 498 
-3113 -2153 -184 4154 763 -8980 0 0 0 0 1 152 -89 490 
-2977 -2276 -310 4187 597 -8751 0 0 0 0 1 151 -103 491 
-2892 -2311 -274 3971 -40 -8096 0 0 0 0 1 126 -104 511 
-2899 -2496 -192 3431 -1092 -7222 0 0 0 0 1 119 -118 497 
-3024 -2519 -255 2978 -1757 -6578 0 0 0 0 1 101 -125 512 
-3261 -2622 -399 2362 -2326 -5618 0 0 0 0 1 93 -128 520 
-4228 -2786 -743 1987 -2127 -4949 0 0 0 0 1 69 -133 527 
-4779 -2778 -871 1884 -1770 -4724 0 0 0 0 1 64 -128 522 
-5217 -2696 -955 1872 -1337 -4609 0 0 0 0 1 50 -133 538 
-5699 -2362 -962 1890 -1137 -4600 0 0 0 0 1 41 -136 548 
-5737 -2133 -947 1912 -764 -4503 0 0 0 0 1 27 -121 543 
-5646 -1799 -944 1946 -85 -4142 0 0 0 0 1 29 -121 536 
-5228 -1659 -959 2005 722 -3366 0 0 0 0 1 27 -126 552 
-4852 -1569 -770 1998 1153 -2700 0 0 0 0 1 23 -112 549 
-4668 -1351 -635 1861 1361 -1710 0 0 0 0 1 38 -111 545 
-4588 -1062 -616 1713 1142 -1160 0 0 0 0 1 33 -105 554 
-4500 -873 -636 1465 716 -543 0 0 0 0 1 41 -96 545 
-4317 -640 -738 1254 562 -144 0 0 0 0 1 44 -95 551 
-4181 -492 -831 1157 619 29 0 0 0 0 1 44 -105 554 
-4082 -384 -861 1033 768 205 0 0 0 0 1 44 -98 551 
-4007 -287 -866 943 833 291 0 0 0 0 1 50 -91 552 
-3902 -206 -838 772 782 426 0 0 0 0 1 57 -89 545 
-3838 -129 -862 638 635 531 0 0 0 0 1 51 -76 549 
-3792 -71 -879 383 424 741 0 0 0 0 1 54 -85 561 
-3809 -20 -908 83 321 973 0 0 0 0 1 41 -79 545 
-3851 13 -935 -134 310 1131 0 0 0 0 1 53 -77 548 
-3850 29 -975 -467 300 1398 0 0 0 0 1 60 -79 555 
-3845 31 -1009 -779 180 1679 0 0 0 0 1 50 -84 559 
-3817 33 -1051 -984 43 1868 0 0 0 0 1 58 -85 554 
-3832 31 -1100 -1241 -253 2125 0 0 0 0 1 53 -77 555 
-3965 -7 -1181 -1458 -632 2334 0 0 0 0 1 60 -89 550 
-4064 -66 -1260 -1579 -899 2448 0 0 0 0 1 54 -76 558 
-4239 -141 -1362 -1718 -1246 2578 0 0 0 0 1 40 -95 558 
-4477 -293 -1446 -1831 -1388 2693 0 0 0 0 1 47 -85 563 
-4649 -463 -1555 -1886 -1362 2794 0 0 0 0 1 44 -95 563 
-4761 -635 -1649 -1911 -1291 2998 0 0 0 0 1 40 -95 554 
-5116 -926 -1750 -1911 -1386 3231 0 0 0 0 1 38 -111 566 
-5648 -1281 -1799 -1905 -1549 3412 0 0 0 0 1 47 -110 554 
-6025 -1603 -1935 -1833 -1937 3788 0 0 0 0 1 41 -121 569 
-6589 -2168 -2215 -1642 -1994 4354 0 0 0 0 1 34 -109 569 
-7211 -2819 -2501 -1408 -1154 5030 0 0 0 0 1 41 -126 569 
-8351 -3503 -2791 -1282 -154 5452 0 0 0 0 1 43 -123 562 
-9106 -4746 -3053 -1172 1161 6320 0 0 0 0 1 58 -120 558 
-9534 -5646 -3086 -1395 1647 7721 0 0 0 0 1 70 -122 561 
-10553 -6834 -3136 -1866 2163 8821 0 0 0 0 1 84 -107 547 
-11307 -8031 -3372 -3230 4425 10632 0 0 0 0 1 127 -85 537 
-12089 -9013 -3489 -5394 7319 12072 0 0 0 0 1 156 -67 518 
-13385 -10567 -3448 -7080 8167 12726 0 0 0 0 1 186 -56 498 
-13931 -11303 -2982 -9625 7295 13864 0 0 0 0 1 204 -28 464 
-14903 -11525 -2767 -11611 4716 15268 0 0 0 0 1 227 1 443 
-16004 -11534 -3552 -12313 3735 16276 0 0 0 0 1 220 25 436 
-17134 -11459 -3532 -12707 4483 17104 0 0 0 0 1 197 99 420 
-17502 -11284 -3832 -12198 3742 16995 0 0 0 0 1 180 136 422 
-16918 -11644 -3561 -11328 3009 16684 0 0 0 0 1 172 164 430 
-15119 -12788 -3407 -9323 2021 16077 0 0 0 0 1 129 181 451 
-12947 -13853 -3187 -7083 2515 15214 0 0 0 0 1 89 201 477 
-9623 -14700 -497 -6321 3843 14090 0 0 0 0 1 82 218 472 
-7512 -14208 1910 -5974 3403 11399 0 0 0 0 1 54 213 491 
-5313 -12791 2848 -5319 1397 9241 0 0 0 0 1 16 203 519 
-3002 -12204 2850 -3766 -26 6459 0 0 0 0 1 5 199 520 
-1999 -11816 2944 -2199 194 4354 0 0 0 0 1 -14 201 530 
-977 -10958 2934 -1216 18 3225 0 0 0 0 1 -21 206 526 
-624 -10221 3055 60 -343 1589 0 0 0 0 1 -27 209 524 
-648 -8221 3256 1214 -227 -830 0 0 0 0 1 -14 193 533 
-697 -6612 3445 1806 -453 -3072 0 0 0 0 1 -16 198 519 
-935 -5405 3243 2004 -985 -4529 0 0 0 0 1 3 209 522 
-1171 -4325 2898 2070 -1454 -5696 0 0 0 0 1 -2 210 516 
-1447 -3511 2531 2051 -1706 -6292 0 0 0 0 1 12 217 511 
-1623 -2989 2273 1981 -1974 -6978 0 0 0 0 1 21 218 516 
-1793 -2362 1880 1940 -2023 -7318 0 0 0 0 1 51 210 498 
-1957 -2074 1652 1934 -1858 -7751 0 0 0 0 1 66 206 500 
-2207 -1745 1312 2017 -1590 -8155 0 0 0 0 1 83 204 501 
-2568 -1487 1037 2161 -1526 -8538 0 0 0 0 1 89 188 505 
-2984 -1320 762 2275 -1626 -8770 0 0 0 0 1 107 172 499 
-3286 -1314 648 2401 -1739 -9064 0 0 0 0 1 134 161 491 
-3403 -1283 691 2391 -1578 -9142 0 0 0 0 1 142 141 490 
-3381 -1397 471 2414 -1309 -8987 0 0 0 0 1 161 126 501 
-3473 -1465 75 2506 -1136 -8758 0 0 0 0 1 174 95 488 
-3491 -1589 -142 2743 -757 -8325 0 0 0 0 1 178 77 494 
-3760 -1630 -385 3094 -216 -7968 0 0 0 0 1 192 72 490 
-3954 -1626 -649 3398 125 -7768 0 0 0 0 1 188 61 484 
-3907 -1673 -756 3899 461 -7425 0 0 0 0 1 200 46 484 
-3853 -1799 -789 4182 485 -7196 0 0 0 0 1 199 25 476 
-3868 -1894 -756 4451 228 -6926 0 0 0 0 1 209 -14 474 
-3784 -1929 -784 4512 -169 -6753 0 0 0 0 1 207 -19 470 
-4092 -2023 -996 4502 -390 -6820 0 0 0 0 1 193 -39 470 
-4281 -2138 -1252 4527 -233 -6939 0 0 0 0 1 195 -41 474 
-4226 -2267 -1464 4688 392 -7079 0 0 0 0 1 185 -47 476 
-4233 -2320 -1561 4953 1017 -7159 0 0 0 0 1 206 -57 478 
-4138 -2351 -1621 5119 1179 -7147 0 0 0 0 1 187 -72 476 
-4050 -2392 -1690 5314 835 -6965 0 0 0 0 1 176 -90 486 
-3931 -2492 -1759 5407 310 -6641 0 0 0 0 1 160 -103 484 
-4126 -2609 -1944 5459 109 -6459 0 0 0 0 1 174 -95 486 
-4380 -2668 -2116 5601 262 -6311 0 0 0 0 1 152 -99 499 
-4440 -2761 -2208 5763 963 -6185 0 0 0 0 1 141 -107 502 
-4541 -2794 -2121 5829 1396 -6135 0 0 0 0 1 147 -99 508 
-4628 -2767 -1969 5752 1390 -6111 0 0 0 0 1 143 -110 500 
-4777 -2707 -1679 5378 479 -6071 0 0 0 0 1 133 -94 511 
-4857 -2616 -1368 4957 -416 -5984 0 0 0 0 1 127 -95 505 
-4914 -2503 -1374 4232 -1642 -5686 0 0 0 0 1 106 -90 519 
-4654 -2436 -1520 3659 -1665 -5080 0 0 0 0 1 96 -78 535 
-4574 -2531 -1880 3470 -1019 -4591 0 0 0 0 1 88 -82 536 
-4674 -2477 -2086 3434 327 -3981 0 0 0 0 1 95 -96 538 
-4726 -2214 -2211 3457 1090 -3578 0 0 0 0 1 92 -80 542 
-4710 -2037 -1894 3342 1079 -3417 0 0 0 0 1 87 -76 540 
-4616 -1829 -1664 2934 448 -3236 0 0 0 0 1 84 -73 530 
-4407 -1601 -1519 2357 -362 -2996 0 0 0 0 1 96 -73 540 
-4033 -1407 -1469 1953 -769 -2700 0 0 0 0 1 86 -60 543 
-3693 -1135 -1520 1395 -1282 -2064 0 0 0 0 1 83 -69 545 
-3693 -1140 -1452 899 -1434 -1424 0 0 0 0 1 88 -67 550 
-3705 -997 -1242 444 -1163 -983 0 0 0 0 1 80 -66 542 
-3971 -813 -1194 210 -1006 -843 0 0 0 0 1 63 -61 554 
-4057 -697 -1142 -47 -813 -774 0 0 0 0 1 68 -76 542 
-4034 -575 -1065 -206 -664 -714 0 0 0 0 1 61 -63 554 
-3998 -521 -1075 -261 -580 -623 0 0 0 0 1 53 -72 552 
-3923 -444 -1109 -265 -417 -333 0 0 0 0 1 60 -62 552 
-3736 -462 -1053 -228 -216 137 0 0 0 0 1 66 -73 544 
-3784 -562 -947 -214 -81 457 0 0 0 0 1 64 -65 559 
-3763 -550 -906 -235 81 920 0 0 0 0 1 61 -73 551 
-3905 -506 -953 -312 23 1242 0 0 0 0 1 73 -71 542 
-3998 -551 -1005 -398 -61 1392 0 0 0 0 1 55 -74 550 
-4154 -654 -996 -598 -119 1528 0 0 0 0 1 66 -76 558 
-4254 -733 -1025 -853 -172 1624 0 0 0 0 1 62 -65 548 
-4338 -850 -1098 -1032 -271 1721 0 0 0 0 1 74 -72 543 
-4331 -971 -1154 -1304 -450 1972 0 0 0 0 1 50 -74 552 
-4371 -1013 -1213 -1588 -573 2291 0 0 0 0 1 57 -77 562 
-4565 -945 -1331 -1779 -621 2479 0 0 0 0 1 54 -78 554 
-4798 -967 -1497 -2014 -677 2706 0 0 0 0 1 40 -78 568 
-4922 -1063 -1566 -2206 -718 2899 0 0 0 0 1 61 -80 565 
-5226 -1186 -1635 -2334 -848 3010 0 0 0 0 1 53 -94 562 
-5432 -1121 -1689 -2605 -1285 3178 0 0 0 0 1 50 -101 566 
-5745 -1119 -1766 -2924 -1736 3460 0 0 0 0 1 49 -100 561 
-6091 -1288 -2045 -3086 -1851 3768 0 0 0 0 1 147 -89 534 
-14958 -6925 -2811 -7378 2053 16343 0 0 0 0 1 168 -67 506 
-16933 -7193 -1758 -8745 1168 17540 0 0 0 0 1 192 -20 497 
-18955 -7412 -1516 -10005 417 18990 0 0 0 0 1 187 3 492 
-19843 -7216 -1517 -10348 190 19629 0 0 0 0 1 178 42 497 
-19909 -7153 -1570 -10060 -626 19871 0 0 0 0 1 163 82 504 
-19585 -7074 -1434 -9001 -2367 19657 0 0 0 0 1 139 112 521 
-17919 -7915 -1512 -6902 -4088 18209 0 0 0 0 1 97 131 545 
-16601 -9067 -3101 -4501 -4724 16778 0 0 0 0 1 30 144 554 
-14371 -10916 -4601 -515 -2067 14616 0 0 0 0 1 -8 158 571 
-10056 -13274 -3707 1429 2836 12510 0 0 0 0 1 -35 157 563 
-6576 -13595 -1141 1417 3805 10795 0 0 0 0 1 -41 180 562 
-4967 -12703 -635 880 1844 7378 0 0 0 0 1 -49 164 551 
-4129 -12610 -91 229 1078 3658 0 0 0 0 1 -62 182 548 
-2708 -12469 273 -175 1235 1714 0 0 0 0 1 -58 169 565 
-1864 -11848 336 -434 947 -239 0 0 0 0 1 -64 170 555 
-1208 -10347 484 -272 874 -1609 0 0 0 0 1 -62 177 566 
-1011 -8726 711 12 1141 -2444 0 0 0 0 1 -48 165 557 
-3611 -1502 937 3301 517 -9170 0 0 0 0 1 95 141 531 
-4212 -1271 759 4220 1299 -9573 0 0 0 0 1 119 141 534 
-4372 -1207 607 4979 1518 -9646 0 0 0 0 1 133 121 508 
-4405 -1274 651 5289 1249 -9267 0 0 0 0 1 169 100 505 
-4387 -1460 445 5283 764 -8810 0 0 0 0 1 163 99 485 
-4454 -1504 250 5073 -74 -8095 0 0 0 0 1 178 74 483 
-4507 -1672 -30 4863 -515 -7683 0 0 0 0 1 189 60 487 
-4697 -1872 -342 4550 -959 -7285 0 0 0 0 1 179 41 477 
-4813 -1909 -618 4317 -1449 -7193 0 0 0 0 1 199 33 483 
-4887 -1986 -1069 4239 -1697 -7282 0 0 0 0 1 192 3 476 
-5004 -2077 -1479 4246 -1575 -7594 0 0 0 0 1 191 4 491 
-4961 -2065 -1700 4453 -867 -7985 0 0 0 0 1 192 -20 483 
-4673 -2133 -1845 4783 55 -8177 0 0 0 0 1 184 -34 486 
-4489 -2218 -1821 5023 478 -8158 0 0 0 0 1 180 -60 487 
-4347 -2282 -1811 5326 592 -7922 0 0 0 0 1 188 -58 495 
-4348 -2461 -1884 5539 290 -7615 0 0 0 0 1 171 -82 508 
-4322 -2483 -2017 5664 102 -7422 0 0 0 0 1 160 -76 514 
-4366 -2573 -2258 5877 140 -7175 0 0 0 0 1 152 -91 508 
-4574 -2709 -2358 6166 774 -7087 0 0 0 0 1 139 -88 512 
-4638 -2788 -2328 6350 1295 -7054 0 0 0 0 1 136 -90 509 
-4769 -2930 -2302 6504 1268 -7016 0 0 0 0 1 132 -93 509 
-4957 -2940 -2205 6317 280 -7012 0 0 0 0 1 130 -82 524 
-4915 -2874 -2149 5993 -484 -6966 0 0 0 0 1 123 -82 531 
-4744 -2804 -2172 5395 -1071 -6689 0 0 0 0 1 117 -88 528 
-4395 -2703 -2218 4874 -439 -6130 0 0 0 0 1 107 -74 534 
-4114 -2705 -2200 4651 494 -5668 0 0 0 0 1 107 -77 531 
-4115 -2730 -2156 4472 1740 -5015 0 0 0 0 1 107 -62 534 
-4241 -2788 -1765 4265 1589 -4583 0 0 0 0 1 104 -52 543 
-4625 -2746 -1508 4025 657 -4460 0 0 0 0 1 102 -55 550 
-4843 -2738 -1308 3430 -779 -4404 0 0 0 0 1 94 -49 537 
-4724 -2467 -1421 2782 -1389 -4230 0 0 0 0 1 94 -41 542 
-4743 -2368 -1618 2420 -1138 -4016 0 0 0 0 1 90 -47 538 
-4423 -2216 -1531 2021 226 -3514 0 0 0 0 1 93 -47 536 
-4193 -2196 -1472 1828 1755 -2944 0 0 0 0 1 100 -52 543 
-4264 -1946 -1070 1711 2213 -2645 0 0 0 0 1 116 -45 527 
-4184 -1975 -1005 1483 1159 -2144 0 0 0 0 1 113 -36 530 
-4058 -1831 -1100 1148 -877 -1506 0 0 0 0 1 99 -51 537 
-3777 -1325 -996 829 -1634 -1047 0 0 0 0 1 104 -50 522 
-3692 -1249 -1059 381 -1619 -332 0 0 0 0 1 95 -40 541 
-3748 -1113 -1288 97 -708 237 0 0 0 0 1 96 -56 526 
-3833 -922 -1324 -37 61 498 0 0 0 0 1 96 -53 530 
-3877 -896 -1269 -229 934 734 0 0 0 0 1 94 -44 533 
-3981 -769 -1204 -377 1044 805 0 0 0 0 1 109 -47 529 
-4032 -685 -1223 -608 418 878 0 0 0 0 1 106 -49 528 
-3974 -595 -1297 -835 -495 1047 0 0 0 0 1 109 -47 529 
-3836 -551 -1431 -968 -852 1245 0 0 0 0 1 104 -52 529 
-3824 -566 -1510 -1135 -798 1569 0 0 0 0 1 100 -50 534 
-3975 -614 -1529 -1320 -371 1785 0 0 0 0 1 93 -45 536 
-4220 -647 -1611 -1457 -204 1846 0 0 0 0 1 100 -40 534 
-4481 -664 -1718 -1711 -373 1855 0 0 0 0 1 92 -46 549 
-4553 -715 -1763 -2026 -735 1901 0 0 0 0 1 108 -51 530 
-4507 -738 -1834 -2246 -899 2038 0 0 0 0 1 96 -51 542 
-4494 -741 -1915 -2543 -1032 2380 0 0 0 0 1 94 -49 544 
-4605 -810 -2119 -2754 -1213 2780 0 0 0 0 1 93 -60 538 
-4790 -907 -2138 -2880 -1506 3018 0 0 0 0 1 79 -67 550 
-5086 -979 -2213 -3073 -2237 3280 0 0 0 0 1 73 -73 551 
-5649 -1129 -2457 -3191 -2776 3438 0 0 0 0 1 74 -79 555 
-6169 -1381 -2868 -3124 -2507 3595 0 0 0 0 1 63 -80 554 
-6421 -1734 -3288 -2972 -1854 3773 0 0 0 0 1 50 -99 566 
-6473 -2200 -3582 -2607 -984 4296 0 0 0 0 1 61 -98 556 
-6730 -2834 -3823 -2322 -996 5081 0 0 0 0 1 60 -111 552 
-7424 -4029 -3648 -2363 -1902 6107 0 0 0 0 1 68 -105 565 
-8722 -5148 -3713 -2744 -2037 7202 0 0 0 0 1 74 -104 564 
-9682 -6317 -4207 -3121 182 8379 0 0 0 0 1 67 -101 564 
-11109 -8046 -4734 -3538 2589 9229 0 0 0 0 1 75 -107 556 
-11738 -9125 -4792 -4890 5377 10766 0 0 0 0 1 104 -99 555 
-12253 -10420 -3978 -7374 5550 12940 0 0 0 0 1 146 -76 509 
-13174 -11395 -2749 -9385 5093 14764 0 0 0 0 1 184 -61 498 
-15215 -11317 -2302 -11980 3333 17401 0 0 0 0 1 205 -34 477 
-17836 -10734 -2830 -13052 1671 19050 0 0 0 0 1 205 0 467 
-18793 -11003 -3200 -12640 1920 19927 0 0 0 0 1 212 29 460 
-19529 -10698 -2781 -11923 1977 20034 0 0 0 0 1 184 107 472 
-19109 -10523 -2548 -9874 575 19570 0 0 0 0 1 163 131 473 
-18297 -11286 -2516 -6508 -120 18068 0 0 0 0 1 123 160 490 
-15331 -12637 -2799 -3905 483 16692 0 0 0 0 1 93 187 511 
-12503 -13508 -1342 -1355 3117 14422 0 0 0 0 1 47 196 491 
-8269 -13776 2247 -811 2803 11905 0 0 0 0 1 34 217 511 
-5325 -13050 4128 -806 1036 9951 0 0 0 0 1 -10 222 501 
-4082 -12760 4414 -756 -871 6858 0 0 0 0 1 -34 231 511 
-2590 -11893 3974 -462 -1659 4211 0 0 0 0 1 -40 220 523 
-1660 -10649 3226 -117 -1678 2738 0 0 0 0 1 -51 225 512 
-1324 -9416 2691 564 -991 801 0 0 0 0 1 -62 224 508 
-1090 -7760 2320 1049 -503 -293 0 0 0 0 1 -60 222 506 
-1114 -6342 2419 1566 -387 -1567 0 0 0 0 1 -61 225 509 
-1096 -5549 2690 1575 -607 -2365 0 0 0 0 1 -50 231 504 
-751 -4584 2980 1331 -740 -2644 0 0 0 0 1 -60 239 499 
-530 -4036 3088 756 -1042 -2888 0 0 0 0 1 -43 229 499 
-485 -3216 2849 183 -1557 -3231 0 0 0 0 1 -33 240 500 
-586 -2510 2438 -127 -1797 -3589 0 0 0 0 1 -31 234 490 
-693 -1997 1988 -440 -1948 -4277 0 0 0 0 1 -22 244 499 
-823 -1756 1740 -597 -1949 -5075 0 0 0 0 1 -8 229 508 
-1078 -1410 1463 -628 -1840 -5639 0 0 0 0 1 -4 228 505 
-1352 -1234 1295 -585 -1637 -6531 0 0 0 0 1 21 228 509 
-1704 -1105 986 -366 -1581 -7270 0 0 0 0 1 25 210 507 
-1950 -973 657 -115 -1477 -7614 0 0 0 0 1 48 209 518 
-2035 -1022 529 377 -1027 -7872 0 0 0 0 1 62 190 515 
-2179 -1056 387 940 -307 -7955 0 0 0 0 1 93 175 508 
-2536 -1086 320 1292 222 -8004 0 0 0 0 1 102 170 513 
-2778 -1104 418 1640 901 -8138 0 0 0 0 1 130 150 515 
-3224 -1172 513 1750 868 -8403 0 0 0 0 1 139 144 502 
-3714 -1111 391 1742 442 -8637 0 0 0 0 1 149 136 501 
-3811 -1170 237 1721 -322 -8863 0 0 0 0 1 171 104 490 
-4048 -1289 -81 1771 -608 -8918 0 0 0 0 1 175 82 490 
-4130 -1370 -525 2062 -563 -8839 0 0 0 0 1 187 38 494 
-4203 -1505 -624 2444 60 -8650 0 0 0 0 1 185 23 490 
-4411 -1609 -489 2771 877 -8458 0 0 0 0 1 186 9 491 
-4515 -1636 -502 2983 1346 -8354 0 0 0 0 1 198 -14 493 
-4797 -1679 -513 3295 1859 -8380 0 0 0 0 1 198 -34 481 
-5009 -1747 -774 3706 1867 -8385 0 0 0 0 1 175 -74 485 
-4823 -1898 -1264 4061 1696 -8234 0 0 0 0 1 189 -74 471 
-4568 -2005 -1552 4652 1604 -7777 0 0 0 0 1 186 -95 481 
-4372 -2117 -1889 5072 1626 -7373 0 0 0 0 1 172 -112 477 
-4390 -2279 -2114 5716 1571 -6773 0 0 0 0 1 158 -117 486 
-5005 -2365 -2417 6338 1629 -6480 0 0 0 0 1 167 -115 486 
-5481 -2360 -2725 6933 1977 -6327 0 0 0 0 1 153 -117 484 
-5792 -2256 -2812 7224 2281 -6230 0 0 0 0 1 142 -116 494 
-5388 -2094 -2724 7405 2457 -5897 0 0 0 0 1 152 -114 499 
-5187 -2012 -2695 7276 1757 -5407 0 0 0 0 1 138 -114 497 
-4892 -1919 -2596 7026 990 -5022 0 0 0 0 1 128 -114 506 
-4825 -1998 -2510 6489 118 -4457 0 0 0 0 1 133 -104 511 
-5135 -2037 -2458 5891 -140 -4043 0 0 0 0 1 117 -90 519 
-4177 -1157 -1535 1065 -642 -1797 0 0 0 0 1 99 -56 542 
-4107 -1025 -1355 1087 -320 -1631 0 0 0 0 1 90 -62 518 
-4071 -847 -1208 1017 -327 -1410 0 0 0 0 1 95 -55 541 
-4011 -750 -1120 771 -676 -1188 0 0 0 0 1 95 -42 548 
-3898 -633 -1103 542 -869 -1037 0 0 0 0 1 80 -53 547 
-3893 -556 -1140 185 -861 -843 0 0 0 0 1 83 -67 543 
-3909 -523 -1229 -102 -594 -683 0 0 0 0 1 81 -65 536 
-3953 -493 -1325 -241 -446 -576 0 0 0 0 1 77 -61 549 
-3980 -511 -1369 -412 -446 -377 0 0 0 0 1 82 -49 547 
-4010 -466 -1373 -620 -600 -126 0 0 0 0 1 79 -57 543 
-3995 -495 -1370 -867 -805 214 0 0 0 0 1 69 -65 543 
-3982 -522 -1438 -1017 -901 481 0 0 0 0 1 71 -74 536 
-3976 -540 -1495 -1209 -847 892 0 0 0 0 1 71 -72 541 
-4029 -570 -1629 -1366 -618 1271 0 0 0 0 1 67 -77 557 
-4122 -569 -1615 -1477 -504 1477 0 0 0 0 1 58 -76 554 
-4178 -588 -1607 -1687 -563 1744 0 0 0 0 1 61 -85 554 
-4301 -580 -1667 -1938 -895 1977 0 0 0 0 1 58 -85 561 
-4379 -488 -1689 -2139 -1125 2106 0 0 0 0 1 51 -98 554 
-4459 -440 -1732 -2454 -1284 2302 0 0 0 0 1 53 -104 548 
-4576 -554 -1755 -2761 -1066 2552 0 0 0 0 1 50 -99 557 
-4727 -632 -1663 -2969 -789 2739 0 0 0 0 1 49 -115 556 
-4992 -716 -1429 -3336 -365 2942 0 0 0 0 1 54 -117 533 
-5348 -864 -1262 -3621 -443 3125 0 0 0 0 1 54 -122 551 
-5263 -1141 -1533 -3635 -1122 3384 0 0 0 0 1 54 -139 540 
-5279 -1277 -1944 -3300 -2721 3976 0 0 0 0 1 49 -144 542 
-5579 -1698 -2411 -2641 -3701 4698 0 0 0 0 1 54 -142 540 
-14289 -9159 -3113 -7305 5269 16720 0 0 0 0 1 181 -34 488 
-15356 -9308 -3296 -8753 4945 16757 0 0 0 0 1 201 33 471 
-14986 -9475 -3430 -9510 4421 17094 0 0 0 0 1 200 63 465 
-15145 -9219 -2948 -9894 4208 17126 0 0 0 0 1 204 106 464 
-15046 -9235 -3088 -9773 3666 16855 0 0 0 0 1 181 142 472 
-13623 -10368 -2907 -8791 2970 15988 0 0 0 0 1 158 152 472 
-11975 -11361 -2662 -7212 2788 14396 0 0 0 0 1 109 197 485 
-8869 -12528 -696 -6423 2894 12875 0 0 0 0 1 81 195 492 
-7184 -12668 934 -5622 2327 10020 0 0 0 0 1 75 198 507 
-4134 -12441 2367 -4506 883 7285 0 0 0 0 1 54 196 514 
-2428 -12005 2505 -3497 576 5545 0 0 0 0 1 36 190 524 
-1808 -11503 2484 -1887 1085 3117 0 0 0 0 1 15 185 522 
-1243 -10054 2529 -871 1249 1754 0 0 0 0 1 24 192 529 
-904 -8386 2838 333 1008 239 0 0 0 0 1 25 181 523 
-1159 -6820 3170 1033 692 -912 0 0 0 0 1 29 192 536 
-1368 -5888 3320 1255 450 -1579 0 0 0 0 1 18 196 526 
-1541 -4998 3415 1323 1 -2425 0 0 0 0 1 46 192 527 
-1637 -3810 3265 1291 -464 -3037 0 0 0 0 1 35 191 519 
-1576 -2984 2956 1301 -627 -3333 0 0 0 0 1 51 188 526 
-1547 -2677 2583 1444 -626 -3737 0 0 0 0 1 67 185 524 
-1633 -2188 2173 1540 -492 -4024 0 0 0 0 1 67 182 513 
-1553 -1879 2018 1598 -241 -4394 0 0 0 0 1 82 176 505 
-1318 -1554 2077 1477 -173 -4618 0 0 0 0 1 89 176 505 
-1153 -1302 2136 1345 -385 -4695 0 0 0 0 1 102 175 508 
-1112 -1144 2057 1181 -1005 -4744 0 0 0 0 1 101 179 502 
-1045 -1113 1762 1154 -1701 -4713 0 0 0 0 1 110 166 505 
-1033 -1069 1430 1194 -2028 -4696 0 0 0 0 1 126 145 506 
-1204 -1132 1170 1339 -2264 -4789 0 0 0 0 1 123 141 506 
-1519 -1157 865 1467 -2238 -4978 0 0 0 0 1 122 130 507 
-1968 -1134 759 1640 -1923 -5505 0 0 0 0 1 138 121 506 
-2088 -1094 643 1788 -1391 -6148 0 0 0 0 1 139 117 514 
-2224 -1067 417 1900 -1022 -6570 0 0 0 0 1 147 109 513 
-2238 -1079 235 2137 -462 -7153 0 0 0 0 1 149 96 513 
-2412 -1124 6 2354 -76 -7533 0 0 0 0 1 172 68 505 
-2697 -1255 -59 2726 348 -8088 0 0 0 0 1 173 55 515 
-2853 -1363 -115 3113 296 -8558 0 0 0 0 1 175 45 499 
-2945 -1468 -206 3339 67 -8795 0 0 0 0 1 178 18 499 
-3032 -1689 -358 3586 -190 -9056 0 0 0 0 1 185 -3 499 
-3330 -1975 -446 3673 -127 -9218 0 0 0 0 1 176 -12 495 
-3614 -2068 -574 3786 242 -9476 0 0 0 0 1 180 -35 499 
-3960 -2281 -841 3969 802 -9700 0 0 0 0 1 174 -44 502 
-4243 -2502 -960 4136 1146 -9791 0 0 0 0 1 167 -83 509 
-4279 -2637 -959 4382 1248 -9731 0 0 0 0 1 163 -94 508 
-4266 -2922 -1216 4612 604 -9370 0 0 0 0 1 154 -116 504 
-4256 -3013 -1346 4728 64 -8987 0 0 0 0 1 148 -127 514 
-4204 -3035 -1466 4902 -130 -8359 0 0 0 0 1 130 -121 520 
-5117 -3275 -1756 5164 720 -7957 0 0 0 0 1 115 -132 526 
-5398 -3259 -1826 5411 1828 -7772 0 0 0 0 1 101 -125 528 
-5481 -3268 -1804 5816 3319 -7453 0 0 0 0 1 94 -122 523 
-5266 -2992 -1934 6042 3618 -7165 0 0 0 0 1 95 -131 536 
-4886 -2838 -1771 6119 2998 -6627 0 0 0 0 1 89 -117 530 
-4535 -2772 -1592 5759 1587 -5976 0 0 0 0 1 97 -116 534 
-4165 -2698 -1556 5357 676 -5525 0 0 0 0 1 88 -106 543 
-4453 -1868 -1281 1271 198 -1509 0 0 0 0 1 74 -52 545 
-4530 -1750 -1246 1143 -283 -1326 0 0 0 0 1 66 -66 547 
-4486 -1509 -1315 1052 -580 -1182 0 0 0 0 1 68 -58 547 
-4446 -1364 -1349 880 -551 -899 0 0 0 0 1 66 -51 563 
-4397 -1186 -1452 710 -4 -539 0 0 0 0 1 68 -58 554 
-4369 -1123 -1416 577 434 -302 0 0 0 0 1 67 -55 552 
-4382 -1057 -1312 319 749 -6 0 0 0 0 1 71 -60 538 
-4372 -1009 -1202 -32 435 261 0 0 0 0 1 83 -42 557 
-4290 -874 -1155 -303 -70 494 0 0 0 0 1 80 -41 551 
-4304 -794 -1172 -703 -812 921 0 0 0 0 1 75 -56 556 
-4348 -693 -1334 -924 -1011 1229 0 0 0 0 1 69 -52 552 
-4428 -680 -1476 -1140 -807 1682 0 0 0 0 1 61 -56 556 
-4544 -679 -1565 -1299 -296 2065 0 0 0 0 1 73 -61 558 
-4570 -767 -1587 -1417 -70 2292 0 0 0 0 1 68 -63 556 
-4596 -763 -1590 -1661 -42 2567 0 0 0 0 1 62 -60 552 
-4592 -778 -1500 -2014 -284 2810 0 0 0 0 1 64 -55 562 
-4564 -874 -1407 -2283 -519 2976 0 0 0 0 1 58 -66 554 
-4616 -896 -1377 -2679 -934 3221 0 0 0 0 1 66 -78 554 
-4764 -957 -1414 -3010 -1256 3480 0 0 0 0 1 66 -83 556 
-4774 -1018 -1501 -3192 -1367 3820 0 0 0 0 1 57 -74 562 
-4855 -1167 -1689 -3224 -1385 4092 0 0 0 0 1 49 -85 565 
-4964 -1236 -1913 -3131 -1456 4482 0 0 0 0 1 58 -98 558 
-9753 -6343 -2031 -2773 2700 11911 0 0 0 0 1 102 -109 557 
-10758 -6939 -1828 -3344 3340 13900 0 0 0 0 1 123 -94 552 
-11669 -7268 -1129 -4947 3174 16559 0 0 0 0 1 156 -47 531 
-13519 -7219 -534 -6677 2074 17981 0 0 0 0 1 176 -9 523 
-14851 -6964 -1381 -7214 1480 18398 0 0 0 0 1 180 13 511 
-15261 -7380 -1499 -7355 2239 18423 0 0 0 0 1 166 52 508 
-15709 -7775 -1990 -6986 2895 17605 0 0 0 0 1 159 84 506 
-15390 -8630 -2417 -6401 2843 16708 0 0 0 0 1 147 106 527 
-14406 -9476 -2352 -5111 2904 15147 0 0 0 0 1 115 149 523 
-11816 -11548 -2721 -4028 3105 14230 0 0 0 0 1 92 176 512 
-8074 -13008 -1242 -3083 4422 12987 0 0 0 0 1 68 181 512 
-5923 -13373 991 -3722 4688 11106 0 0 0 0 1 67 185 511 
-3264 -13440 3367 -4273 3024 9393 0 0 0 0 1 40 183 514 
-2085 -12999 3375 -3985 269 6341 0 0 0 0 1 43 192 520 
-697 -12451 2995 -3193 -107 4228 0 0 0 0 1 28 181 523 
-20 -12234 2900 -1576 456 1320 0 0 0 0 1 12 177 543 
596 -11088 2769 173 789 -1060 0 0 0 0 1 24 170 545 
586 -9334 2905 1172 869 -2391 0 0 0 0 1 35 176 542 
323 -8101 3161 2180 821 -4154 0 0 0 0 1 33 174 528 
-549 -6252 3530 2527 492 -5233 0 0 0 0 1 46 185 527 
-1169 -5143 3365 2786 -562 -6585 0 0 0 0 1 68 181 521 
-1773 -3869 2843 2903 -1478 -7472 0 0 0 0 1 75 171 505 
-2377 -2856 2258 2959 -1708 -7872 0 0 0 0 1 95 168 515 
-2736 -2222 1574 3139 -1755 -8181 0 0 0 0 1 113 159 514 
-2922 -1940 1318 3306 -1553 -8287 0 0 0 0 1 112 153 506 
-3266 -1523 974 3390 -1388 -8368 0 0 0 0 1 127 144 519 
-3427 -1256 784 3434 -1133 -8510 0 0 0 0 1 134 120 516 
-3357 -1016 909 3326 -929 -8480 0 0 0 0 1 151 122 509 
-3170 -1206 746 3123 -1000 -8118 0 0 0 0 1 156 109 511 
-3335 -1226 451 2997 -1178 -7845 0 0 0 0 1 163 82 497 
-3409 -1220 360 2772 -1308 -7428 0 0 0 0 1 173 72 506 
-3458 -1356 166 2613 -1325 -7133 0 0 0 0 1 178 55 511 
-3443 -1367 97 2436 -1262 -6734 0 0 0 0 1 182 40 508 
-3521 -1369 -207 2400 -1081 -6478 0 0 0 0 1 185 30 508 
-3704 -1362 -498 2468 -802 -6428 0 0 0 0 1 189 6 508 
-3808 -1349 -626 2679 -83 -6489 0 0 0 0 1 185 -1 515 
-3703 -1304 -713 2870 446 -6542 0 0 0 0 1 174 -7 512 
-3746 -1355 -813 3177 922 -6637 0 0 0 0 1 181 -17 505 
-3748 -1327 -869 3434 931 -6745 0 0 0 0 1 172 -39 498 
-3638 -1365 -832 3527 763 -6767 0 0 0 0 1 167 -63 509 
-3535 -1457 -841 3569 380 -6696 0 0 0 0 1 168 -74 508 
-3457 -1537 -894 3564 175 -6600 0 0 0 0 1 156 -72 504 
-3373 -1664 -1034 3596 100 -6359 0 0 0 0 1 161 -74 506 
-3414 -1810 -1186 3765 364 -6100 0 0 0 0 1 143 -85 514 
-3741 -1908 -1345 3946 645 -6030 0 0 0 0 1 141 -85 505 
-3905 -2016 -1425 4257 910 -6081 0 0 0 0 1 126 -109 518 
-4184 -2082 -1417 4430 860 -6199 0 0 0 0 1 128 -94 520 
-4383 -2156 -1360 4550 487 -6406 0 0 0 0 1 119 -104 524 
-4536 -2191 -1306 4433 51 -6620 0 0 0 0 1 110 -105 526 
-4510 -2162 -1212 4236 -30 -6686 0 0 0 0 1 110 -103 533 
-4569 -2178 -1308 3910 183 -6650 0 0 0 0 1 103 -103 540 
-4470 -2041 -1419 3626 682 -6390 0 0 0 0 1 104 -114 531 
-4374 -2065 -1431 3481 889 -6108 0 0 0 0 1 92 -93 537 
-4319 -2045 -1428 3283 596 -5602 0 0 0 0 1 81 -116 538 
-4340 -2059 -1352 3118 43 -5257 0 0 0 0 1 81 -96 552 
-4629 -2099 -1257 2762 -799 -4896 0 0 0 0 1 75 -100 549 
-4744 -1962 -1153 2316 -1048 -4572 0 0 0 0 1 68 -103 547 
-4788 -1912 -1123 2027 -758 -4352 0 0 0 0 1 68 -95 551 
-4733 -1846 -1102 1666 135 -3962 0 0 0 0 1 48 -101 562 
-4571 -1781 -1058 1419 759 -3466 0 0 0 0 1 48 -91 552 
-4376 -1594 -1118 1320 769 -3081 0 0 0 0 1 48 -94 552 
-4232 -1492 -1092 1199 406 -2472 0 0 0 0 1 44 -93 551 
-4225 -1388 -991 1108 52 -2112 0 0 0 0 1 54 -103 558 
-4265 -1206 -872 909 -378 -1679 0 0 0 0 1 49 -85 556 
-4270 -1091 -748 633 -363 -1346 0 0 0 0 1 41 -82 552 
-4242 -930 -750 472 -109 -1164 0 0 0 0 1 44 -83 549 
-4209 -838 -783 342 429 -937 0 0 0 0 1 37 -98 544 
-4125 -750 -816 325 589 -716 0 0 0 0 1 40 -93 547 
-4067 -649 -957 356 405 -543 0 0 0 0 1 49 -98 561 
-4040 -565 -962 350 125 -248 0 0 0 0 1 49 -83 544 
-3946 -431 -944 259 29 123 0 0 0 0 1 46 -77 562 
-3948 -401 -945 142 66 393 0 0 0 0 1 50 -87 545 
-4017 -353 -857 -135 273 747 0 0 0 0 1 48 -96 557 
-4096 -342 -833 -345 357 943 0 0 0 0 1 60 -84 562 
-4114 -376 -885 -650 178 1212 0 0 0 0 1 57 -126 555 
-5182 -677 -1004 -2987 -1629 3559 0 0 0 0 1 42 -132 554 
-5631 -848 -1215 -3225 -1694 3864 0 0 0 0 1 29 -133 545 
-5665 -1016 -1322 -3344 -1608 4096 0 0 0 0 1 44 -149 549 
-5781 -1198 -1393 -3336 -1961 4494 0 0 0 0 1 29 -145 543 
-6279 -1664 -1607 -3060 -3394 4870 0 0 0 0 1 50 -145 543 
-7215 -2196 -1506 -2736 -4895 5262 0 0 0 0 1 43 -165 545 
-7783 -2439 -1545 -2587 -5692 5642 0 0 0 0 1 40 -164 542 
-8553 -2788 -1699 -2393 -5359 6421 0 0 0 0 1 29 -163 538 
-10207 -3684 -2694 -1590 -2528 7563 0 0 0 0 1 30 -171 551 
-11532 -5126 -4083 -636 622 8667 0 0 0 0 1 48 -163 543 
-12202 -6111 -4319 342 3900 10866 0 0 0 0 1 80 -157 537 
-12675 -8128 -2351 -638 3644 13890 0 0 0 0 1 119 -128 531 
-12922 -8866 -1090 -2436 3234 16049 0 0 0 0 1 136 -100 530 
-14012 -9280 -893 -5304 2185 18325 0 0 0 0 1 147 -60 515 
-15625 -9431 -1326 -6590 1811 19110 0 0 0 0 1 184 2 500 
-16238 -9278 -2143 -7233 1622 19721 0 0 0 0 1 176 44 493 
-16954 -9508 -2427 -7036 2264 19512 0 0 0 0 1 169 78 495 
-17009 -9586 -2923 -6499 1628 19039 0 0 0 0 1 156 109 497 
-16326 -10002 -2752 -5299 562 17761 0 0 0 0 1 134 139 505 
-14862 -10867 -3036 -4311 518 16486 0 0 0 0 1 96 154 512 
-11026 -12511 -1968 -3419 2112 14736 0 0 0 0 1 44 188 528 
-8780 -12933 29 -3915 3550 12730 0 0 0 0 1 27 190 527 
-4955 -13402 2187 -4322 2027 10182 0 0 0 0 1 9 183 547 
-3595 -13327 1945 -3880 626 8302 0 0 0 0 1 -9 174 540 
-2809 -12999 1603 -2511 -1 5381 0 0 0 0 1 -30 171 549 
-1276 -12437 1764 -1518 363 3700 0 0 0 0 1 -28 166 551 
-162 -10865 2032 -125 740 1614 0 0 0 0 1 -33 152 551 
281 -9745 2377 890 532 -77 0 0 0 0 1 -34 155 566 
273 -8230 2840 1300 267 -1154 0 0 0 0 1 -41 160 548 
-34 -7175 3132 1534 -100 -2762 0 0 0 0 1 -22 175 548 
-426 -5420 3029 1578 -388 -3718 0 0 0 0 1 -11 188 549 
-637 -4612 2756 1683 -802 -4897 0 0 0 0 1 -8 177 545 
-934 -3839 2479 1869 -1010 -5841 0 0 0 0 1 5 182 538 
-1443 -2867 2011 2059 -1112 -6397 0 0 0 0 1 5 190 545 
-1800 -2423 1705 2366 -1215 -7137 0 0 0 0 1 21 179 526 
-2100 -1882 1393 2594 -1024 -7744 0 0 0 0 1 42 186 533 
-2329 -1400 1117 2705 -750 -8053 0 0 0 0 1 55 192 527 
-2339 -1175 1003 2859 -263 -8264 0 0 0 0 1 70 181 514 
-2256 -973 885 2973 -4 -8227 0 0 0 0 1 87 164 521 
-2229 -942 869 3069 127 -7956 0 0 0 0 1 107 165 520 
-2251 -1111 910 2929 -390 -7512 0 0 0 0 1 117 157 505 
-2436 -1349 704 2722 -1064 -7217 0 0 0 0 1 141 147 502 
-2617 -1435 609 2243 -1943 -6945 0 0 0 0 1 149 128 497 
-3169 -1493 431 1885 -2259 -6961 0 0 0 0 1 156 104 492 
-3489 -1527 210 1438 -2235 -7204 0 0 0 0 1 155 90 488 
-3796 -1570 -118 1260 -1891 -7460 0 0 0 0 1 167 83 502 
-3862 -1583 -285 1214 -1038 -7887 0 0 0 0 1 168 57 513 
-3755 -1663 -464 1418 -151 -8239 0 0 0 0 1 167 41 509 
-3640 -1783 -562 1655 272 -8420 0 0 0 0 1 176 14 498 
-3557 -1859 -614 2100 561 -8606 0 0 0 0 1 169 -2 514 
-3622 -2064 -604 2394 560 -8683 0 0 0 0 1 181 -29 514 
-3670 -2127 -588 2779 359 -8660 0 0 0 0 1 168 -50 501 
-3734 -2370 -740 3139 246 -8479 0 0 0 0 1 162 -68 507 
-4085 -2474 -967 3510 651 -8296 0 0 0 0 1 155 -85 512 
-4352 -2584 -1122 3828 1116 -8212 0 0 0 0 1 146 -93 512 
-4426 -2630 -1202 4380 1994 -8059 0 0 0 0 1 146 -105 514 
-4521 -2759 -1118 4733 2400 -7957 0 0 0 0 1 125 -122 505 
-4690 -2846 -1044 5135 2155 -7879 0 0 0 0 1 122 -125 526 
-4753 -2919 -1079 5282 1186 -7864 0 0 0 0 1 125 -130 516 
-4946 -2992 -1241 5243 682 -7864 0 0 0 0 1 119 -131 518 
-4928 -3043 -1343 5082 859 -7732 0 0 0 0 1 102 -128 527 
-5218 -3239 -1491 4994 1663 -7461 0 0 0 0 1 99 -132 530 
-5199 -3241 -1449 4955 1991 -7141 0 0 0 0 1 89 -120 526 
-5051 -3286 -1274 4730 1670 -6488 0 0 0 0 1 79 -116 527 
-4931 -3237 -1071 4434 921 -6041 0 0 0 0 1 76 -121 543 
-4945 -3257 -1064 3835 -362 -5448 0 0 0 0 1 66 -112 530 
-5117 -3229 -1166 3200 -846 -4990 0 0 0 0 1 56 -112 547 
-5349 -3223 -1313 2877 -611 -4763 0 0 0 0 1 66 -95 554 
-5524 -3146 -1440 2611 143 -4461 0 0 0 0 1 44 -107 556 
-5553 -2958 -1421 2538 600 -4213 0 0 0 0 1 44 -95 547 
-5406 -2763 -1349 2480 757 -3669 0 0 0 0 1 51 -88 556 
-5181 -2462 -1253 2358 348 -2934 0 0 0 0 1 55 -87 557 
-5034 -2137 -1226 2218 119 -2406 0 0 0 0 1 48 -77 559 
-4991 -1880 -1256 1938 151 -1666 0 0 0 0 1 43 -72 557 
-4811 -1509 -1230 1695 405 -1218 0 0 0 0 1 57 -74 543 
-4646 -1349 -1162 1271 758 -654 0 0 0 0 1 49 -73 561 
-4424 -1091 -1031 790 685 -256 0 0 0 0 1 55 -69 552 
-4208 -883 -982 475 415 -67 0 0 0 0 1 57 -57 543 
-4090 -742 -992 67 -55 141 0 0 0 0 1 66 -71 558 
-3894 -494 -1049 -255 -347 329 0 0 0 0 1 58 -66 549 
-3805 -418 -1093 -400 -413 476 0 0 0 0 1 58 -68 549 
-3760 -345 -1139 -533 -350 735 0 0 0 0 1 47 -66 549 
-3770 -302 -1163 -605 -228 1016 0 0 0 0 1 55 -77 564 
-3763 -329 -1122 -647 -156 1214 0 0 0 0 1 54 -76 563 
-3749 -406 -1065 -746 -141 1526 0 0 0 0 1 56 -68 535 
-3751 -436 -1081 -912 -317 1812 0 0 0 0 1 49 -88 554 
-3804 -369 -1130 -1050 -439 1959 0 0 0 0 1 54 -83 558 
-3843 -371 -1302 -1242 -496 2121 0 0 0 0 1 50 -74 559 
-3878 -411 -1425 -1396 -446 2249 0 0 0 0 1 50 -74 562 
-3952 -451 -1542 -1562 -412 2367 0 0 0 0 1 53 -84 548 
-3983 -545 -1587 -1693 -531 2476 0 0 0 0 1 57 -87 559 
-4029 -579 -1652 -1941 -859 2698 0 0 0 0 1 41 -82 562 
-4216 -603 -1829 -2225 -1091 2950 0 0 0 0 1 48 -87 557 
-4393 -633 -1961 -2407 -1122 3097 0 0 0 0 1 42 -100 570 
-4606 -709 -2092 -2666 -898 3242 0 0 0 0 1 50 -101 555 
-4973 -982 -2108 -2946 -902 3338 0 0 0 0 1 113 -144 530 
-13042 -6492 -4020 -7456 2097 16694 0 0 0 0 1 125 -132 512 
-15539 -7341 -4253 -8167 2339 17758 0 0 0 0 1 160 -107 498 
-16976 -7432 -4451 -8702 1650 18338 0 0 0 0 1 181 -88 493 
-17766 -7653 -4246 -8875 1608 18504 0 0 0 0 1 205 9 472 
-17885 -8094 -3809 -8950 1801 18520 0 0 0 0 1 194 33 464 
-17765 -8109 -3900 -8458 512 18216 0 0 0 0 1 188 73 467 
-17141 -8442 -3765 -7692 -262 17896 0 0 0 0 1 162 122 481 
-16339 -9218 -3645 -5960 -782 17127 0 0 0 0 1 142 141 490 
-13637 -11108 -4068 -4413 -498 16473 0 0 0 0 1 121 158 504 
-11061 -12634 -3341 -2645 1941 14883 0 0 0 0 1 84 183 505 
-8070 -13479 -386 -2392 2923 11528 0 0 0 0 1 23 210 521 
-5641 -13192 1764 -2478 1647 8850 0 0 0 0 1 20 214 513 
-4006 -12861 1929 -2203 -3 5296 0 0 0 0 1 0 210 530 
-1686 -11839 1902 -1589 530 2547 0 0 0 0 1 2 215 533 
-1142 -10737 1890 -1012 763 1046 0 0 0 0 1 2 191 537 
-825 -9440 1934 -18 162 -726 0 0 0 0 1 -10 190 522 
-785 -7508 1917 601 -180 -1633 0 0 0 0 1 -5 207 534 
-898 -6324 1968 1275 -241 -2700 0 0 0 0 1 2 196 535 
-1387 -4740 1901 1686 -301 -3595 0 0 0 0 1 14 196 537 
-1803 -3469 1965 1750 -316 -4087 0 0 0 0 1 29 204 524 
-1889 -2708 2148 1504 -180 -4638 0 0 0 0 1 35 206 514 
-1818 -1820 2268 1029 -53 -4965 0 0 0 0 1 44 198 514 
-1645 -1272 2208 692 -56 -5086 0 0 0 0 1 54 188 516 
-1594 -970 2015 299 -252 -5232 0 0 0 0 1 74 187 513 
-1707 -563 1772 163 -620 -5300 0 0 0 0 1 94 176 521 
-1658 -401 1436 271 -1598 -5121 0 0 0 0 1 93 168 513 
-1613 -404 875 530 -2101 -4856 0 0 0 0 1 92 161 514 
-1746 -344 630 1033 -1947 -4525 0 0 0 0 1 110 159 526 
-2166 -30 488 1344 -1231 -4476 0 0 0 0 1 97 153 522 
-2249 42 631 1679 217 -4619 0 0 0 0 1 109 143 515 
-2283 137 797 1839 1294 -4907 0 0 0 0 1 112 141 511 
-2323 315 1011 1877 1513 -5120 0 0 0 0 1 123 133 504 
-2273 361 1072 1854 1063 -5369 0 0 0 0 1 152 123 508 
-2236 356 944 1839 456 -5447 0 0 0 0 1 166 101 499 
-2115 259 787 1868 -395 -5435 0 0 0 0 1 173 99 494 
-2137 150 387 1976 -747 -5431 0 0 0 0 1 166 84 497 
-2166 104 126 2243 -758 -5485 0 0 0 0 1 172 73 491 
-2227 -29 -70 2514 -195 -5568 0 0 0 0 1 181 58 493 
-2216 -151 -156 2657 314 -5606 0 0 0 0 1 184 63 484 
-2310 -180 -260 2860 905 -5741 0 0 0 0 1 185 50 480 
-2632 -109 -426 3084 1155 -6037 0 0 0 0 1 192 20 483 
-2788 -119 -454 3230 1195 -6265 0 0 0 0 1 199 15 476 
-2864 -147 -481 3446 933 -6583 0 0 0 0 1 197 11 483 
-3031 -18 -663 3595 484 -6710 0 0 0 0 1 200 -17 465 
-2899 -9 -859 3802 -222 -6615 0 0 0 0 1 198 -29 472 
-2952 -78 -943 3944 -390 -6302 0 0 0 0 1 176 -41 470 
-3201 -191 -1039 4004 -209 -6069 0 0 0 0 1 188 -63 474 
-3661 -316 -1181 4082 199 -5859 0 0 0 0 1 186 -76 477 
-4091 -222 -1284 4160 613 -6002 0 0 0 0 1 171 -84 483 
-4367 -22 -1426 4249 866 -6261 0 0 0 0 1 167 -95 486 
-4215 52 -1427 4304 865 -6332 0 0 0 0 1 178 -104 487 
-3925 14 -1413 4387 602 -6177 0 0 0 0 1 167 -110 491 
-3734 -77 -1385 4450 337 -5983 0 0 0 0 1 158 -112 493 
-3735 -108 -1322 4549 -72 -5665 0 0 0 0 1 147 -106 504 
-3809 -255 -1234 4596 -405 -5448 0 0 0 0 1 146 -115 493 
-4018 -300 -1225 4600 -847 -5209 0 0 0 0 1 120 -120 507 
-4286 -345 -1189 4448 -865 -5016 0 0 0 0 1 116 -114 518 
-4217 -421 -1127 4271 -518 -4859 0 0 0 0 1 103 -103 528 
-4143 -436 -1061 4018 366 -4642 0 0 0 0 1 103 -115 528 
-4167 -442 -1015 3898 935 -4569 0 0 0 0 1 90 -109 527 
-4228 -461 -842 3720 1207 -4506 0 0 0 0 1 97 -101 531 
-4176 -540 -678 3512 469 -4289 0 0 0 0 1 102 -96 541 
-4509 -641 -560 3267 -528 -4069 0 0 0 0 1 96 -100 542 
-4585 -609 -611 3146 -935 -3907 0 0 0 0 1 82 -90 544 
-4546 -675 -864 3120 -729 -3546 0 0 0 0 1 74 -82 543 
-4498 -825 -934 3181 24 -3264 0 0 0 0 1 70 -83 535 
-4441 -884 -917 3300 1508 -2850 0 0 0 0 1 79 -84 564 
-4658 -839 -827 3313 1984 -2636 0 0 0 0 1 81 -67 541 
-4876 -744 -734 3108 1359 -2403 0 0 0 0 1 71 -62 545 
-4778 -667 -614 2544 98 -2191 0 0 0 0 1 81 -57 543 
-4664 -524 -633 2060 -505 -2020 0 0 0 0 1 83 -55 562 
-4627 -512 -877 1459 -641 -1579 0 0 0 0 1 71 -38 555 
-4534 -648 -1229 1208 -142 -1161 0 0 0 0 1 69 -60 552 
-4552 -650 -1376 949 807 -457 0 0 0 0 1 81 -40 552 
-4613 -666 -1435 691 833 219 0 0 0 0 1 89 -44 549 
-4635 -512 -1451 424 344 613 0 0 0 0 1 69 -50 552 
-4580 -426 -1415 -118 -392 1121 0 0 0 0 1 87 -49 547 
-4634 -299 -1533 -509 -633 1377 0 0 0 0 1 75 -36 549 
-4634 -182 -1656 -1057 -487 1653 0 0 0 0 1 69 -40 548 
-4711 -131 -1925 -1493 -150 1809 0 0 0 0 1 64 -74 573 
-7602 -1452 -3446 -3132 -2220 6006 0 0 0 0 1 51 -93 584 
-8107 -2356 -3839 -2711 -1390 6369 0 0 0 0 1 56 -85 561 
-8518 -2962 -3682 -2478 -653 7174 0 0 0 0 1 62 -84 564 
-9116 -3636 -2897 -3237 -122 8308 0 0 0 0 1 77 -88 556 
-10111 -4270 -2396 -4200 539 9237 0 0 0 0 1 73 -88 570 
-10760 -4947 -2691 -5590 2028 11107 0 0 0 0 1 89 -80 556 
-12247 -6354 -3459 -6523 3362 13346 0 0 0 0 1 117 -68 549 
-13134 -6931 -3187 -7139 3943 14760 0 0 0 0 1 161 -55 531 
-14258 -7334 -2677 -8113 3419 16336 0 0 0 0 1 169 -31 519 
-16207 -7516 -1911 -8806 2171 17358 0 0 0 0 1 176 -9 512 
-16809 -7511 -2114 -8966 2091 17822 0 0 0 0 1 160 24 502 
-17490 -7654 -2283 -8591 2409 18030 0 0 0 0 1 161 67 508 
-17382 -7945 -2602 -7464 1958 17794 0 0 0 0 1 154 104 511 
-16791 -8433 -3123 -6346 2310 17057 0 0 0 0 1 138 128 506 
-15328 -9408 -3607 -4288 3064 15542 0 0 0 0 1 113 154 505 
-12438 -10860 -3581 -2845 4605 13416 0 0 0 0 1 95 160 508 
-9757 -11656 -571 -2899 5369 11545 0 0 0 0 1 81 182 506 
-7148 -12000 1121 -3365 3278 8586 0 0 0 0 1 71 192 504 
-4421 -12765 1480 -3260 1287 6188 0 0 0 0 1 51 193 509 
-3239 -12738 1410 -2841 942 4915 0 0 0 0 1 34 192 527 
-2216 -12209 1435 -1852 847 3243 0 0 0 0 1 41 199 518 
-1001 -10943 1811 -1100 604 2230 0 0 0 0 1 30 179 528 
-584 -9946 2198 -89 214 740 0 0 0 0 1 27 195 527 
-366 -8475 2652 423 15 -267 0 0 0 0 1 34 182 520 
-456 -7531 2840 900 -349 -1772 0 0 0 0 1 35 186 523 
-839 -5462 3064 2427 -1413 -6729 0 0 0 0 1 127 127 523 
-1633 -1360 592 2693 -1385 -6438 0 0 0 0 1 116 123 515 
-1958 -1361 400 3098 -1187 -6258 0 0 0 0 1 135 126 513 
-2723 -1402 335 3297 -714 -6442 0 0 0 0 1 142 111 511 
-2915 -1347 437 3245 -302 -6681 0 0 0 0 1 152 101 513 
-3059 -1320 536 2978 182 -7079 0 0 0 0 1 158 85 505 
-3070 -1306 652 2730 371 -7310 0 0 0 0 1 163 74 499 
-2900 -1345 655 2403 460 -7509 0 0 0 0 1 182 67 504 
-2725 -1425 570 2270 247 -7546 0 0 0 0 1 182 30 497 
-2692 -1660 306 2240 -604 -7439 0 0 0 0 1 191 7 498 
-2663 -1867 157 2348 -1436 -7253 0 0 0 0 1 197 -3 497 
-2941 -2027 52 2450 -1695 -7250 0 0 0 0 1 185 -11 504 
-3535 -2198 -149 2592 -1431 -7427 0 0 0 0 1 179 -29 512 
-3726 -2363 -416 2715 -854 -7572 0 0 0 0 1 173 -47 508 
-4055 -2526 -650 3010 341 -7889 0 0 0 0 1 168 -60 508 
-4370 -2592 -751 3455 1415 -8379 0 0 0 0 1 160 -85 512 
-4870 -2738 -790 3773 1686 -8758 0 0 0 0 1 159 -114 518 
-4977 -2723 -788 4198 1327 -9144 0 0 0 0 1 133 -111 511 
-4793 -2947 -972 4527 357 -9051 0 0 0 0 1 129 -115 530 
-4522 -3063 -1068 4662 -108 -8730 0 0 0 0 1 112 -131 522 
-4571 -3217 -1200 4840 52 -8152 0 0 0 0 1 108 -125 526 
-4951 -3316 -1472 5040 1106 -7681 0 0 0 0 1 80 -137 533 
-5348 -3398 -1395 5092 1723 -7457 0 0 0 0 1 82 -139 537 
-5462 -3402 -1250 4913 1748 -7182 0 0 0 0 1 75 -134 542 
-5483 -3225 -1178 4405 848 -6988 0 0 0 0 1 77 -122 549 
-5736 -3187 -1198 3944 192 -6983 0 0 0 0 1 63 -112 542 
-5712 -3060 -1291 3254 -297 -6896 0 0 0 0 1 56 -122 551 
-5500 -2900 -1631 2944 -285 -6646 0 0 0 0 1 40 -112 563 
-5285 -2825 -1699 2679 96 -5915 0 0 0 0 1 35 -98 561 
-5036 -2645 -1514 2522 481 -4967 0 0 0 0 1 31 -104 564 
-5018 -2535 -1294 2374 625 -4357 0 0 0 0 1 24 -101 564 
-5075 -2402 -1060 1998 561 -3679 0 0 0 0 1 25 -93 563 
-5252 -2162 -780 1679 287 -3406 0 0 0 0 1 24 -91 557 
-5230 -2015 -697 1188 -199 -3126 0 0 0 0 1 23 -90 565 
-5074 -1751 -692 799 -297 -2894 0 0 0 0 1 22 -91 566 
-4999 -1522 -816 662 -94 -2795 0 0 0 0 1 18 -95 565 
-5008 -1319 -938 686 465 -2719 0 0 0 0 1 12 -79 550 
-4974 -1074 -979 805 873 -2647 0 0 0 0 1 17 -77 552 
-4819 -942 -998 1054 1277 -2339 0 0 0 0 1 11 -88 568 
-4626 -717 -908 1220 1204 -1774 0 0 0 0 1 28 -90 565 
-4567 -566 -856 1227 971 -1321 0 0 0 0 1 31 -82 562 
-4621 -475 -717 998 773 -672 0 0 0 0 1 29 -77 557 
-4742 -448 -725 667 692 -181 0 0 0 0 1 33 -78 561 
-4966 -355 -873 456 676 20 0 0 0 0 1 40 -80 558 
-4981 -310 -864 100 565 265 0 0 0 0 1 24 -72 564 
-4950 -179 -1023 -148 366 463 0 0 0 0 1 30 -63 561 
-4885 -82 -1052 -592 48 852 0 0 0 0 1 35 -73 554 
-4884 -6 -1063 -1090 -173 1347 0 0 0 0 1 38 -79 562 
-4992 31 -1028 -1429 -166 1674 0 0 0 0 1 43 -74 557 
-5123 41 -972 -1917 -169 2095 0 0 0 0 1 36 -87 566 
-5339 -51 -818 -2238 -377 2345 0 0 0 0 1 29 -99 557 
-5441 -275 -828 -2634 -1154 2770 0 0 0 0 1 27 -94 564 
-5443 -400 -995 -2842 -2177 3339 0 0 0 0 1 25 -98 568 
-5440 -610 -1392 -2834 -2688 3798 0 0 0 0 1 28 -107 561 
-5560 -790 -1651 -2633 -2858 4443 0 0 0 0 1 23 -125 570 
-5981 -1102 -1869 -2349 -2382 4836 0 0 0 0 1 14 -117 561 
-6537 -1635 -1865 -2166 -1999 4959 0 0 0 0 1 14 -120 565 
-6888 -2011 -1919 -1875 -1540 5061 0 0 0 0 1 12 -118 562 
-7013 -2493 -2108 -1510 -940 5306 0 0 0 0 1 12 -131 571 
-7229 -3291 -2557 -1187 -612 5592 0 0 0 0 1 25 -132 572 
-7472 -3849 -2649 -812 128 6097 0 0 0 0 1 29 -133 569 
-8349 -5094 -2995 -582 1370 6524 0 0 0 0 1 54 -125 563 
-8513 -5914 -2943 -604 2355 6893 0 0 0 0 1 67 -116 559 
-8807 -6804 -2917 -1079 3075 7751 0 0 0 0 1 83 -118 550 
-9444 -8259 -2415 -2479 3651 9160 0 0 0 0 1 106 -100 544 
-10260 -8552 -2030 -4034 4702 10224 0 0 0 0 1 125 -85 542 
-10614 -9021 -2114 -6364 6427 12343 0 0 0 0 1 159 -69 515 
-11824 -9984 -2146 -7959 6997 14864 0 0 0 0 1 188 -31 467 
-13371 -10256 -1843 -8541 5864 16424 0 0 0 0 1 206 -1 452 
-14629 -9894 -1704 -9024 3935 17882 0 0 0 0 1 205 41 433 
-16497 -9420 -1569 -9209 4618 18296 0 0 0 0 1 202 78 430 
-16467 -9120 -1685 -8957 5285 18327 0 0 0 0 1 200 130 430 
-16150 -8996 -1881 -7845 4860 18026 0 0 0 0 1 171 175 420 
-14858 -9430 -1288 -6866 4255 17420 0 0 0 0 1 145 209 436 
-12890 -10422 -351 -5610 3739 15703 0 0 0 0 1 66 235 435 
-10980 -11142 911 -5284 3738 13204 0 0 0 0 1 49 257 463 
-7952 -11219 2854 -5502 3333 11324 0 0 0 0 1 21 247 465 
-6117 -10995 3678 -5715 1675 8787 0 0 0 0 1 -5 244 499 
-2859 -10728 3180 -5086 334 6891 0 0 0 0 1 -15 236 504 
-2355 -10470 2954 -4303 256 5557 0 0 0 0 1 -41 219 508 
-1571 -9108 2573 -1758 487 2071 0 0 0 0 1 -66 201 528 
-905 -7768 2185 -706 674 991 0 0 0 0 1 -63 210 528 
-828 -6688 2133 546 1032 -282 0 0 0 0 1 -51 198 530 
-1035 -6013 2503 1011 1238 -1376 0 0 0 0 1 -56 208 530 
-1200 -5009 3113 899 1051 -2005 0 0 0 0 1 -51 213 526 
-1126 -4066 3210 414 234 -2781 0 0 0 0 1 -42 201 528 
-1024 -3521 3096 -72 -561 -3394 0 0 0 0 1 -35 213 516 
-1068 -2909 2564 -253 -926 -3793 0 0 0 0 1 -18 198 526 
-2539 -1165 587 2419 -179 -7910 0 0 0 0 1 96 152 512 
-2971 -1108 469 2434 -156 -8450 0 0 0 0 1 121 155 515 
-3127 -1077 456 2341 -52 -9174 0 0 0 0 1 147 131 497 
-3175 -1326 266 2267 -125 -9506 0 0 0 0 1 163 123 511 
-3266 -1398 81 2240 -438 -9802 0 0 0 0 1 168 99 504 
-3354 -1581 -188 2304 -647 -9865 0 0 0 0 1 184 53 493 
-3480 -1712 -302 2535 -695 -9713 0 0 0 0 1 186 36 498 
-3420 -1966 -603 2993 -569 -9192 0 0 0 0 1 179 9 500 
-3608 -2299 -974 3647 -133 -8714 0 0 0 0 1 188 -4 507 
-4428 -2287 -1305 4148 412 -8645 0 0 0 0 1 185 -20 499 
-4748 -2474 -1540 4941 1483 -8676 0 0 0 0 1 179 -34 498 
-5123 -2573 -1572 5676 2516 -8757 0 0 0 0 1 193 -63 486 
-5243 -2673 -1507 6027 2570 -8655 0 0 0 0 1 186 -73 493 
-5390 -2656 -1615 6194 1328 -8181 0 0 0 0 1 180 -91 483 
-5484 -2698 -1850 6007 8 -7244 0 0 0 0 1 166 -94 494 
-5606 -2907 -1908 5760 47 -6535 0 0 0 0 1 160 -112 502 
-6199 -2834 -2266 5557 1024 -5934 0 0 0 0 1 154 -101 508 
-6852 -2505 -2491 5474 1809 -5871 0 0 0 0 1 141 -112 502 
-6823 -2454 -2220 5296 1695 -5970 0 0 0 0 1 135 -111 511 
-6663 -2280 -2022 4738 377 -6203 0 0 0 0 1 135 -106 504 
-6079 -2025 -1652 3826 -1081 -6283 0 0 0 0 1 127 -100 507 
-5496 -1958 -1451 3171 -1808 -6169 0 0 0 0 1 119 -104 529 
-5418 -1892 -1614 2401 -2420 -5948 0 0 0 0 1 102 -118 534 
-5688 -1685 -1952 2103 -2203 -5830 0 0 0 0 1 73 -103 537 
-5492 -1668 -1989 2214 -1203 -5558 0 0 0 0 1 69 -114 545 
-5575 -1596 -1721 2462 108 -5379 0 0 0 0 1 57 -111 548 
-5655 -1325 -1469 2606 703 -5299 0 0 0 0 1 61 -112 547 
-5378 -1181 -1262 2654 899 -5027 0 0 0 0 1 44 -115 549 
-4957 -1006 -948 2469 269 -4452 0 0 0 0 1 46 -118 550 
-4333 -895 -673 2061 -464 -3648 0 0 0 0 1 46 -101 559 
-4181 -764 -682 1747 -681 -3140 0 0 0 0 1 47 -105 544 
-4129 -569 -804 1384 -647 -2579 0 0 0 0 1 40 -100 556 
-4041 -440 -871 1212 -400 -2327 0 0 0 0 1 33 -90 558 
-4148 -467 -885 1053 32 -2156 0 0 0 0 1 29 -96 552 
-4159 -397 -1014 1003 72 -1998 0 0 0 0 1 24 -106 562 
-4026 -428 -988 954 -80 -1786 0 0 0 0 1 27 -91 555 
-3920 -346 -907 777 -272 -1260 0 0 0 0 1 33 -90 556 
-3831 -242 -739 462 -282 -593 0 0 0 0 1 25 -90 561 
-3924 -204 -654 200 -150 -171 0 0 0 0 1 34 -99 566 
-4045 -203 -571 -244 152 364 0 0 0 0 1 34 -94 555 
-4121 -317 -452 -550 177 694 0 0 0 0 1 25 -88 561 
-4145 -360 -443 -998 -262 1182 0 0 0 0 1 22 -96 559 
-4143 -397 -473 -1357 -1028 1622 0 0 0 0 1 30 -93 558 
-4233 -345 -697 -1469 -1486 1866 0 0 0 0 1 28 -105 551 
-4436 -429 -885 -1452 -1771 2137 0 0 0 0 1 16 -110 554 
-4550 -548 -952 -1318 -1534 2376 0 0 0 0 1 9 -112 558 
-4669 -700 -936 -1240 -1171 2528 0 0 0 0 1 11 -112 561 
-4709 -770 -901 -1218 -595 2758 0 0 0 0 1 15 -106 559 
-4663 -866 -872 -1259 -355 2921 0 0 0 0 1 11 -117 561 
-4636 -935 -884 -1399 -194 3142 0 0 0 0 1 17 -126 564 
-4617 -972 -950 -1544 -214 3309 0 0 0 0 1 9 -125 556 
-4687 -912 -1091 -1631 -308 3374 0 0 0 0 1 17 -131 552 
-4770 -897 -1160 -1737 -623 3437 0 0 0 0 1 24 -116 564 
-4865 -852 -1173 -1840 -990 3533 0 0 0 0 1 23 -139 561 
-5041 -785 -1324 -1850 -1144 3620 0 0 0 0 1 28 -147 554 
-5375 -875 -1612 -1739 -1207 3775 0 0 0 0 1 40 -132 554 
-5607 -973 -1765 -1515 -1047 3964 0 0 0 0 1 30 -144 556 
-6027 -1275 -1845 -1352 -986 4120 0 0 0 0 1 40 -147 561 
-6486 -1547 -1844 -1210 -1324 4501 0 0 0 0 1 40 -142 558 
-7032 -2081 -2074 -1089 -1685 5211 0 0 0 0 1 37 -142 561 
-8087 -2795 -2606 -935 -1241 5832 0 0 0 0 1 43 -145 562 
-8904 -3681 -2988 -589 1310 6976 0 0 0 0 1 67 -138 564 
-10476 -5236 -3246 -477 3738 7773 0 0 0 0 1 74 -131 557 
-11242 -6447 -3086 -1026 5345 9485 0 0 0 0 1 108 -117 530 
-11819 -7270 -2564 -2683 4354 12074 0 0 0 0 1 133 -106 531 
-12613 -7691 -2054 -5025 4280 14449 0 0 0 0 1 182 -69 492 
-14611 -8307 -2058 -6322 4492 15385 0 0 0 0 1 188 -19 472 
-15997 -8845 -2464 -6858 5350 15939 0 0 0 0 1 195 9 474 
-16986 -9744 -1356 -6793 5889 16012 0 0 0 0 1 202 51 444 
-16931 -9901 457 -6931 4888 15704 0 0 0 0 1 201 89 441 
-15748 -9037 1865 -6667 3336 15439 0 0 0 0 1 201 121 434 
-13083 -10329 2744 -6155 2861 15415 0 0 0 0 1 147 182 448 
-11027 -11537 2213 -4640 2364 15040 0 0 0 0 1 116 222 438 
-7710 -12519 2872 -4002 3167 13609 0 0 0 0 1 89 237 444 
-4780 -11092 4376 -4331 2663 11966 0 0 0 0 1 58 245 456 
-3441 -10361 4841 -4704 455 9082 0 0 0 0 1 36 251 478 
-993 -9944 3254 -4310 -190 7273 0 0 0 0 1 10 253 485 
-422 -9405 2629 -3183 191 4636 0 0 0 0 1 -3 244 497 
-68 -8434 2020 -2032 427 2266 0 0 0 0 1 -8 224 513 
302 -6838 1203 -1445 637 1036 0 0 0 0 1 -16 225 505 
558 -5743 505 -907 1280 -87 0 0 0 0 1 -21 220 519 
487 -5310 468 -868 1805 -654 0 0 0 0 1 -10 214 518 
162 -4542 1169 -1193 1781 -939 0 0 0 0 1 -12 209 511 
130 -4052 1489 -1895 1063 -1172 0 0 0 0 1 -1 199 515 
162 -3424 1551 -2303 470 -1185 0 0 0 0 1 16 193 526 
200 -2910 1271 -2609 -106 -1092 0 0 0 0 1 21 174 528 
-325 -792 1192 577 2372 -3487 0 0 0 0 1 86 138 545 
-394 -699 1082 858 2071 -3516 0 0 0 0 1 101 134 540 
-499 -580 1022 1015 1785 -3557 0 0 0 0 1 112 128 531 
-638 -521 966 1052 1632 -3609 0 0 0 0 1 123 109 520 
-773 -537 944 1053 1469 -3761 0 0 0 0 1 132 122 509 
-873 -585 860 1044 1413 -3887 0 0 0 0 1 141 105 521 
-964 -668 795 1028 1404 -4120 0 0 0 0 1 156 106 515 
-1109 -747 760 1002 1444 -4435 0 0 0 0 1 162 93 505 
-1397 -774 699 977 1483 -4710 0 0 0 0 1 178 79 508 
-1557 -768 728 886 1592 -5194 0 0 0 0 1 175 69 492 
-1795 -830 709 780 1728 -5713 0 0 0 0 1 188 53 477 
-1923 -899 607 736 1861 -6043 0 0 0 0 1 207 31 495 
-1961 -1013 549 743 2140 -6471 0 0 0 0 1 205 29 472 
-1983 -1288 476 807 2341 -6689 0 0 0 0 1 211 3 471 
-1910 -1504 490 935 2500 -6909 0 0 0 0 1 212 -17 472 
-1990 -1939 495 1019 2326 -7020 0 0 0 0 1 215 -62 443 
-2111 -2243 429 1107 1661 -7239 0 0 0 0 1 214 -73 444 
-2648 -2669 375 1093 939 -7660 0 0 0 0 1 215 -96 441 
-3131 -3114 332 1026 679 -8052 0 0 0 0 1 -41 -288 424 
-7002 -6492 2745 -365 3768 -12340 0 0 0 0 1 -75 -284 433 
-7440 -5499 3931 -2119 1779 -11844 0 0 0 0 1 -107 -285 434 
-6603 -4077 2660 -2938 -557 -10829 0 0 0 0 1 -162 -272 419 
-5447 -3143 1378 -3363 -3673 -7940 0 0 0 0 1 -201 -268 408 
-3096 -2971 -127 -3026 -4692 -3808 0 0 0 0 1 -209 -257 391 
-2460 -2084 455 -2747 -4113 -1423 0 0 0 0 1 -221 -245 365 
-2955 -2322 219 -2140 -3577 882 0 0 0 0 1 -222 -239 362 
-3008 -2656 366 -1581 -3018 1896 0 0 0 0 1 -218 -258 334 
-3021 -2945 495 -1307 -2483 2027 0 0 0 0 1 -218 -248 336 
-3038 -2695 406 -1041 -1692 1666 0 0 0 0 1 -211 -261 320 
-2985 -2483 356 -932 -983 991 0 0 0 0 1 -208 -271 322 
-2651 -2266 376 -934 -142 326 0 0 0 0 1 -211 -263 320 
-2220 -1986 448 -957 499 -24 0 0 0 0 1 -208 -263 310 
-1916 -1838 487 -938 1377 -355 0 0 0 0 1 -202 -279 318 
-1630 -1663 547 -843 2020 -569 0 0 0 0 1 -199 -271 313 
-1563 -1365 582 -731 2279 -711 0 0 0 0 1 -197 -261 320 
-1499 -1129 536 -474 2385 -892 0 0 0 0 1 -209 -264 325 
-1432 -1026 542 -145 2293 -1007 0 0 0 0 1 -208 -268 322 
-1356 -925 569 92 2192 -1034 0 0 0 0 1 -209 -262 337 
-1385 -903 604 424 2024 -1036 0 0 0 0 1 -205 -255 337 
-1358 -900 557 734 1919 -988 0 0 0 0 1 -208 -258 341 
-1422 -846 442 1037 1924 -947 0 0 0 0 1 -200 -257 351 
-1533 -770 294 1233 1970 -930 0 0 0 0 1 -215 -251 357 
-1631 -790 180 1521 2050 -928 0 0 0 0 1 -212 -247 356 
-1806 -810 70 1774 2166 -925 0 0 0 0 1 -221 -237 379 
-1917 -846 3 1923 2246 -899 0 0 0 0 1 -212 -247 388 
-1993 -873 -34 2128 2366 -817 0 0 0 0 1 -221 -233 398 
-2121 -1030 -41 2272 2540 -665 0 0 0 0 1 -208 -226 392 
-2185 -1125 4 2316 2668 -526 0 0 0 0 1 -220 -217 422 
-2233 -1183 62 2268 2855 -259 0 0 0 0 1 -213 -226 434 
-2161 -1262 146 2082 2969 140 0 0 0 0 1 -198 -213 451 
-2034 -1362 208 1879 2987 503 0 0 0 0 1 -189 -217 455 
-1840 -1534 356 1448 2988 1135 0 0 0 0 1 -195 -206 451 
-1682 -1584 495 1098 2945 1567 0 0 0 0 1 -185 -202 469 
-1608 -1654 549 542 2707 2189 0 0 0 0 1 -179 -218 472 
-1540 -1732 619 176 2458 2560 0 0 0 0 1 -165 -218 481 
-1513 -1802 638 -288 1983 3002 0 0 0 0 1 -146 -213 486 
-1512 -1905 623 -625 1403 3338 0 0 0 0 1 -127 -218 491 
-1530 -2066 688 -790 986 3511 0 0 0 0 1 -134 -218 481 
-1552 -2090 735 -978 426 3688 0 0 0 0 1 -114 -236 480 
-1577 -2152 754 -1094 -34 3796 0 0 0 0 1 -103 -235 472 
-1559 -2187 801 -1156 -284 3846 0 0 0 0 1 -95 -241 471 
-1553 -2214 809 -1242 -575 3921 0 0 0 0 1 -80 -255 467 
-1479 -2164 800 -1313 -773 3999 0 0 0 0 1 -77 -247 458 
-1514 -2167 776 -1341 -900 3989 0 0 0 0 1 -63 -260 460 
-1528 -2157 760 -1329 -1068 3917 0 0 0 0 1 -63 -264 451 
-1528 -2124 776 -1294 -1162 3799 0 0 0 0 1 -49 -267 458 
-1456 -2107 748 -1247 -1136 3680 0 0 0 0 1 -41 -263 457 
-1394 -2063 705 -1195 -1046 3605 0 0 0 0 1 -37 -277 444 
-1327 -1982 640 -1089 -828 3501 0 0 0 0 1 -10 -266 445 
-1278 -1853 539 -964 -526 3392 0 0 0 0 1 0 -267 442 
-1260 -1851 526 -883 -283 3309 0 0 0 0 1 -5 -273 438 
-1270 -1885 547 -802 100 3153 0 0 0 0 1 14 -267 437 
-1240 -1824 588 -1500 948 1117 0 0 0 0 1 83 -253 389 
-1110 -1906 1054 -1810 534 994 0 0 0 0 1 88 -256 389 
-1128 -1801 1068 -2108 -81 844 0 0 0 0 1 94 -257 377 
-1152 -1661 974 -2264 -559 727 0 0 0 0 1 101 -262 372 
-1224 -1609 923 -2436 -1238 512 0 0 0 0 1 90 -271 366 
-1215 -1519 807 -2523 -1691 276 0 0 0 0 1 94 -260 372 
-1217 -1440 751 -2548 -1854 107 0 0 0 0 1 95 -266 362 
-1210 -1377 635 -2519 -1958 -156 0 0 0 0 1 92 -267 351 
-1235 -1336 548 -2404 -1986 -428 0 0 0 0 1 82 -274 349 
-1276 -1328 412 -2203 -1902 -730 0 0 0 0 1 94 -277 353 
-1259 -1314 297 -2033 -1738 -930 0 0 0 0 1 80 -277 332 
-1285 -1309 253 -1727 -1369 -1236 0 0 0 0 1 75 -279 337 
-1286 -1316 161 -1502 -1070 -1437 0 0 0 0 1 73 -279 339 
-1281 -1319 93 -1098 -597 -1710 0 0 0 0 1 69 -288 336 
