Data Quantity : 14  Accelerometer : 3  Gyroscope : 3  FSR : 5







-967 1754 25 -50 28 56 0 0 0 0 1 199 133 359 
-971 1749 21 -54 4 40 0 0 0 0 1 204 138 359 
-959 1748 28 -62 -4 40 0 0 0 0 1 204 153 364 
-931 1741 22 -65 -4 46 0 0 0 0 1 197 143 352 
-933 1740 20 -68 1 55 0 0 0 0 1 209 142 367 
-937 1741 28 -68 11 53 0 0 0 0 1 201 138 369 
-934 1745 27 -63 20 31 0 0 0 0 1 206 121 362 
-950 1767 32 -64 11 -2 0 0 0 0 1 199 141 355 
-937 1760 35 -70 -7 -13 0 0 0 0 1 205 142 356 
-945 1772 34 -71 -38 -24 0 0 0 0 1 199 133 362 
-946 1766 31 -68 -54 -22 0 0 0 0 1 208 138 366 
-950 1765 30 -69 -42 -18 0 0 0 0 1 208 136 359 
-958 1773 19 -68 -24 -16 0 0 0 0 1 209 132 356 
-974 1775 20 -65 -13 -17 0 0 0 0 1 194 138 364 
-954 1776 18 -56 -12 -13 0 0 0 0 1 208 131 364 
-950 1778 27 -55 -19 -7 0 0 0 0 1 205 144 353 
-962 1785 30 -46 -27 -8 0 0 0 0 1 200 130 358 
-944 1780 42 -48 -15 -7 0 0 0 0 1 206 136 359 
-941 1771 46 -45 -2 -2 0 0 0 0 1 191 130 365 
-926 1770 42 -40 -21 -2 0 0 0 0 1 201 133 369 
-921 1769 35 -33 -56 -5 0 0 0 0 1 212 137 367 
-926 1765 19 -23 -64 -14 0 0 0 0 1 208 143 366 
-928 1775 13 -12 -56 -27 0 0 0 0 1 209 134 372 
-927 1766 7 3 -29 -42 0 0 0 0 1 202 139 367 
-921 1765 3 12 3 -53 0 0 0 0 1 205 137 351 
-936 1766 2 18 32 -68 0 0 0 0 1 208 143 362 
-939 1770 4 17 28 -79 0 0 0 0 1 209 139 358 
-941 1768 13 14 18 -80 0 0 0 0 1 200 139 356 
-956 1777 12 5 -13 -79 0 0 0 0 1 206 133 362 
-955 1786 0 3 -29 -68 0 0 0 0 1 212 137 356 
-939 1775 11 8 -7 -36 0 0 0 0 1 213 138 366 
-927 1773 10 10 18 -10 0 0 0 0 1 202 137 356 
-943 1784 10 10 7 -8 0 0 0 0 1 208 131 359 
-949 1793 4 13 -14 -21 0 0 0 0 1 200 127 367 
-953 1797 2 14 -37 -41 0 0 0 0 1 205 122 360 
-949 1803 0 13 -39 -51 0 0 0 0 1 205 137 365 
-954 1805 -4 19 -45 -56 0 0 0 0 1 206 131 357 
-965 1817 -12 17 -37 -54 0 0 0 0 1 211 138 359 
-974 1823 -15 19 -34 -42 0 0 0 0 1 205 125 363 
-962 1819 -6 22 -42 -20 0 0 0 0 1 206 133 369 
-955 1804 2 22 -47 0 0 0 0 0 1 205 134 353 
-972 1801 9 25 -58 21 0 0 0 0 1 205 139 367 
-954 1795 31 20 -56 32 0 0 0 0 1 200 142 358 
-949 1791 47 11 -55 32 0 0 0 0 1 209 132 360 
-970 1817 65 3 -69 11 0 0 0 0 1 215 133 371 
-972 1830 78 -11 -88 -8 0 0 0 0 1 206 128 362 
-955 1838 145 -37 -118 -21 0 0 0 0 1 211 138 357 
-955 1845 225 -56 -150 -25 0 0 0 0 1 208 133 366 
-980 1844 286 -101 -226 -22 0 0 0 0 1 195 130 363 
-1055 1772 407 -132 -295 -19 0 0 0 0 1 204 143 359 
-1051 1743 488 -182 -427 -1 0 0 0 0 1 207 127 370 
-1086 1636 582 -195 -487 19 0 0 0 0 1 202 130 365 
-1043 1526 700 -203 -464 51 0 0 0 0 1 201 143 369 
-1062 1176 989 -202 -434 30 0 0 0 0 1 202 125 374 
-983 1004 1093 -196 -473 -5 0 0 0 0 1 198 134 379 
-969 773 1234 -175 -712 -154 0 0 0 0 1 205 130 381 
-921 507 1360 -156 -990 -323 0 0 0 0 1 206 128 380 
-839 327 1455 -152 -1510 -640 0 0 0 0 1 195 130 381 
-685 -70 1579 -175 -2122 -994 0 0 0 0 1 191 137 398 
-611 -269 1614 -212 -2513 -1230 0 0 0 0 1 200 127 398 
-629 -653 1635 -262 -3024 -1605 0 0 0 0 1 204 121 403 
-670 -893 1560 -235 -3283 -2031 0 0 0 0 1 197 118 429 
-746 -1208 1299 -122 -3264 -2357 0 0 0 0 1 192 109 436 
-809 -1337 1099 181 -2922 -2933 0 0 0 0 1 192 89 429 
-933 -1488 828 606 -2300 -3597 0 0 0 0 1 182 74 450 
-1060 -1601 617 936 -1874 -4051 0 0 0 0 1 200 76 447 
-1124 -1676 533 1480 -1412 -4660 0 0 0 0 1 191 58 451 
-1361 -1803 454 2008 -1278 -5182 0 0 0 0 1 193 36 460 
-1567 -1839 429 2312 -1323 -5527 0 0 0 0 1 191 24 470 
-1847 -1858 437 2625 -1428 -6053 0 0 0 0 1 191 12 463 
-2164 -1887 383 2758 -1476 -6388 0 0 0 0 1 187 3 476 
-2347 -1902 314 2863 -1425 -6855 0 0 0 0 1 187 -3 473 
-2620 -1860 175 2882 -1266 -7129 0 0 0 0 1 178 -25 469 
-2738 -1867 106 2873 -1020 -7419 0 0 0 0 1 172 -36 495 
-2949 -1911 -100 2896 -1021 -7543 0 0 0 0 1 163 -47 473 
-3046 -1955 -267 2904 -1202 -7561 0 0 0 0 1 156 -74 490 
-3277 -1975 -409 2878 -1397 -7561 0 0 0 0 1 143 -85 498 
-3354 -1937 -534 2784 -1731 -7486 0 0 0 0 1 133 -87 515 
-3597 -1981 -818 2694 -1746 -7310 0 0 0 0 1 119 -96 508 
-3789 -2004 -952 2686 -1421 -7173 0 0 0 0 1 100 -109 518 
-4021 -2023 -963 2709 -623 -6972 0 0 0 0 1 81 -121 524 
-4080 -2079 -930 2704 44 -6645 0 0 0 0 1 80 -115 526 
-4155 -2005 -845 2649 209 -6389 0 0 0 0 1 70 -125 533 
-4105 -2101 -778 2504 17 -5826 0 0 0 0 1 63 -122 537 
-4053 -2239 -607 2285 -265 -5111 0 0 0 0 1 50 -121 534 
-4128 -2293 -527 2138 -336 -4618 0 0 0 0 1 53 -123 543 
-4239 -2267 -589 1986 -251 -3981 0 0 0 0 1 48 -114 541 
-4306 -2268 -510 1847 4 -3499 0 0 0 0 1 22 -109 541 
-4334 -2162 -535 1774 140 -3253 0 0 0 0 1 29 -109 550 
-4257 -2066 -548 1687 348 -2950 0 0 0 0 1 33 -103 544 
-4093 -1917 -516 1604 695 -2679 0 0 0 0 1 25 -105 544 
-3964 -1755 -412 1529 938 -2499 0 0 0 0 1 37 -88 554 
-3842 -1669 -305 1391 1011 -2156 0 0 0 0 1 33 -93 549 
-3586 -1494 -206 1222 716 -1701 0 0 0 0 1 35 -95 542 
-3493 -1399 -179 1105 477 -1364 0 0 0 0 1 31 -79 538 
-3431 -1303 -192 957 290 -881 0 0 0 0 1 38 -77 552 
-3440 -1183 -293 904 334 -635 0 0 0 0 1 37 -93 537 
-3506 -1104 -337 857 535 -435 0 0 0 0 1 48 -69 557 
-3543 -1006 -359 793 623 -330 0 0 0 0 1 44 -73 544 
-3504 -832 -340 693 561 -254 0 0 0 0 1 49 -71 547 
-3481 -712 -347 479 375 -93 0 0 0 0 1 54 -85 554 
-3415 -611 -431 240 312 169 0 0 0 0 1 49 -66 554 
-3439 -552 -498 98 407 368 0 0 0 0 1 53 -77 550 
-3540 -537 -545 -95 591 622 0 0 0 0 1 53 -69 548 
-3654 -495 -537 -220 608 773 0 0 0 0 1 57 -65 555 
-3739 -442 -600 -420 292 1012 0 0 0 0 1 49 -76 551 
-3801 -405 -716 -609 -186 1266 0 0 0 0 1 50 -69 550 
-3922 -381 -925 -712 -332 1436 0 0 0 0 1 61 -80 547 
-3961 -376 -1049 -827 -113 1705 0 0 0 0 1 55 -72 550 
-4098 -408 -1200 -886 203 1865 0 0 0 0 1 60 -69 541 
-4202 -415 -1300 -975 701 2072 0 0 0 0 1 55 -84 550 
-4260 -424 -1367 -1102 860 2255 0 0 0 0 1 58 -80 554 
-4302 -420 -1623 -1171 659 2387 0 0 0 0 1 68 -83 547 
-9197 -4753 -4298 -2928 354 6018 0 0 0 0 1 94 -100 544 
-10827 -6230 -4372 -4179 381 6990 0 0 0 0 1 94 -98 540 
-11754 -7265 -4648 -5518 904 8350 0 0 0 0 1 108 -100 537 
-12720 -8663 -5214 -6254 2247 9727 0 0 0 0 1 119 -96 529 
-13404 -9897 -5417 -7108 4891 12633 0 0 0 0 1 163 -79 499 
-14622 -10799 -4787 -8242 5832 15215 0 0 0 0 1 184 -63 474 
-17316 -11733 -3488 -9216 5577 16146 0 0 0 0 1 204 -25 455 
-19494 -12252 -2899 -10347 5085 16977 0 0 0 0 1 215 11 438 
-20532 -12468 -2927 -10450 5385 17793 0 0 0 0 1 212 46 426 
-22239 -12177 -2812 -10078 5652 17896 0 0 0 0 1 200 93 405 
-22394 -12305 -2256 -9291 4935 17908 0 0 0 0 1 182 170 403 
-22121 -12474 -1449 -8551 3869 17733 0 0 0 0 1 129 213 414 
-20728 -12617 -320 -7592 2089 17390 0 0 0 0 1 107 234 438 
-18980 -13156 47 -6509 1118 17096 0 0 0 0 1 60 244 450 
-14382 -14518 111 -4516 1463 16281 0 0 0 0 1 14 250 467 
-13160 -14782 657 -3758 2644 15146 0 0 0 0 1 -28 242 481 
-9336 -14564 2955 -3472 2562 12449 0 0 0 0 1 -61 240 495 
-6583 -14069 3579 -3046 881 9077 0 0 0 0 1 -114 219 508 
-4333 -13267 3160 -2652 578 6956 0 0 0 0 1 -119 207 515 
-3046 -12816 2954 -2055 740 4499 0 0 0 0 1 -122 203 526 
-1484 -11894 2574 -1585 474 3349 0 0 0 0 1 -145 192 527 
-884 -10920 2441 -864 89 1902 0 0 0 0 1 -146 191 530 
-468 -9299 2422 -452 28 942 0 0 0 0 1 -146 181 537 
-396 -8394 2504 -70 -121 -545 0 0 0 0 1 -145 170 536 
-478 -7065 2735 -70 -384 -1980 0 0 0 0 1 -142 165 536 
-520 -5890 2860 -244 -531 -2806 0 0 0 0 1 -133 177 534 
-492 -4887 2810 -602 -702 -3823 0 0 0 0 1 -132 181 523 
-576 -4275 2675 -898 -829 -4740 0 0 0 0 1 -133 177 529 
-790 -3524 2343 -991 -826 -5369 0 0 0 0 1 -116 187 536 
-942 -3068 2134 -905 -772 -6269 0 0 0 0 1 -102 187 534 
-1115 -2475 1825 -536 -899 -6954 0 0 0 0 1 -74 185 536 
-1347 -2075 1627 -184 -1019 -7255 0 0 0 0 1 -71 185 536 
-1553 -1858 1471 395 -1129 -7544 0 0 0 0 1 -44 188 530 
-2057 -1536 1145 1005 -1079 -7812 0 0 0 0 1 -42 196 530 
-2739 -1266 805 1399 -804 -8062 0 0 0 0 1 -22 199 531 
-3474 -989 619 1972 -114 -8579 0 0 0 0 1 -12 204 529 
-3868 -835 531 2473 362 -9133 0 0 0 0 1 40 188 523 
-4245 -650 496 2696 378 -9450 0 0 0 0 1 54 196 514 
-4402 -520 435 2813 -238 -9737 0 0 0 0 1 73 183 514 
-4445 -449 365 2667 -1210 -9607 0 0 0 0 1 96 171 512 
-4308 -707 245 2491 -1769 -9234 0 0 0 0 1 108 166 498 
-4269 -913 -57 2373 -2033 -8460 0 0 0 0 1 125 144 509 
-4703 -1005 -543 2476 -1696 -8070 0 0 0 0 1 136 134 505 
-5003 -974 -877 2920 -691 -7857 0 0 0 0 1 149 111 494 
-5213 -895 -1180 3327 -4 -7918 0 0 0 0 1 154 99 492 
-5288 -849 -1312 3927 438 -8162 0 0 0 0 1 169 85 488 
-5202 -893 -1429 4364 338 -8462 0 0 0 0 1 185 77 478 
-5219 -1007 -1489 4559 162 -8671 0 0 0 0 1 179 63 472 
-5097 -1084 -1543 4702 -212 -8820 0 0 0 0 1 192 45 483 
-4810 -1312 -1565 4652 -649 -8670 0 0 0 0 1 192 23 478 
-4864 -1541 -1625 4557 -905 -8458 0 0 0 0 1 181 -4 474 
-4779 -1675 -1735 4501 -976 -8032 0 0 0 0 1 180 -15 480 
-5192 -1702 -2182 4705 -456 -7756 0 0 0 0 1 175 -33 487 
-5217 -1718 -2286 5000 213 -7656 0 0 0 0 1 174 -39 481 
-5285 -1786 -2235 5531 1029 -7591 0 0 0 0 1 168 -52 480 
-5407 -1771 -2076 5882 807 -7635 0 0 0 0 1 181 -56 488 
-5566 -1899 -1751 5882 199 -7711 0 0 0 0 1 154 -67 492 
-5568 -1995 -1631 5549 -773 -7774 0 0 0 0 1 147 -74 485 
-5247 -2134 -1592 4925 -1175 -7586 0 0 0 0 1 145 -84 515 
-5005 -2148 -1606 4490 -877 -7216 0 0 0 0 1 128 -84 513 
-4818 -2237 -1684 4053 77 -6363 0 0 0 0 1 123 -84 506 
-4937 -2238 -1788 3936 602 -5785 0 0 0 0 1 122 -95 500 
-5305 -2264 -1735 3874 646 -5172 0 0 0 0 1 121 -84 529 
-5508 -2188 -1639 3775 -29 -4720 0 0 0 0 1 101 -83 533 
-5550 -2006 -1466 3513 -501 -4330 0 0 0 0 1 92 -80 523 
-4421 -767 -879 657 -216 -389 0 0 0 0 1 64 -65 536 
-4254 -609 -748 642 219 -207 0 0 0 0 1 75 -58 547 
-4139 -487 -561 549 122 -112 0 0 0 0 1 81 -65 543 
-4031 -391 -520 304 -417 47 0 0 0 0 1 74 -55 536 
-3920 -278 -552 -2 -901 270 0 0 0 0 1 69 -60 536 
-3856 -168 -709 -179 -1004 472 0 0 0 0 1 60 -72 548 
-3875 -131 -813 -374 -767 782 0 0 0 0 1 62 -62 550 
-4006 -123 -1048 -492 -407 1053 0 0 0 0 1 64 -65 541 
-4143 -140 -1214 -547 -261 1213 0 0 0 0 1 55 -62 545 
-4285 -201 -1274 -658 -231 1428 0 0 0 0 1 61 -68 563 
-4374 -229 -1306 -851 -308 1633 0 0 0 0 1 67 -67 550 
-4421 -298 -1352 -1020 -361 1791 0 0 0 0 1 55 -69 545 
-4442 -363 -1356 -1334 -459 2094 0 0 0 0 1 56 -61 547 
-4471 -426 -1409 -1682 -506 2480 0 0 0 0 1 53 -67 550 
-4457 -512 -1561 -1904 -558 2770 0 0 0 0 1 54 -78 556 
-4520 -601 -1819 -2174 -691 3179 0 0 0 0 1 51 -83 556 
-4588 -655 -2058 -2359 -688 3469 0 0 0 0 1 54 -71 547 
-4895 -767 -2498 -4050 -1011 5615 0 0 0 0 1 79 -138 538 
-9395 -3404 -3800 -4287 -561 6519 0 0 0 0 1 79 -138 541 
-10071 -4021 -4057 -4185 -534 7648 0 0 0 0 1 102 -141 531 
-11263 -4773 -3960 -3804 -618 9971 0 0 0 0 1 126 -123 527 
-13267 -5854 -3385 -3332 246 13030 0 0 0 0 1 138 -123 506 
-15738 -6974 -2329 -3178 1956 14917 0 0 0 0 1 160 -88 507 
-17844 -8009 -1653 -3230 4757 16908 0 0 0 0 1 176 -58 493 
-19154 -8491 -1255 -3439 6306 17540 0 0 0 0 1 191 -14 474 
-20003 -9038 -565 -3618 6677 17770 0 0 0 0 1 204 89 443 
-20256 -9394 968 -3902 6654 17794 0 0 0 0 1 186 139 416 
-20106 -9362 1884 -4481 4595 17828 0 0 0 0 1 173 165 415 
-18840 -9763 2746 -4638 3145 17875 0 0 0 0 1 130 222 420 
-16567 -10853 2501 -4004 2105 17643 0 0 0 0 1 84 242 421 
-14413 -11726 2223 -2772 2545 16503 0 0 0 0 1 41 268 431 
-10828 -13251 3153 -2284 2934 15037 0 0 0 0 1 -30 282 447 
-8442 -13712 3866 -2174 2463 12002 0 0 0 0 1 -75 267 453 
-5086 -13913 4740 -2323 1433 8586 0 0 0 0 1 -82 272 451 
-2672 -13820 4402 -2296 1038 6369 0 0 0 0 1 -110 255 472 
-1616 -13465 4294 -2189 860 3365 0 0 0 0 1 -120 242 484 
-257 -12339 3912 -1876 98 1031 0 0 0 0 1 -141 237 479 
182 -10842 3322 -1356 -375 -863 0 0 0 0 1 -135 236 483 
66 -9249 2921 -975 -313 -1970 0 0 0 0 1 -120 230 491 
-203 -8098 2805 -456 -270 -3444 0 0 0 0 1 -130 236 497 
-949 -6323 2699 -238 -424 -4686 0 0 0 0 1 -100 229 506 
-1461 -4809 2784 -334 -463 -5306 0 0 0 0 1 -100 236 497 
-1649 -4051 2923 -778 -596 -5992 0 0 0 0 1 -90 226 501 
-2141 -3006 2944 -1171 -808 -6439 0 0 0 0 1 -48 229 518 
-2544 -2156 2602 -1658 -1256 -7103 0 0 0 0 1 -47 220 512 
-2826 -1734 2208 -1750 -1635 -7632 0 0 0 0 1 -27 217 513 
-3145 -1244 1485 -1292 -1739 -7859 0 0 0 0 1 1 209 522 
-3215 -987 809 -731 -1605 -7806 0 0 0 0 1 15 199 520 
-3459 -843 583 207 -884 -7756 0 0 0 0 1 28 210 528 
-4098 -526 388 779 -340 -7866 0 0 0 0 1 55 190 520 
-4538 -345 373 1370 179 -8188 0 0 0 0 1 60 177 513 
-4742 -267 425 1596 434 -8681 0 0 0 0 1 84 164 516 
-5043 -21 294 1623 439 -9094 0 0 0 0 1 114 160 504 
-5137 210 194 1564 229 -9612 0 0 0 0 1 117 137 507 
-4730 249 69 1500 -140 -9601 0 0 0 0 1 139 122 509 
-4625 193 -193 1480 -838 -9196 0 0 0 0 1 147 114 513 
-4769 191 -627 1597 -1129 -8787 0 0 0 0 1 163 89 513 
-4834 48 -816 1941 -966 -7991 0 0 0 0 1 171 47 504 
-4962 1 -943 2414 -251 -7377 0 0 0 0 1 173 33 497 
-5346 171 -1182 2780 244 -7229 0 0 0 0 1 180 25 506 
-5410 141 -1205 3311 922 -7318 0 0 0 0 1 180 -1 506 
-5466 18 -1189 3617 1213 -7523 0 0 0 0 1 178 -11 504 
-5442 -6 -1145 3881 1316 -7913 0 0 0 0 1 174 -22 495 
-5092 -29 -1040 3822 942 -8113 0 0 0 0 1 175 -30 497 
-4710 -161 -1030 3535 288 -8045 0 0 0 0 1 174 -51 500 
-4811 -183 -1188 3347 -82 -7962 0 0 0 0 1 162 -73 509 
-4871 -226 -1323 3251 -200 -7706 0 0 0 0 1 159 -79 501 
-4664 -383 -1511 3373 17 -7358 0 0 0 0 1 155 -90 507 
-4510 -482 -1551 3757 575 -6696 0 0 0 0 1 135 -101 508 
-4466 -573 -1511 4184 993 -6084 0 0 0 0 1 128 -104 508 
-4386 -656 -1470 4491 1065 -5680 0 0 0 0 1 122 -103 509 
-4617 -682 -1465 4595 1006 -5613 0 0 0 0 1 112 -104 511 
-4925 -615 -1481 4611 1051 -5750 0 0 0 0 1 115 -107 519 
-4887 -610 -1450 4469 1415 -5814 0 0 0 0 1 115 -115 521 
-4610 -606 -1411 4250 1729 -5551 0 0 0 0 1 112 -111 527 
-4220 -613 -1345 4082 1727 -5140 0 0 0 0 1 102 -99 520 
-3818 -625 -1122 3715 1075 -4293 0 0 0 0 1 107 -101 529 
-3906 -811 -781 3167 -601 -3543 0 0 0 0 1 107 -101 531 
-3686 -731 -442 396 -731 -950 0 0 0 0 1 70 -68 547 
-3730 -750 -508 354 -235 -759 0 0 0 0 1 70 -78 540 
-3713 -722 -564 394 96 -667 0 0 0 0 1 75 -73 544 
-3666 -674 -500 382 -10 -606 0 0 0 0 1 70 -66 547 
-3635 -583 -480 224 -539 -444 0 0 0 0 1 70 -71 542 
-3581 -416 -457 -85 -852 -168 0 0 0 0 1 63 -76 544 
-3605 -300 -527 -302 -794 65 0 0 0 0 1 67 -74 545 
-3721 -309 -604 -541 -488 427 0 0 0 0 1 58 -78 544 
-3836 -341 -593 -691 -353 708 0 0 0 0 1 61 -73 549 
-4097 -341 -701 -755 -491 850 0 0 0 0 1 53 -74 550 
-4122 -324 -761 -855 -631 1072 0 0 0 0 1 61 -83 554 
-4135 -273 -849 -966 -390 1323 0 0 0 0 1 63 -78 544 
-4201 -156 -940 -1094 19 1555 0 0 0 0 1 57 -82 550 
-4215 -90 -923 -1203 174 1689 0 0 0 0 1 49 -88 551 
-4278 -50 -941 -1407 -19 1879 0 0 0 0 1 54 -93 547 
-4452 -61 -1033 -1555 -353 2019 0 0 0 0 1 60 -91 545 
-4676 -104 -1311 -1730 -801 2262 0 0 0 0 1 57 -87 545 
-4945 -73 -1599 -1803 -851 2482 0 0 0 0 1 57 -109 550 
-5339 -63 -2137 -1779 -643 2641 0 0 0 0 1 55 -109 545 
-5670 -148 -2578 -1773 -284 3007 0 0 0 0 1 49 -103 544 
-6046 -104 -2907 -2028 -528 3505 0 0 0 0 1 70 -127 554 
-6797 -200 -3494 -2320 -859 3932 0 0 0 0 1 71 -111 557 
-7250 -395 -3900 -2817 -806 4839 0 0 0 0 1 64 -111 548 
-8100 -814 -4465 -3305 -142 5966 0 0 0 0 1 67 -121 545 
-9160 -1619 -4765 -3960 97 7102 0 0 0 0 1 75 -120 535 
-10390 -2494 -5242 -4541 -340 7978 0 0 0 0 1 94 -117 530 
-10986 -3132 -5521 -5552 -557 9770 0 0 0 0 1 120 -117 533 
-12587 -4303 -5984 -6119 29 11263 0 0 0 0 1 121 -109 513 
-13111 -4648 -6040 -6436 1907 13618 0 0 0 0 1 146 -100 523 
-15203 -5624 -6015 -6366 3574 15270 0 0 0 0 1 159 -79 499 
-16869 -6598 -5477 -6410 4220 15798 0 0 0 0 1 187 -47 480 
-17669 -7222 -4907 -6724 4551 16026 0 0 0 0 1 195 -19 460 
-18417 -7903 -4179 -6961 3978 16214 0 0 0 0 1 211 60 441 
-18900 -8103 -3501 -7193 3494 16152 0 0 0 0 1 199 94 427 
-18758 -8330 -2890 -7814 3107 15721 0 0 0 0 1 185 131 434 
-17364 -8514 -1328 -8308 2640 15435 0 0 0 0 1 167 159 447 
-15941 -9341 -574 -8383 979 15230 0 0 0 0 1 135 199 455 
-13153 -10241 -376 -7094 -512 14718 0 0 0 0 1 106 196 472 
-10392 -11490 -700 -5625 -836 13799 0 0 0 0 1 74 219 494 
-8577 -12113 -641 -3331 304 11342 0 0 0 0 1 0 215 516 
-5485 -12132 397 -2211 1512 9295 0 0 0 0 1 -11 225 502 
-3192 -11828 1441 -1151 1924 6191 0 0 0 0 1 -33 215 514 
-2076 -11505 1842 -543 1459 3492 0 0 0 0 1 -34 212 522 
-777 -10219 2630 -439 1258 2049 0 0 0 0 1 -36 224 527 
-1497 -2652 2225 517 -684 -5339 0 0 0 0 1 -1 204 520 
-1375 -2275 2062 515 -630 -5642 0 0 0 0 1 22 192 524 
-1572 -1915 1800 578 -823 -5839 0 0 0 0 1 33 198 514 
-1725 -1822 1584 788 -1217 -6062 0 0 0 0 1 44 183 526 
-1977 -1738 1276 1082 -1399 -6166 0 0 0 0 1 53 182 513 
-2325 -1681 1147 1286 -1407 -6279 0 0 0 0 1 66 193 519 
-2715 -1540 1004 1549 -1188 -6656 0 0 0 0 1 80 181 512 
-3122 -1372 749 1780 -769 -7165 0 0 0 0 1 90 165 515 
-3373 -1392 622 1912 -341 -7492 0 0 0 0 1 104 143 515 
-3415 -1459 569 2063 43 -7973 0 0 0 0 1 133 133 506 
-3655 -1576 537 2121 -167 -8373 0 0 0 0 1 146 125 519 
-3740 -1733 427 2083 -1054 -8950 0 0 0 0 1 154 109 508 
-3653 -1881 208 2020 -1647 -9164 0 0 0 0 1 166 84 508 
-3641 -2167 -246 2066 -2004 -9108 0 0 0 0 1 160 63 512 
-3946 -2370 -559 2415 -1274 -8907 0 0 0 0 1 161 47 520 
-4506 -2478 -930 2813 -408 -8824 0 0 0 0 1 176 9 512 
-4857 -2551 -1076 3525 789 -8826 0 0 0 0 1 166 1 513 
-5377 -2681 -988 4082 1172 -8953 0 0 0 0 1 163 -15 515 
-5453 -2742 -944 4240 932 -9049 0 0 0 0 1 166 -18 508 
-5586 -2743 -1014 4211 214 -9163 0 0 0 0 1 165 -36 507 
-5564 -2848 -1189 4005 -336 -9103 0 0 0 0 1 160 -61 512 
-5742 -2961 -1521 3895 -464 -8961 0 0 0 0 1 136 -78 516 
-5804 -2893 -1917 3908 -165 -8544 0 0 0 0 1 139 -90 528 
-5780 -2847 -2130 4225 602 -7923 0 0 0 0 1 130 -104 529 
-5948 -2664 -2391 4583 1133 -7521 0 0 0 0 1 110 -103 533 
-5829 -2630 -2417 5148 1880 -6922 0 0 0 0 1 104 -94 520 
-5877 -2651 -2330 5577 1988 -6546 0 0 0 0 1 107 -96 527 
-5847 -2609 -2155 5692 1679 -6409 0 0 0 0 1 101 -95 526 
-5934 -2545 -2078 5571 1017 -6317 0 0 0 0 1 107 -89 531 
-5840 -2424 -2043 5143 789 -6155 0 0 0 0 1 92 -88 535 
-5553 -2338 -2059 4779 1005 -5917 0 0 0 0 1 101 -90 535 
-5170 -2130 -2070 4249 1473 -5365 0 0 0 0 1 88 -79 536 
-4827 -2009 -2097 3877 1349 -4600 0 0 0 0 1 104 -79 541 
-4695 -1961 -2016 3606 625 -3802 0 0 0 0 1 93 -60 536 
-4859 -1829 -1971 3435 110 -3433 0 0 0 0 1 90 -55 538 
-5055 -1723 -1943 3173 -263 -3170 0 0 0 0 1 88 -65 543 
-5150 -1506 -1887 2991 -121 -3085 0 0 0 0 1 92 -61 535 
-5143 -1396 -1800 2684 486 -2960 0 0 0 0 1 94 -44 537 
-4833 -1204 -1558 2208 767 -2628 0 0 0 0 1 88 -50 531 
-4569 -1036 -1307 1781 557 -2302 0 0 0 0 1 101 -31 542 
-4429 -887 -1149 1079 -145 -1759 0 0 0 0 1 93 -35 531 
-4415 -818 -1167 509 -879 -1192 0 0 0 0 1 108 -34 530 
-4394 -604 -1322 273 -1112 -857 0 0 0 0 1 96 -36 533 
-4421 -498 -1422 109 -1051 -485 0 0 0 0 1 82 -34 535 
-4475 -388 -1419 26 -737 -239 0 0 0 0 1 97 -45 536 
-4384 -148 -1252 -154 -332 -39 0 0 0 0 1 87 -34 533 
-4323 -35 -1120 -354 -97 84 0 0 0 0 1 76 -45 531 
-4256 13 -1054 -691 -32 321 0 0 0 0 1 83 -40 548 
-4224 41 -972 -911 -114 498 0 0 0 0 1 84 -49 544 
-4257 -12 -982 -1177 -322 812 0 0 0 0 1 87 -51 544 
-4274 -53 -1109 -1315 -563 1254 0 0 0 0 1 66 -63 542 
-4228 -123 -1162 -1420 -520 1780 0 0 0 0 1 83 -55 536 
-4368 -203 -1236 -1481 -423 2098 0 0 0 0 1 79 -62 536 
-4565 -319 -1270 -1597 -363 2410 0 0 0 0 1 82 -51 537 
-4839 -542 -1175 -1845 -459 2591 0 0 0 0 1 70 -56 540 
-4904 -671 -1212 -2074 -625 2700 0 0 0 0 1 82 -63 549 
-4940 -604 -1292 -2474 -800 2854 0 0 0 0 1 73 -63 535 
-4908 -610 -1604 -2763 -653 3068 0 0 0 0 1 63 -73 551 
-4849 -545 -2123 -2831 -439 3251 0 0 0 0 1 79 -79 538 
-4848 -649 -2356 -2810 -334 3539 0 0 0 0 1 83 -89 541 
-5015 -743 -2699 -2791 -830 3810 0 0 0 0 1 90 -77 545 
-5250 -829 -2972 -2864 -1315 4006 0 0 0 0 1 87 -93 549 
-5423 -958 -3067 -3176 -1711 4343 0 0 0 0 1 71 -89 543 
-6096 -1191 -3621 -3535 -1588 4670 0 0 0 0 1 79 -104 550 
-6587 -1397 -3998 -3699 -1149 4883 0 0 0 0 1 79 -104 552 
-7452 -1894 -4487 -3705 -1260 5017 0 0 0 0 1 75 -110 547 
-8194 -2435 -4686 -3643 -2072 5559 0 0 0 0 1 76 -99 545 
-8578 -2779 -4557 -3712 -2353 6753 0 0 0 0 1 84 -117 547 
-9795 -3271 -4711 -3643 -1914 7821 0 0 0 0 1 87 -112 551 
-10710 -4105 -5020 -3217 -115 9768 0 0 0 0 1 94 -112 542 
-13244 -6096 -4753 -3372 2028 11665 0 0 0 0 1 129 -100 533 
-14399 -6825 -4304 -4092 2968 12696 0 0 0 0 1 138 -74 520 
-15452 -7389 -3722 -5620 3585 13884 0 0 0 0 1 158 -66 516 
-16189 -8112 -3415 -6338 3424 15585 0 0 0 0 1 171 -38 508 
-17136 -8191 -3160 -6118 3424 16790 0 0 0 0 1 188 36 481 
-18477 -8360 -2739 -5348 4396 17627 0 0 0 0 1 185 67 473 
-19830 -8928 -1886 -4932 5902 17114 0 0 0 0 1 179 110 460 
-18579 -9008 -130 -5261 5792 16632 0 0 0 0 1 168 148 452 
-17170 -9313 652 -5790 4005 15974 0 0 0 0 1 141 179 456 
-15190 -10036 408 -5244 2631 14937 0 0 0 0 1 92 228 467 
-13133 -11505 138 -4555 3021 13898 0 0 0 0 1 56 233 479 
-11216 -12436 1106 -4025 3998 11896 0 0 0 0 1 36 229 478 
-8055 -12882 2384 -3921 3627 10270 0 0 0 0 1 10 239 492 
-5894 -12739 2941 -3674 2622 7564 0 0 0 0 1 -4 247 505 
-4059 -12046 3059 -3014 1730 4758 0 0 0 0 1 -22 224 511 
-2698 -11179 3205 -2432 1299 3254 0 0 0 0 1 -21 223 505 
-1906 -10228 3184 -1495 740 1810 0 0 0 0 1 -31 219 520 
-1201 -8868 3101 -616 713 977 0 0 0 0 1 -22 202 524 
-753 -7127 3487 -2 876 215 0 0 0 0 1 -29 209 515 
-1044 -6322 3482 302 493 -464 0 0 0 0 1 -30 210 514 
-1249 -5687 3533 485 -101 -1601 0 0 0 0 1 -27 214 518 
-1327 -4694 3694 377 -250 -2278 0 0 0 0 1 -15 222 515 
-1050 -3869 3786 28 -581 -2958 0 0 0 0 1 -14 213 526 
-816 -3424 3783 -350 -1034 -3348 0 0 0 0 1 7 213 521 
-734 -2759 3414 -485 -1326 -3592 0 0 0 0 1 11 206 526 
-823 -2368 2988 -367 -1695 -4037 0 0 0 0 1 17 199 522 
-1141 -1955 2304 145 -1885 -4557 0 0 0 0 1 4 186 528 
-1414 -1695 1599 611 -1818 -4897 0 0 0 0 1 34 192 522 
-1599 -1437 1341 1249 -1178 -5436 0 0 0 0 1 25 193 530 
-1891 -1156 1221 1561 -609 -5785 0 0 0 0 1 38 195 518 
-2186 -889 1223 1837 78 -6280 0 0 0 0 1 73 183 519 
-2295 -747 1278 1863 232 -6722 0 0 0 0 1 77 191 512 
-2384 -600 1428 1704 -78 -6956 0 0 0 0 1 95 170 508 
-2467 -666 1395 1281 -997 -7247 0 0 0 0 1 100 168 504 
-2759 -764 1069 892 -1954 -7622 0 0 0 0 1 107 153 508 
-2995 -884 447 798 -2293 -7927 0 0 0 0 1 125 122 521 
-2997 -949 59 973 -2185 -8354 0 0 0 0 1 127 115 519 
-2807 -1151 -333 1489 -1652 -8539 0 0 0 0 1 141 83 516 
-2967 -1417 -517 1973 -1221 -8594 0 0 0 0 1 148 78 526 
-3372 -1506 -711 2788 -492 -8865 0 0 0 0 1 156 57 522 
-3925 -1657 -927 3332 9 -9180 0 0 0 0 1 160 49 516 
-4165 -1871 -1044 4079 783 -9720 0 0 0 0 1 173 40 520 
-4326 -2035 -1137 4674 1237 -10257 0 0 0 0 1 176 -4 507 
-4672 -2292 -1217 4936 1019 -10594 0 0 0 0 1 179 -24 502 
-4890 -2419 -1243 4930 88 -10944 0 0 0 0 1 180 -45 504 
-4871 -2863 -1351 4513 -589 -10917 0 0 0 0 1 169 -63 502 
-5144 -2963 -1767 4238 -448 -10755 0 0 0 0 1 154 -79 515 
-4873 -2989 -2422 4230 678 -10107 0 0 0 0 1 145 -96 513 
-4748 -2966 -2732 4863 2377 -9041 0 0 0 0 1 129 -107 519 
-4525 -3059 -2783 5464 3302 -8239 0 0 0 0 1 126 -106 508 
-4494 -3195 -2527 6223 3008 -7309 0 0 0 0 1 126 -106 520 
-4775 -3319 -2229 6441 909 -6950 0 0 0 0 1 127 -117 514 
-4905 -3518 -1873 6209 -247 -6935 0 0 0 0 1 107 -101 524 
-5294 -3678 -1718 5478 -91 -7087 0 0 0 0 1 108 -103 526 
-5188 -3549 -1805 4733 1547 -7004 0 0 0 0 1 88 -96 536 
-4982 -3435 -1943 4408 2315 -6775 0 0 0 0 1 92 -98 544 
-4697 -3286 -2007 4119 2091 -6245 0 0 0 0 1 90 -101 522 
-4551 -3246 -1977 3875 709 -5680 0 0 0 0 1 79 -89 536 
-4688 -3158 -1892 3665 -259 -5346 0 0 0 0 1 81 -79 538 
-4738 -3012 -1738 3229 -810 -4870 0 0 0 0 1 87 -93 542 
-4887 -2961 -1632 2742 -244 -4534 0 0 0 0 1 76 -87 555 
-5068 -2799 -1383 2400 335 -4418 0 0 0 0 1 67 -79 545 
-5076 -2648 -1244 1915 807 -4303 0 0 0 0 1 81 -69 548 
-4935 -2463 -990 1445 369 -4008 0 0 0 0 1 67 -77 550 
-4551 -2207 -792 1120 -351 -3586 0 0 0 0 1 67 -84 559 
-4239 -1937 -848 714 -1342 -2700 0 0 0 0 1 56 -76 554 
-4248 -1718 -970 533 -1493 -1856 0 0 0 0 1 43 -84 552 
-4441 -1574 -1079 561 -1097 -1468 0 0 0 0 1 55 -82 552 
-4531 -1531 -1060 688 -187 -1180 0 0 0 0 1 50 -77 545 
-4646 -1303 -971 727 279 -1136 0 0 0 0 1 44 -78 547 
-4542 -1025 -923 604 201 -1072 0 0 0 0 1 56 -78 551 
-4335 -844 -997 463 69 -913 0 0 0 0 1 42 -80 549 
-4216 -775 -1093 188 -67 -471 0 0 0 0 1 50 -87 552 
-4073 -733 -1320 -151 -202 154 0 0 0 0 1 48 -77 555 
-4131 -683 -1352 -426 -279 576 0 0 0 0 1 46 -89 559 
-4268 -650 -1342 -872 -285 1115 0 0 0 0 1 48 -87 555 
-4539 -720 -1362 -1290 -252 1538 0 0 0 0 1 44 -80 547 
-4547 -756 -1340 -1560 -276 1791 0 0 0 0 1 46 -94 552 
-4506 -850 -1362 -1942 -679 2156 0 0 0 0 1 50 -96 548 
-4571 -844 -1534 -2280 -1407 2465 0 0 0 0 1 49 -105 544 
-4663 -868 -1656 -2477 -1719 2640 0 0 0 0 1 29 -101 545 
-4815 -894 -1771 -2742 -1670 2908 0 0 0 0 1 51 -110 544 
-4975 -1090 -1795 -2945 -1321 3241 0 0 0 0 1 30 -112 556 
-5144 -1272 -1953 -3030 -1286 3503 0 0 0 0 1 30 -130 547 
-5210 -1412 -2101 -3111 -1433 3998 0 0 0 0 1 35 -127 558 
-5363 -1623 -2200 -3237 -1568 4524 0 0 0 0 1 25 -142 556 
-5856 -1786 -2213 -3438 -1837 4925 0 0 0 0 1 36 -136 550 
-6457 -1958 -2237 -3549 -1899 5130 0 0 0 0 1 35 -159 542 
-6670 -2215 -2456 -3502 -1809 5506 0 0 0 0 1 38 -153 543 
-7245 -2713 -3175 -3137 -2071 6095 0 0 0 0 1 56 -159 544 
-8017 -3471 -3507 -2939 -2239 6689 0 0 0 0 1 55 -170 545 
-8670 -3692 -3492 -3047 -1456 7942 0 0 0 0 1 70 -166 533 
-9397 -4041 -3838 -3304 297 9952 0 0 0 0 1 82 -166 537 
-10419 -4646 -4611 -3354 1339 11517 0 0 0 0 1 94 -147 523 
-12130 -5509 -4882 -3417 2177 13297 0 0 0 0 1 141 -130 507 
-13714 -5972 -5032 -3689 1430 14200 0 0 0 0 1 165 -110 493 
-14828 -6634 -4537 -4156 1673 15004 0 0 0 0 1 179 -71 486 
-15456 -6687 -4474 -4999 3070 16677 0 0 0 0 1 187 -30 469 
-17374 -7039 -4358 -5707 5123 17489 0 0 0 0 1 211 8 464 
-19099 -7179 -4058 -6102 5919 17053 0 0 0 0 1 201 40 450 
-19407 -7428 -4053 -6463 4918 16103 0 0 0 0 1 193 134 435 
-18734 -7917 -3485 -6847 4220 15525 0 0 0 0 1 175 177 438 
-17717 -7999 -2220 -7189 3512 15312 0 0 0 0 1 139 203 437 
-15739 -8617 -947 -7267 1896 15427 0 0 0 0 1 116 214 448 
-14363 -8984 -1030 -6126 924 15343 0 0 0 0 1 63 230 460 
-12474 -10446 -1638 -4866 1247 14742 0 0 0 0 1 42 245 479 
-10438 -11910 -1215 -3317 3011 12979 0 0 0 0 1 1 236 499 
-6887 -12535 353 -2909 3820 11236 0 0 0 0 1 -55 229 504 
-4346 -12212 1972 -2890 3138 8005 0 0 0 0 1 -62 222 504 
-2979 -11870 2056 -2646 2141 4747 0 0 0 0 1 -62 214 515 
-1577 -10914 2501 -2401 1986 2938 0 0 0 0 1 -71 214 522 
-893 -10148 2511 -1744 1288 1199 0 0 0 0 1 -83 195 527 
-458 -8133 2715 -909 787 175 0 0 0 0 1 -70 198 535 
-829 -7047 2856 -105 640 -845 0 0 0 0 1 -60 190 545 
-1586 -5532 3008 320 392 -1549 0 0 0 0 1 -61 201 530 
-1900 -4681 3169 667 179 -2362 0 0 0 0 1 -58 201 533 
-1784 -3719 3433 707 144 -2673 0 0 0 0 1 -56 193 535 
-1497 -3050 3341 668 -33 -2682 0 0 0 0 1 -44 203 530 
-1324 -2700 3215 593 -278 -2670 0 0 0 0 1 -35 203 526 
-1325 -2430 2864 598 -486 -2867 0 0 0 0 1 -33 186 526 
-1450 -2105 2548 634 -590 -3116 0 0 0 0 1 -16 203 519 
-1550 -1844 2402 730 -733 -3577 0 0 0 0 1 -16 203 526 
-1584 -1484 2205 840 -841 -3840 0 0 0 0 1 -9 206 528 
-1578 -1265 2026 1054 -853 -4148 0 0 0 0 1 -7 210 521 
-1723 -1095 1859 1290 -666 -4541 0 0 0 0 1 15 204 534 
-1958 -949 1657 1411 -534 -4868 0 0 0 0 1 29 217 511 
-2037 -849 1581 1423 -478 -5377 0 0 0 0 1 30 206 512 
-2169 -744 1499 1172 -590 -5905 0 0 0 0 1 51 203 514 
-2252 -677 1526 711 -629 -6449 0 0 0 0 1 51 196 505 
-2364 -683 1524 384 -719 -6758 0 0 0 0 1 83 192 511 
-2438 -720 1403 56 -940 -7095 0 0 0 0 1 87 183 519 
-2525 -873 1075 19 -1003 -7241 0 0 0 0 1 116 153 518 
-2642 -1147 791 216 -851 -7401 0 0 0 0 1 125 149 514 
-2805 -1241 539 693 -625 -7581 0 0 0 0 1 133 121 504 
-3061 -1324 232 1090 -395 -7755 0 0 0 0 1 145 109 515 
-3272 -1348 56 1688 93 -8133 0 0 0 0 1 152 96 511 
-3627 -1423 -115 2051 483 -8462 0 0 0 0 1 161 77 508 
-4027 -1477 -210 2547 1012 -9156 0 0 0 0 1 161 47 504 
-4729 -1470 -492 2892 1267 -9763 0 0 0 0 1 191 41 505 
-5062 -1424 -846 3484 1303 -10539 0 0 0 0 1 191 -2 493 
-5009 -1526 -932 4074 879 -10700 0 0 0 0 1 176 -24 498 
-4406 -1812 -1099 4397 508 -10353 0 0 0 0 1 191 -41 495 
-4280 -2000 -1279 4738 29 -9557 0 0 0 0 1 174 -66 493 
-4342 -2274 -1467 4872 -3 -8781 0 0 0 0 1 169 -71 498 
-4765 -2730 -1681 4937 631 -8313 0 0 0 0 1 154 -104 499 
-5661 -2982 -2002 5034 1301 -8328 0 0 0 0 1 148 -115 500 
-6305 -2989 -2157 5280 2115 -8756 0 0 0 0 1 133 -116 513 
-6288 -2895 -2169 5448 1832 -9093 0 0 0 0 1 129 -115 514 
-6017 -2813 -2148 5413 1066 -9113 0 0 0 0 1 115 -134 512 
-5494 -2805 -2075 5140 -125 -8690 0 0 0 0 1 100 -128 515 
-4856 -2900 -2118 4943 -565 -8204 0 0 0 0 1 92 -132 523 
-4903 -2959 -2321 4782 -417 -7497 0 0 0 0 1 68 -130 537 
-4851 -3015 -2346 4760 693 -6876 0 0 0 0 1 66 -132 537 
-5284 -3127 -2072 4697 1785 -6519 0 0 0 0 1 54 -122 544 
-5402 -3052 -1721 4541 1883 -6349 0 0 0 0 1 53 -111 545 
-5470 -2968 -1590 4117 1164 -6213 0 0 0 0 1 60 -106 538 
-5412 -2780 -1620 3601 414 -6097 0 0 0 0 1 50 -106 543 
-5175 -2636 -1723 3288 440 -5947 0 0 0 0 1 36 -101 562 
-4929 -2498 -1639 2940 1197 -5573 0 0 0 0 1 38 -101 555 
-4810 -2404 -1370 2602 1655 -5011 0 0 0 0 1 43 -99 557 
-4710 -2200 -960 2314 1160 -4514 0 0 0 0 1 43 -87 552 
-4597 -1985 -789 1794 -303 -3629 0 0 0 0 1 44 -95 561 
-4654 -1682 -790 1381 -969 -2817 0 0 0 0 1 28 -80 561 
-4796 -1437 -987 1277 -591 -2397 0 0 0 0 1 35 -83 556 
-4883 -1307 -1115 1386 694 -2023 0 0 0 0 1 34 -84 555 
-5078 -1116 -978 1577 1662 -1872 0 0 0 0 1 37 -76 551 
-4980 -944 -947 1634 1589 -1723 0 0 0 0 1 33 -83 561 
-4780 -722 -784 1443 845 -1317 0 0 0 0 1 46 -65 559 
-4740 -653 -783 1001 150 -753 0 0 0 0 1 35 -66 554 
-4823 -538 -872 654 -14 -351 0 0 0 0 1 46 -72 559 
-4923 -591 -984 164 136 261 0 0 0 0 1 40 -61 565 
-4989 -753 -1125 -186 144 863 0 0 0 0 1 44 -66 561 
-5266 -967 -1402 -429 -265 1378 0 0 0 0 1 46 -62 545 
-5339 -1107 -1496 -586 -735 1729 0 0 0 0 1 38 -60 559 
-5443 -1148 -1449 -951 -1242 2322 0 0 0 0 1 35 -58 558 
-5449 -1232 -1437 -1472 -1126 3019 0 0 0 0 1 28 -49 563 
-5390 -1362 -1412 -1852 -785 3492 0 0 0 0 1 27 -55 562 
-5403 -1468 -1534 -2334 -556 4170 0 0 0 0 1 28 -53 572 
-5509 -1734 -1807 -2634 -831 4707 0 0 0 0 1 28 -71 570 
-5673 -1914 -2025 -2776 -1225 5000 0 0 0 0 1 16 -88 568 
-5750 -1945 -2073 -3004 -1841 5460 0 0 0 0 1 28 -88 563 
-5838 -1949 -2172 -3291 -1993 5974 0 0 0 0 1 20 -96 571 
-6115 -1997 -2455 -3638 -1455 6703 0 0 0 0 1 22 -96 583 
-6059 -2122 -2864 -3900 -788 7395 0 0 0 0 1 30 -103 568 
-6611 -2358 -3326 -4114 -170 8194 0 0 0 0 1 35 -112 563 
-7763 -2960 -3572 -4155 -330 8368 0 0 0 0 1 61 -112 561 
-8308 -3275 -3915 -4011 -940 8226 0 0 0 0 1 60 -118 564 
-8804 -3622 -4283 -3588 -1489 8063 0 0 0 0 1 73 -120 549 
-9364 -4684 -4957 -3085 -402 8426 0 0 0 0 1 80 -125 554 
-9845 -5322 -4968 -2850 948 8832 0 0 0 0 1 95 -109 548 
-11052 -6398 -4551 -3031 2433 9490 0 0 0 0 1 117 -107 533 
-11967 -6893 -4212 -3880 2964 10671 0 0 0 0 1 143 -83 533 
-12839 -7692 -3696 -4935 3012 12621 0 0 0 0 1 145 -65 515 
-14193 -8240 -3671 -5498 2658 13904 0 0 0 0 1 174 -49 502 
-15249 -8814 -3173 -6260 2622 14972 0 0 0 0 1 173 -18 497 
-17066 -9967 -2796 -6968 2858 15312 0 0 0 0 1 197 8 480 
-16971 -10353 -2440 -7445 3513 15845 0 0 0 0 1 197 69 478 
-17016 -10006 -1853 -7959 4024 16539 0 0 0 0 1 180 106 471 
-16520 -10201 -453 -7974 3282 17084 0 0 0 0 1 167 144 467 
-15886 -10478 -213 -6947 1765 17421 0 0 0 0 1 136 169 479 
-13798 -12135 -966 -4846 1948 16637 0 0 0 0 1 97 182 492 
-11196 -13427 111 -3855 3245 15783 0 0 0 0 1 73 213 484 
-8928 -13763 1661 -3608 3833 13328 0 0 0 0 1 41 224 487 
-5879 -13377 2998 -3645 2742 11002 0 0 0 0 1 25 220 502 
-4162 -13562 2732 -3064 1777 7241 0 0 0 0 1 -9 208 516 
-2221 -13706 2537 -2180 2431 3576 0 0 0 0 1 -22 199 520 
-622 -12867 2829 -1633 2225 1585 0 0 0 0 1 -20 204 524 
170 -12104 3108 -773 1240 -1320 0 0 0 0 1 -11 196 533 
50 -9768 3169 -166 734 -3190 0 0 0 0 1 5 197 531 
-269 -7841 3007 440 -87 -4547 0 0 0 0 1 20 197 534 
-935 -6183 2961 746 -569 -5229 0 0 0 0 1 21 183 516 
-1528 -5308 3005 970 -1108 -6119 0 0 0 0 1 31 182 527 
-2089 -4261 3126 953 -1364 -6594 0 0 0 0 1 53 182 536 
-3316 -1659 786 2630 -197 -7514 0 0 0 0 1 153 100 509 
-3211 -1644 782 2611 954 -7748 0 0 0 0 1 172 66 514 
-3198 -1695 740 2534 1379 -7891 0 0 0 0 1 182 52 508 
-3405 -1748 612 2471 1108 -8024 0 0 0 0 1 187 25 504 
-3604 -1912 301 2467 138 -8215 0 0 0 0 1 191 12 500 
-3449 -1974 251 2469 -433 -8195 0 0 0 0 1 184 -2 500 
-3683 -2276 -44 2515 -726 -8100 0 0 0 0 1 179 -22 507 
-4116 -2353 -338 2663 -822 -7958 0 0 0 0 1 174 -66 502 
-4521 -2481 -611 2930 -11 -7886 0 0 0 0 1 181 -78 507 
-4598 -2518 -771 3335 1547 -7803 0 0 0 0 1 168 -96 515 
-4487 -2643 -873 3643 2465 -7667 0 0 0 0 1 167 -103 514 
-4452 -2553 -977 4040 3058 -7467 0 0 0 0 1 158 -105 514 
-4328 -2603 -961 4232 2554 -7282 0 0 0 0 1 151 -117 505 
-4111 -2808 -1020 4171 1314 -7083 0 0 0 0 1 138 -133 492 
-3984 -2884 -1168 4048 588 -6948 0 0 0 0 1 123 -141 511 
-4132 -2987 -1489 3951 271 -6869 0 0 0 0 1 130 -143 520 
-4664 -2996 -2085 4068 757 -6941 0 0 0 0 1 119 -143 518 
-4833 -2910 -2465 4530 2444 -7081 0 0 0 0 1 103 -159 530 
-4716 -2922 -2287 5100 3906 -7062 0 0 0 0 1 97 -148 520 
-4253 -2809 -2074 5376 3630 -6871 0 0 0 0 1 86 -155 529 
-3964 -2778 -1800 5424 1750 -6462 0 0 0 0 1 79 -143 531 
-3738 -2786 -1618 4966 -148 -5990 0 0 0 0 1 82 -147 523 
-4149 -2863 -1993 4394 -483 -5648 0 0 0 0 1 63 -127 540 
-4319 -2791 -2209 4111 408 -5496 0 0 0 0 1 54 -132 554 
-4353 -2800 -2424 3987 2354 -5298 0 0 0 0 1 44 -115 547 
-4629 -2780 -2468 4049 3177 -5232 0 0 0 0 1 67 -111 543 
-4481 -2648 -2240 4004 2883 -5019 0 0 0 0 1 60 -109 548 
-3930 -2300 -1810 3534 1360 -4477 0 0 0 0 1 62 -104 545 
-3431 -2019 -1490 3020 412 -3964 0 0 0 0 1 63 -93 544 
-3406 -2032 -1448 2233 -106 -3217 0 0 0 0 1 62 -94 552 
-3872 -2013 -1529 1679 339 -2836 0 0 0 0 1 66 -98 556 
-4079 -1959 -1494 1452 537 -2713 0 0 0 0 1 48 -91 545 
-3891 -1757 -1448 1238 306 -2524 0 0 0 0 1 47 -95 556 
-3791 -1752 -1259 1033 -210 -2177 0 0 0 0 1 53 -91 555 
-3818 -1618 -1091 864 -614 -1860 0 0 0 0 1 55 -89 557 
-3870 -1493 -978 539 -877 -1315 0 0 0 0 1 58 -95 561 
-3988 -1310 -845 151 -800 -815 0 0 0 0 1 60 -84 555 
-4165 -1068 -799 -109 -702 -564 0 0 0 0 1 42 -88 572 
-4169 -1009 -753 -442 -471 -265 0 0 0 0 1 44 -78 549 
-4165 -904 -791 -652 -507 -11 0 0 0 0 1 38 -84 559 
-4206 -799 -863 -716 -712 174 0 0 0 0 1 30 -100 565 
-4361 -652 -870 -787 -1192 507 0 0 0 0 1 35 -110 558 
-4627 -540 -785 -975 -1752 833 0 0 0 0 1 30 -100 556 
-5071 -410 -538 -1244 -2011 1103 0 0 0 0 1 21 -103 556 
-5185 -397 -433 -1798 -1864 1731 0 0 0 0 1 10 -101 557 
-5282 -368 -377 -2363 -1402 2481 0 0 0 0 1 14 -100 556 
-5488 -418 -421 -2687 -1359 2926 0 0 0 0 1 18 -110 558 
-5622 -468 -413 -3090 -2024 3493 0 0 0 0 1 15 -121 571 
-6066 -377 -490 -3332 -3380 3896 0 0 0 0 1 17 -123 562 
-6517 -369 -831 -3339 -4071 4144 0 0 0 0 1 -1 -153 548 
-6755 -438 -1131 -3042 -3933 4590 0 0 0 0 1 -9 -154 554 
-7068 -714 -1513 -2423 -2551 5029 0 0 0 0 1 -5 -158 555 
-7440 -1082 -1850 -1926 -1424 5207 0 0 0 0 1 -2 -157 547 
-7819 -1474 -1990 -1303 -301 5320 0 0 0 0 1 -3 -148 534 
-7915 -1556 -2216 -997 -350 5534 0 0 0 0 1 8 -168 548 
-8257 -1707 -2446 -1025 -640 6010 0 0 0 0 1 28 -171 540 
-8922 -2246 -2940 -1060 -594 6561 0 0 0 0 1 36 -168 548 
-9554 -2694 -3694 -878 -43 7586 0 0 0 0 1 48 -170 541 
-10456 -3800 -4311 -825 764 8754 0 0 0 0 1 49 -161 544 
-11234 -5060 -4392 -1220 1389 9687 0 0 0 0 1 74 -153 541 
-11675 -5987 -4249 -2679 2020 11715 0 0 0 0 1 113 -132 528 
-12873 -7408 -4668 -3918 2089 13680 0 0 0 0 1 143 -112 519 
-14322 -7976 -5064 -5689 2486 16831 0 0 0 0 1 155 -76 507 
-16287 -8456 -5193 -6955 2948 18569 0 0 0 0 1 175 -42 487 
-18904 -8906 -4946 -7525 3412 18842 0 0 0 0 1 193 -2 479 
-19628 -9161 -5013 -7993 4282 18948 0 0 0 0 1 206 28 480 
-20317 -9358 -4589 -8329 4271 18719 0 0 0 0 1 174 115 458 
-20503 -9391 -4508 -8460 3844 18463 0 0 0 0 1 160 149 458 
-19122 -10322 -3132 -8469 2975 18265 0 0 0 0 1 128 177 473 
-16803 -11683 -3573 -7068 1263 17857 0 0 0 0 1 94 183 493 
-15041 -13252 -3381 -5529 1734 16843 0 0 0 0 1 51 208 505 
-12504 -14241 -1951 -3907 3359 13865 0 0 0 0 1 21 213 507 
-8767 -14496 659 -3248 2775 11247 0 0 0 0 1 -2 201 507 
-6354 -14638 1667 -2180 1351 7611 0 0 0 0 1 -25 213 530 
-3441 -14361 2073 -886 2088 4378 0 0 0 0 1 -37 210 523 
-1867 -13088 2572 -72 2849 2200 0 0 0 0 1 -35 203 526 
-497 -11248 3201 979 2668 -654 0 0 0 0 1 -31 204 527 
-56 -9218 3477 1567 1921 -2831 0 0 0 0 1 -21 210 521 
-249 -7831 3545 1639 1153 -4577 0 0 0 0 1 -11 210 521 
-1299 -5613 3228 1545 349 -5491 0 0 0 0 1 17 212 508 
-1932 -4341 2843 1366 -395 -6228 0 0 0 0 1 43 209 508 
-2331 -2984 2434 1235 -654 -5897 0 0 0 0 1 55 199 501 
-2511 -1966 2114 1127 -668 -5274 0 0 0 0 1 62 197 504 
-2562 -1452 2101 844 51 -4226 0 0 0 0 1 74 195 508 
-2603 -946 2088 634 454 -3656 0 0 0 0 1 86 190 501 
-2616 -626 2102 342 196 -3260 0 0 0 0 1 99 186 500 
-2769 -193 1922 236 -889 -3309 0 0 0 0 1 102 180 499 
-2688 -67 1413 310 -1485 -3445 0 0 0 0 1 100 170 506 
-2490 91 1185 509 -1733 -3616 0 0 0 0 1 110 169 493 
-2075 122 1207 642 -1641 -3672 0 0 0 0 1 122 139 502 
-1983 104 1346 758 -1376 -3774 0 0 0 0 1 119 153 501 
-1835 76 1443 804 -1090 -3947 0 0 0 0 1 119 141 513 
-1659 15 1439 833 -1045 -4082 0 0 0 0 1 128 133 513 
-1657 -17 1317 929 -1262 -4358 0 0 0 0 1 140 126 506 
-1834 -180 845 1160 -1398 -4718 0 0 0 0 1 147 123 508 
-2082 -281 694 1358 -1206 -5056 0 0 0 0 1 146 110 509 
-2566 -175 341 1734 -571 -5789 0 0 0 0 1 147 91 497 
-2799 -71 188 2197 343 -6603 0 0 0 0 1 159 99 508 
-2942 60 122 2550 917 -6979 0 0 0 0 1 173 84 513 
-2785 60 73 3135 1363 -7063 0 0 0 0 1 181 68 500 
-2567 -13 146 3461 1300 -6895 0 0 0 0 1 191 41 491 
-2688 -151 -11 3765 594 -6576 0 0 0 0 1 191 34 488 
-3051 -403 -140 3813 -298 -6354 0 0 0 0 1 187 20 478 
-3389 -516 -329 3770 -766 -6287 0 0 0 0 1 185 -1 480 
-3692 -665 -500 3684 -801 -6275 0 0 0 0 1 193 0 481 
-3765 -604 -901 3711 -366 -6287 0 0 0 0 1 193 -22 493 
-3835 -503 -1280 3996 363 -6399 0 0 0 0 1 186 -36 488 
-3786 -457 -1463 4417 676 -6571 0 0 0 0 1 181 -49 486 
-3703 -503 -1489 4648 450 -6683 0 0 0 0 1 180 -62 485 
-3741 -623 -1491 4787 -244 -6845 0 0 0 0 1 173 -60 494 
-3909 -683 -1486 4659 -848 -6942 0 0 0 0 1 167 -71 493 
-3918 -825 -1505 4481 -851 -6872 0 0 0 0 1 163 -89 492 
-4037 -929 -1591 4265 -227 -6622 0 0 0 0 1 149 -87 499 
-4418 -799 -1952 4409 790 -6398 0 0 0 0 1 136 -103 505 
-4608 -529 -1862 4747 1292 -6278 0 0 0 0 1 136 -90 509 
-4587 -319 -1887 4903 843 -6253 0 0 0 0 1 129 -98 519 
-4399 -264 -1746 4810 -67 -6255 0 0 0 0 1 127 -103 514 
-4390 -242 -1678 4510 -572 -6283 0 0 0 0 1 100 -114 524 
-4468 -210 -1755 4281 -513 -6227 0 0 0 0 1 99 -93 540 
-4568 -331 -1644 3911 66 -5840 0 0 0 0 1 89 -105 530 
-4562 -338 -1669 3652 764 -5112 0 0 0 0 1 100 -104 534 
-4689 -254 -1581 3541 1047 -4577 0 0 0 0 1 86 -94 536 
-4631 -168 -1477 3370 816 -3759 0 0 0 0 1 86 -82 538 
-4451 -148 -1232 3064 99 -3120 0 0 0 0 1 79 -82 534 
-4618 -154 -1128 2828 -375 -2925 0 0 0 0 1 84 -73 533 
-4794 -104 -1158 2531 -506 -2971 0 0 0 0 1 81 -65 545 
-5070 -102 -1012 2206 12 -3184 0 0 0 0 1 75 -66 544 
-5022 -83 -951 1976 329 -3203 0 0 0 0 1 71 -69 550 
-4900 -48 -860 1634 335 -2817 0 0 0 0 1 74 -57 550 
-4620 -18 -753 1312 -32 -1998 0 0 0 0 1 73 -56 544 
-4527 70 -762 1131 -177 -1414 0 0 0 0 1 66 -61 549 
-4660 255 -796 893 -275 -739 0 0 0 0 1 62 -55 550 
-4783 367 -798 581 -341 -335 0 0 0 0 1 70 -66 537 
-4702 513 -684 280 -305 -114 0 0 0 0 1 77 -66 551 
-4590 538 -613 -241 -174 180 0 0 0 0 1 74 -47 548 
-4517 678 -727 -525 -131 318 0 0 0 0 1 67 -52 550 
-4488 711 -756 -813 -53 440 0 0 0 0 1 60 -62 552 
-4503 718 -718 -973 -56 531 0 0 0 0 1 60 -69 559 
-4500 781 -759 -1026 -178 627 0 0 0 0 1 64 -67 555 
-4507 827 -758 -1095 -328 846 0 0 0 0 1 63 -66 554 
-4528 817 -802 -1143 -283 1092 0 0 0 0 1 62 -74 548 
-4637 777 -844 -1153 -129 1216 0 0 0 0 1 68 -73 551 
-4750 642 -841 -1160 133 1270 0 0 0 0 1 66 -68 556 
-5032 554 -1001 -1081 90 1128 0 0 0 0 1 67 -74 543 
-5266 495 -1273 -1036 -211 1043 0 0 0 0 1 69 -77 559 
-5284 480 -1614 -1014 -572 1064 0 0 0 0 1 69 -96 559 
-5474 231 -1963 -1049 -536 1284 0 0 0 0 1 74 -87 552 
-5510 23 -2283 -1129 -67 1744 0 0 0 0 1 69 -96 552 
-5896 -425 -2675 -1215 264 2115 0 0 0 0 1 64 -114 552 
-6460 -1103 -2897 -1454 31 2761 0 0 0 0 1 68 -90 561 
-6641 -1290 -2920 -2040 -748 3645 0 0 0 0 1 79 -99 557 
-7110 -1847 -3036 -2548 -1383 4398 0 0 0 0 1 83 -96 550 
-7840 -2667 -3321 -3313 -2132 5803 0 0 0 0 1 75 -107 549 
-8665 -3233 -3992 -3643 -2106 7367 0 0 0 0 1 84 -107 558 
-10917 -4910 -4523 -3711 -1108 8638 0 0 0 0 1 83 -101 545 
-12337 -5823 -4738 -3729 193 9303 0 0 0 0 1 97 -104 557 
-12992 -6837 -4609 -4017 3203 11229 0 0 0 0 1 109 -91 543 
-13646 -8171 -4085 -4481 4630 13323 0 0 0 0 1 146 -68 528 
-14389 -8707 -3378 -5558 4290 16830 0 0 0 0 1 156 -52 511 
-15892 -9024 -2808 -7015 3366 19094 0 0 0 0 1 181 9 488 
-18626 -9067 -2888 -7761 3392 19391 0 0 0 0 1 193 53 486 
-19412 -9760 -3209 -8180 3975 19230 0 0 0 0 1 180 87 476 
-19282 -10605 -3648 -7763 5288 19097 0 0 0 0 1 153 120 470 
-18487 -10854 -3245 -7509 5748 18965 0 0 0 0 1 140 150 480 
-17399 -11575 -2588 -7291 5071 18520 0 0 0 0 1 112 190 485 
-15168 -12046 -1555 -6947 3545 16654 0 0 0 0 1 57 204 508 
-12402 -12640 -616 -6506 2635 14629 0 0 0 0 1 30 203 516 
-9816 -12883 16 -5687 1996 11510 0 0 0 0 1 5 177 543 
-1579 -4017 2740 566 -110 -2751 0 0 0 0 1 1 182 541 
-1661 -3404 2573 717 -67 -3388 0 0 0 0 1 11 176 535 
-1815 -2753 2458 799 81 -3923 0 0 0 0 1 27 180 534 
-1856 -2380 2373 836 425 -4745 0 0 0 0 1 28 176 540 
-1787 -2000 2376 761 715 -5419 0 0 0 0 1 43 172 543 
-1669 -1666 2325 705 680 -5709 0 0 0 0 1 64 158 531 
-1627 -1452 2137 787 280 -5862 0 0 0 0 1 71 168 527 
-1654 -1235 1855 969 -21 -5834 0 0 0 0 1 84 144 535 
-1905 -1147 1599 1451 -214 -5831 0 0 0 0 1 84 125 533 
-2381 -961 1159 2077 115 -6038 0 0 0 0 1 116 133 520 
-2810 -726 1118 2414 568 -6285 0 0 0 0 1 121 126 518 
-3024 -624 1141 2693 1112 -6711 0 0 0 0 1 122 105 514 
-3197 -500 1226 2690 1300 -6966 0 0 0 0 1 146 117 507 
-3189 -519 1227 2491 1223 -7236 0 0 0 0 1 153 98 502 
-3165 -556 816 2368 977 -7372 0 0 0 0 1 176 83 502 
-3062 -581 445 2274 601 -7522 0 0 0 0 1 189 65 501 
-3017 -592 191 2355 178 -7528 0 0 0 0 1 197 57 494 
-3029 -666 -239 2558 -100 -7425 0 0 0 0 1 195 9 486 
-3036 -753 -580 3089 -167 -7151 0 0 0 0 1 186 0 488 
-3368 -748 -931 3529 220 -7015 0 0 0 0 1 193 -12 481 
-3852 -782 -924 4113 1157 -6985 0 0 0 0 1 198 -29 477 
-4161 -849 -1003 4554 1675 -7129 0 0 0 0 1 193 -34 491 
-4596 -818 -1007 4708 1647 -7355 0 0 0 0 1 200 -53 481 
-4718 -808 -944 4659 1189 -7716 0 0 0 0 1 188 -61 477 
-4407 -904 -907 4460 786 -7843 0 0 0 0 1 188 -76 474 
-4060 -980 -975 4080 404 -7823 0 0 0 0 1 171 -114 480 
-3733 -1099 -1168 3893 321 -7644 0 0 0 0 1 166 -131 473 
-3697 -1205 -1258 3807 308 -7208 0 0 0 0 1 160 -132 493 
-3678 -1229 -1316 3925 266 -6770 0 0 0 0 1 143 -149 491 
-3912 -1347 -1613 4124 265 -6584 0 0 0 0 1 135 -145 487 
-4087 -1344 -1676 4549 644 -6655 0 0 0 0 1 117 -161 493 
-4254 -1338 -1715 4997 1523 -6889 0 0 0 0 1 108 -157 507 
-4236 -1469 -1432 5205 2120 -7006 0 0 0 0 1 97 -153 497 
-4152 -1630 -1010 5249 2184 -7050 0 0 0 0 1 94 -154 516 
-4117 -1676 -880 4937 948 -6971 0 0 0 0 1 93 -153 522 
-3923 -1762 -796 4546 14 -6825 0 0 0 0 1 70 -147 526 
-3871 -1757 -938 3971 -593 -6404 0 0 0 0 1 60 -141 524 
-3817 -1763 -1367 3773 -187 -5983 0 0 0 0 1 56 -142 540 
-4009 -1769 -1611 3829 1444 -5364 0 0 0 0 1 50 -136 541 
-4117 -1736 -1618 4060 2876 -4846 0 0 0 0 1 37 -134 551 
-4039 -1791 -1217 4087 2774 -4385 0 0 0 0 1 38 -118 550 
-4049 -1805 -975 3876 1821 -4140 0 0 0 0 1 36 -116 550 
-3952 -1807 -821 3254 44 -3818 0 0 0 0 1 54 -112 537 
-4024 -1742 -879 2756 -608 -3659 0 0 0 0 1 31 -91 555 
-4056 -1648 -1141 2133 -354 -3405 0 0 0 0 1 43 -91 557 
-4061 -1610 -1282 1781 781 -3056 0 0 0 0 1 30 -85 558 
-4098 -1553 -1319 1659 1389 -2659 0 0 0 0 1 44 -85 563 
-4142 -1423 -1287 1612 1105 -2394 0 0 0 0 1 42 -88 561 
-4166 -1411 -1103 1406 15 -1968 0 0 0 0 1 36 -79 557 
-4224 -1314 -915 986 -972 -1470 0 0 0 0 1 40 -80 556 
-4371 -1215 -829 628 -1070 -1118 0 0 0 0 1 33 -78 565 
-4372 -1114 -834 108 -418 -570 0 0 0 0 1 25 -71 563 
-4369 -1077 -945 -263 272 -65 0 0 0 0 1 21 -68 565 
-4413 -1105 -1002 -403 397 214 0 0 0 0 1 29 -79 559 
-4500 -1124 -972 -534 -65 557 0 0 0 0 1 31 -72 555 
-4782 -981 -867 -682 -982 859 0 0 0 0 1 31 -77 564 
-4864 -946 -819 -826 -1427 1108 0 0 0 0 1 21 -80 568 
-4897 -917 -831 -1069 -1435 1583 0 0 0 0 1 15 -87 557 
-4951 -927 -792 -1354 -678 2102 0 0 0 0 1 10 -82 559 
-4974 -943 -780 -1550 -172 2423 0 0 0 0 1 14 -100 561 
-5079 -948 -725 -1864 53 2781 0 0 0 0 1 20 -99 564 
-5296 -937 -635 -2068 -237 2952 0 0 0 0 1 27 -104 555 
-5413 -925 -680 -2278 -998 3208 0 0 0 0 1 27 -106 564 
-5510 -870 -893 -2319 -1403 3416 0 0 0 0 1 18 -110 558 
-5452 -834 -1198 -2197 -1495 3910 0 0 0 0 1 29 -116 555 
-5522 -805 -1415 -1963 -770 4567 0 0 0 0 1 29 -109 562 
-5923 -821 -1565 -1743 373 5099 0 0 0 0 1 23 -130 551 
-6471 -847 -1705 -1531 937 5539 0 0 0 0 1 35 -127 551 
-6797 -952 -1805 -1430 1047 5831 0 0 0 0 1 58 -127 544 
-7056 -950 -2215 -1270 842 6180 0 0 0 0 1 60 -114 548 
-7419 -1251 -3161 -1110 671 6474 0 0 0 0 1 63 -112 549 
-7739 -1367 -3364 -1105 1095 6685 0 0 0 0 1 86 -111 541 
-8305 -1727 -3440 -1155 2238 7264 0 0 0 0 1 100 -109 545 
-9282 -2501 -3460 -1114 3259 7901 0 0 0 0 1 114 -96 541 
-10060 -3193 -3739 -834 4101 9061 0 0 0 0 1 130 -79 531 
-11360 -4619 -3811 -1077 4002 10194 0 0 0 0 1 171 -42 501 
-12499 -5921 -3428 -1997 4324 10925 0 0 0 0 1 176 0 493 
-13092 -6526 -3061 -4681 5307 12023 0 0 0 0 1 192 11 478 
-14360 -7251 -2959 -6701 5890 12787 0 0 0 0 1 213 35 471 
-15274 -8171 -3090 -8952 5709 14523 0 0 0 0 1 204 62 448 
-16743 -8227 -2663 -10415 4263 16118 0 0 0 0 1 192 96 448 
-17443 -8050 -2376 -11031 2777 16778 0 0 0 0 1 182 136 450 
-18103 -7695 -2269 -11376 938 16962 0 0 0 0 1 134 176 481 
-18329 -7822 -2390 -10994 239 16830 0 0 0 0 1 102 185 511 
-17663 -8656 -2586 -9095 -47 16741 0 0 0 0 1 64 185 518 
-15772 -10269 -3063 -7067 607 16472 0 0 0 0 1 29 197 527 
-14020 -11541 -2944 -4061 3095 15145 0 0 0 0 1 2 198 540 
-10570 -12899 -819 -2654 5181 12657 0 0 0 0 1 -12 192 541 
-6846 -12801 2102 -2555 4678 10654 0 0 0 0 1 -27 177 543 
-4649 -12514 3203 -2609 2361 7656 0 0 0 0 1 -43 177 559 
-2223 -12005 3944 -2480 1462 5745 0 0 0 0 1 -46 160 559 
-930 -11154 3876 -1802 731 3176 0 0 0 0 1 -57 153 559 
-453 -10435 3580 -545 37 1204 0 0 0 0 1 -63 139 565 
-508 -9111 3170 409 1 164 0 0 0 0 1 -63 164 563 
-650 -8094 3148 1641 480 -1049 0 0 0 0 1 -62 143 566 
-1275 -6481 3503 2190 618 -1690 0 0 0 0 1 -62 155 562 
-1642 -5325 3884 2248 -477 -5354 0 0 0 0 1 37 218 516 
-1724 -936 1122 2253 83 -5591 0 0 0 0 1 48 217 515 
-1749 -881 1182 2016 195 -5783 0 0 0 0 1 63 206 509 
-1808 -851 1233 1735 -29 -5910 0 0 0 0 1 68 208 495 
-1879 -913 1262 1140 -647 -6093 0 0 0 0 1 77 196 486 
-2033 -1029 1113 715 -1141 -6203 0 0 0 0 1 97 177 494 
-2241 -1133 688 221 -1750 -6384 0 0 0 0 1 119 163 506 
-2544 -1129 355 4 -1831 -6755 0 0 0 0 1 120 152 509 
-2988 -1106 -146 43 -1556 -7097 0 0 0 0 1 142 138 511 
-3074 -1105 -443 390 -799 -7580 0 0 0 0 1 143 122 500 
-3047 -1113 -705 978 100 -7949 0 0 0 0 1 148 107 507 
-3235 -1281 -869 1646 740 -8212 0 0 0 0 1 161 91 506 
-3261 -1314 -892 2073 910 -8304 0 0 0 0 1 173 65 504 
-3424 -1488 -866 2578 721 -8351 0 0 0 0 1 175 30 501 
-3808 -1668 -811 2775 413 -8394 0 0 0 0 1 188 17 493 
-4125 -1702 -931 2927 80 -8549 0 0 0 0 1 187 -8 497 
-4576 -1692 -1262 3031 218 -8729 0 0 0 0 1 187 -25 490 
-5093 -1715 -1602 3343 1073 -9120 0 0 0 0 1 185 -42 483 
-5181 -1754 -1621 3773 2047 -9417 0 0 0 0 1 189 -69 485 
-5133 -1961 -1561 4030 2121 -9451 0 0 0 0 1 186 -73 477 
-4947 -2063 -1572 4233 1284 -9256 0 0 0 0 1 159 -118 490 
-4488 -2224 -1564 4201 505 -8972 0 0 0 0 1 153 -132 486 
-4668 -2457 -1815 4090 -316 -8537 0 0 0 0 1 134 -137 495 
-5118 -2536 -2058 4187 -48 -8370 0 0 0 0 1 120 -157 495 
-5698 -2722 -2223 4407 795 -8391 0 0 0 0 1 107 -153 515 
-6014 -2725 -2161 4837 2164 -8496 0 0 0 0 1 106 -152 512 
-5794 -2604 -1930 5038 2535 -8420 0 0 0 0 1 84 -166 514 
-5477 -2579 -1707 5048 2131 -8060 0 0 0 0 1 84 -161 514 
-5114 -2690 -1471 4765 1186 -7582 0 0 0 0 1 69 -148 534 
-4950 -2676 -1576 4521 738 -7248 0 0 0 0 1 55 -145 524 
-5050 -2796 -1714 4244 864 -6820 0 0 0 0 1 42 -147 540 
-5175 -2766 -1914 4145 1443 -6586 0 0 0 0 1 27 -145 543 
-5254 -2801 -1856 4055 2191 -6256 0 0 0 0 1 36 -143 545 
-5218 -2703 -1590 3803 1806 -5809 0 0 0 0 1 36 -133 541 
-4855 -2509 -1252 3456 1004 -5362 0 0 0 0 1 35 -117 554 
-4813 -2404 -1130 2730 -119 -4541 0 0 0 0 1 24 -111 555 
-4796 -2260 -1204 2060 -149 -3611 0 0 0 0 1 16 -112 554 
-4827 -2131 -1368 1754 393 -3043 0 0 0 0 1 34 -109 562 
-4924 -2042 -1345 1432 1097 -2439 0 0 0 0 1 18 -105 558 
-4983 -1842 -1139 1036 641 -2062 0 0 0 0 1 20 -99 566 
-4929 -1494 -905 683 -34 -1855 0 0 0 0 1 17 -101 559 
-4858 -1287 -830 93 -733 -1448 0 0 0 0 1 11 -103 556 
-4637 -935 -931 -374 -685 -839 0 0 0 0 1 23 -98 561 
-4470 -694 -1068 -547 -283 -367 0 0 0 0 1 12 -104 562 
-4413 -604 -1085 -642 447 289 0 0 0 0 1 16 -100 563 
-4412 -529 -988 -695 743 775 0 0 0 0 1 17 -111 550 
-4493 -421 -736 -792 491 997 0 0 0 0 1 14 -117 554 
-4532 -416 -599 -1039 -386 1295 0 0 0 0 1 17 -111 552 
-4605 -449 -486 -1245 -965 1491 0 0 0 0 1 24 -111 550 
-4706 -493 -505 -1512 -1400 1776 0 0 0 0 1 21 -125 554 
-4816 -741 -780 -1624 -1219 2121 0 0 0 0 1 17 -123 543 
-4831 -802 -824 -1634 -895 2384 0 0 0 0 1 11 -122 554 
-4994 -1053 -920 -1622 -558 2785 0 0 0 0 1 16 -127 554 
-5257 -1406 -871 -1706 -601 3205 0 0 0 0 1 18 -134 542 
-5407 -1448 -785 -1888 -792 3485 0 0 0 0 1 11 -142 549 
-5535 -1520 -792 -2239 -1201 3923 0 0 0 0 1 17 -148 555 
-5789 -1557 -891 -2477 -1345 4221 0 0 0 0 1 18 -142 556 
-5970 -1543 -935 -2813 -1184 4710 0 0 0 0 1 18 -154 554 
-6268 -1394 -1360 -2991 -1073 5304 0 0 0 0 1 25 -159 556 
-6459 -1301 -1654 -2994 -1321 5729 0 0 0 0 1 33 -152 537 
-6698 -1366 -1657 -3004 -1713 6315 0 0 0 0 1 35 -147 547 
-7421 -1171 -1700 -3025 -1961 6536 0 0 0 0 1 53 -180 531 
-8469 -1180 -2131 -2799 -2150 6607 0 0 0 0 1 58 -169 530 
-9024 -1418 -2651 -2001 -1658 6707 0 0 0 0 1 67 -175 527 
-9707 -1743 -3506 -1263 -1515 7101 0 0 0 0 1 74 -163 534 
-10018 -2072 -3845 -484 -1656 8677 0 0 0 0 1 84 -169 540 
-10471 -2736 -3879 -489 -954 11049 0 0 0 0 1 90 -150 534 
-12013 -3812 -4152 -741 -86 12454 0 0 0 0 1 122 -90 530 
-13256 -4748 -4715 -951 1633 14022 0 0 0 0 1 140 -74 520 
-15236 -6658 -5191 -1409 3265 15068 0 0 0 0 1 143 -39 498 
-15938 -7411 -4799 -2192 3847 15692 0 0 0 0 1 175 -8 508 
-16564 -8142 -3939 -3891 4072 16704 0 0 0 0 1 181 36 493 
-18049 -9472 -3503 -5203 3552 17586 0 0 0 0 1 174 80 484 
-18415 -9861 -3675 -5691 3309 18129 0 0 0 0 1 154 153 487 
-18770 -9559 -3380 -6482 3929 18155 0 0 0 0 1 117 169 488 
-17795 -10021 -1764 -7363 3842 17597 0 0 0 0 1 89 191 493 
-16080 -10624 -1500 -7297 2838 16961 0 0 0 0 1 64 199 506 
-14560 -11158 -1367 -6205 2639 15439 0 0 0 0 1 33 208 512 
-11472 -11999 -770 -5202 3171 14116 0 0 0 0 1 3 209 531 
-9089 -12110 468 -3957 3415 11738 0 0 0 0 1 -42 164 542 
-1657 -2935 2513 1693 1205 174 0 0 0 0 1 -43 175 557 
-1349 -2405 2657 1087 1025 -90 0 0 0 0 1 -43 182 543 
-954 -2061 2744 594 691 -218 0 0 0 0 1 -31 177 536 
-727 -1854 2665 -10 138 -461 0 0 0 0 1 -35 174 551 
-423 -1611 2342 -292 -138 -857 0 0 0 0 1 -29 180 548 
-247 -1400 1990 -285 -174 -1194 0 0 0 0 1 -44 181 549 
-185 -1296 1780 -32 -118 -1722 0 0 0 0 1 -36 187 541 
-100 -1129 1533 372 149 -2168 0 0 0 0 1 -28 188 540 
-163 -960 1501 809 897 -2687 0 0 0 0 1 -15 187 543 
-296 -753 1545 942 1429 -3016 0 0 0 0 1 -3 180 536 
-326 -640 1743 911 1731 -3204 0 0 0 0 1 20 177 531 
-418 -586 1942 702 1955 -3488 0 0 0 0 1 27 187 536 
-470 -537 2103 318 1804 -3785 0 0 0 0 1 41 182 541 
-600 -479 2059 45 1521 -4005 0 0 0 0 1 47 171 523 
-725 -405 1938 -297 882 -4326 0 0 0 0 1 62 175 529 
-693 -302 1713 -422 321 -4407 0 0 0 0 1 58 166 519 
-568 -287 1441 -396 -573 -4262 0 0 0 0 1 87 149 523 
-596 -323 1093 -254 -1026 -4063 0 0 0 0 1 86 143 527 
-751 -365 988 44 -1104 -3768 0 0 0 0 1 97 133 536 
-807 -365 963 363 -320 -3544 0 0 0 0 1 94 127 537 
-1062 -323 1025 565 451 -3507 0 0 0 0 1 107 128 536 
-1211 -237 1048 841 1538 -3615 0 0 0 0 1 113 120 535 
-1476 -91 1018 1028 2052 -3794 0 0 0 0 1 123 121 522 
-1646 -7 946 1331 2493 -4204 0 0 0 0 1 132 105 514 
-1776 150 844 1539 2602 -4527 0 0 0 0 1 146 107 507 
-1803 231 754 1845 2447 -5001 0 0 0 0 1 165 100 488 
-1830 422 600 2038 2128 -5255 0 0 0 0 1 174 93 486 
-1778 544 494 2316 1412 -5391 0 0 0 0 1 191 71 474 
-1664 542 452 2458 1064 -5329 0 0 0 0 1 201 72 483 
-1648 503 601 2519 1067 -5106 0 0 0 0 1 205 51 470 
-1820 319 622 2454 1336 -4836 0 0 0 0 1 213 42 466 
-1890 320 584 2385 1491 -4714 0 0 0 0 1 200 34 458 
-2145 181 423 2309 1606 -4666 0 0 0 0 1 218 20 452 
-2228 133 396 2206 1721 -4745 0 0 0 0 1 220 8 443 
-2606 73 320 2135 1652 -5056 0 0 0 0 1 225 -18 436 
-2754 40 180 2121 1557 -5326 0 0 0 0 1 227 -20 429 
-2664 5 71 2159 1520 -5693 0 0 0 0 1 219 -51 421 
-2525 -30 -80 2291 1637 -6021 0 0 0 0 1 238 -58 421 
-2429 -185 -166 2406 1742 -6207 0 0 0 0 1 225 -87 413 
-2379 -316 -181 2579 1894 -6427 0 0 0 0 1 231 -98 416 
-2289 -540 -170 2708 1994 -6584 0 0 0 0 1 212 -132 407 
-2220 -853 -128 2747 1990 -6664 0 0 0 0 1 197 -155 406 
-2228 -939 -121 2744 1801 -6760 0 0 0 0 1 189 -165 399 
-2213 -1194 -115 2671 1438 -6834 0 0 0 0 1 189 -185 406 
-2265 -1518 -90 2587 1228 -6905 0 0 0 0 1 156 -202 396 
-2586 -1810 0 2371 1019 -7188 0 0 0 0 1 146 -203 409 
