Data Quantity : 14  Accelerometer : 3  Gyroscope : 3  FSR : 5







-1595 1176 121 -4 152 53 0 0 0 0 1 193 29 444 
-1617 1185 123 -26 147 15 0 0 0 0 1 205 34 437 
-1649 1189 131 -44 141 -21 0 0 0 0 1 204 23 462 
-1665 1199 133 -92 128 -79 0 0 0 0 1 194 35 445 
-1704 1211 121 -120 101 -108 0 0 0 0 1 205 39 458 
-1712 1215 130 -149 67 -134 0 0 0 0 1 202 31 444 
-1776 1237 142 -170 41 -145 0 0 0 0 1 200 31 451 
-1828 1269 136 -179 26 -140 0 0 0 0 1 198 24 456 
-1843 1281 149 -176 43 -114 0 0 0 0 1 200 26 456 
-1844 1296 162 -175 60 -81 0 0 0 0 1 192 25 457 
-1847 1307 168 -166 38 -17 0 0 0 0 1 199 25 441 
-1823 1298 179 -163 8 33 0 0 0 0 1 205 19 447 
-1768 1286 184 -163 -17 119 0 0 0 0 1 201 25 455 
-1698 1262 183 -159 -35 196 0 0 0 0 1 206 20 457 
-1647 1246 173 -143 -60 224 0 0 0 0 1 198 19 458 
-1615 1231 160 -117 -88 231 0 0 0 0 1 195 19 449 
-1551 1199 145 -100 -71 225 0 0 0 0 1 199 30 445 
-1532 1190 139 -63 -27 194 0 0 0 0 1 194 25 443 
-1540 1195 121 -23 -7 136 0 0 0 0 1 197 20 450 
-1507 1175 116 10 0 109 0 0 0 0 1 197 25 455 
-1483 1163 113 63 -1 93 0 0 0 0 1 194 35 445 
-1477 1152 116 87 9 84 0 0 0 0 1 198 29 447 
-1493 1142 109 113 51 65 0 0 0 0 1 202 31 444 
-1480 1139 124 112 105 47 0 0 0 0 1 201 33 443 
-1513 1138 128 90 139 5 0 0 0 0 1 207 26 440 
-1545 1160 121 65 116 -31 0 0 0 0 1 202 34 437 
-1553 1155 124 17 44 -55 0 0 0 0 1 206 28 450 
-1538 1151 125 -10 23 -54 0 0 0 0 1 204 30 450 
-1541 1160 125 -60 27 -37 0 0 0 0 1 195 31 449 
-1618 1189 108 -84 26 -35 0 0 0 0 1 198 26 449 
-1653 1198 101 -110 29 -44 0 0 0 0 1 202 31 449 
-1651 1209 115 -129 45 -48 0 0 0 0 1 200 31 444 
-1666 1213 126 -138 47 -40 0 0 0 0 1 201 20 452 
-1692 1237 128 -144 27 -31 0 0 0 0 1 205 26 458 
-1706 1255 126 -141 1 -15 0 0 0 0 1 208 35 455 
-1688 1243 140 -133 3 8 0 0 0 0 1 209 29 442 
-1682 1243 144 -118 27 51 0 0 0 0 1 197 28 450 
-1667 1254 140 -104 29 82 0 0 0 0 1 201 25 462 
-1644 1246 139 -77 16 112 0 0 0 0 1 198 29 444 
-1619 1240 153 -63 21 125 0 0 0 0 1 195 24 447 
-1610 1245 149 -55 27 113 0 0 0 0 1 193 36 435 
-1596 1239 138 -57 19 93 0 0 0 0 1 204 38 452 
-1603 1235 141 -56 7 37 0 0 0 0 1 213 23 448 
-1585 1239 126 -44 6 -5 0 0 0 0 1 194 35 452 
-1570 1225 126 -34 8 -31 0 0 0 0 1 206 35 445 
-1582 1222 126 -18 19 -51 0 0 0 0 1 213 30 443 
-1595 1219 129 -3 29 -59 0 0 0 0 1 199 18 443 
-1593 1218 142 -3 56 -49 0 0 0 0 1 194 40 457 
-1616 1231 146 1 53 -35 0 0 0 0 1 207 29 437 
-1644 1232 152 -3 58 -24 0 0 0 0 1 204 35 445 
-1605 1228 157 -15 82 2 0 0 0 0 1 199 33 445 
-1608 1216 160 -27 80 22 0 0 0 0 1 213 33 448 
-1611 1211 170 -48 35 38 0 0 0 0 1 209 24 444 
-1616 1208 179 -64 -8 43 0 0 0 0 1 211 28 452 
-1577 1204 183 -104 -24 62 0 0 0 0 1 199 11 438 
-1571 1188 183 -131 -16 63 0 0 0 0 1 204 33 443 
-1596 1200 167 -153 -35 48 0 0 0 0 1 198 24 442 
-1572 1192 159 -154 -91 38 0 0 0 0 1 209 19 451 
-1563 1176 164 -138 -97 37 0 0 0 0 1 208 28 443 
-1586 1191 150 -125 -65 31 0 0 0 0 1 204 33 445 
-1610 1202 140 -92 -26 7 0 0 0 0 1 204 35 443 
-1647 1224 151 -68 -13 -12 0 0 0 0 1 205 26 447 
-1642 1224 163 -29 3 -21 0 0 0 0 1 201 25 443 
-1618 1228 183 3 18 -9 0 0 0 0 1 198 19 449 
-1603 1226 248 10 20 10 0 0 0 0 1 197 20 443 
-1592 1229 290 10 -23 42 0 0 0 0 1 197 28 448 
-1540 1220 340 6 -84 62 0 0 0 0 1 201 30 457 
-1518 1216 396 5 -207 87 0 0 0 0 1 200 26 442 
-1533 1137 496 -11 -328 82 0 0 0 0 1 199 38 448 
-1477 1042 602 -23 -372 79 0 0 0 0 1 198 36 447 
-1412 943 679 -36 -426 86 0 0 0 0 1 192 23 441 
-1320 788 789 -36 -517 91 0 0 0 0 1 199 15 441 
-1253 724 835 -15 -682 62 0 0 0 0 1 194 30 450 
-1240 517 911 19 -747 -55 0 0 0 0 1 197 35 452 
-1155 380 975 47 -700 -155 0 0 0 0 1 198 19 449 
-1002 131 1112 90 -568 -323 0 0 0 0 1 197 28 462 
-904 3 1237 117 -504 -509 0 0 0 0 1 189 25 464 
-781 -178 1400 123 -595 -649 0 0 0 0 1 191 26 467 
-765 -293 1424 138 -949 -909 0 0 0 0 1 206 23 473 
-810 -545 1343 185 -1201 -1256 0 0 0 0 1 182 20 478 
-898 -773 1400 222 -1264 -1527 0 0 0 0 1 188 12 479 
-898 -967 1343 361 -1270 -1963 0 0 0 0 1 185 13 480 
-918 -1047 1273 570 -1212 -2407 0 0 0 0 1 181 4 479 
-1033 -1229 1180 740 -1172 -2721 0 0 0 0 1 175 -8 487 
-1192 -1406 1038 1019 -1096 -3223 0 0 0 0 1 163 -3 492 
-1299 -1490 957 1324 -997 -3754 0 0 0 0 1 173 -13 487 
-1435 -1603 797 1536 -903 -4111 0 0 0 0 1 166 -33 501 
-1546 -1639 719 1829 -675 -4658 0 0 0 0 1 158 -31 486 
-1688 -1702 589 2092 -378 -5167 0 0 0 0 1 174 -41 498 
-1796 -1761 480 2236 -186 -5462 0 0 0 0 1 159 -45 494 
-1935 -1820 347 2485 -129 -5860 0 0 0 0 1 146 -56 500 
-2106 -1823 237 2685 -272 -6174 0 0 0 0 1 149 -72 499 
-2186 -1853 112 2798 -456 -6292 0 0 0 0 1 132 -78 505 
-2335 -1915 30 2934 -745 -6336 0 0 0 0 1 133 -79 524 
-2519 -1940 -221 3082 -891 -6208 0 0 0 0 1 121 -94 520 
-2726 -1901 -406 3153 -805 -6059 0 0 0 0 1 107 -84 522 
-2778 -1860 -496 3213 -424 -5705 0 0 0 0 1 97 -94 524 
-2975 -1888 -549 3174 62 -5301 0 0 0 0 1 94 -88 521 
-4355 -1170 -1061 1393 360 -1593 0 0 0 0 1 75 -61 537 
-4227 -908 -1046 1259 687 -1242 0 0 0 0 1 84 -68 542 
-3990 -759 -939 1080 697 -903 0 0 0 0 1 87 -71 537 
-3836 -607 -878 932 499 -685 0 0 0 0 1 84 -73 540 
-3792 -509 -922 720 138 -381 0 0 0 0 1 83 -69 536 
-3838 -464 -979 562 58 -163 0 0 0 0 1 88 -55 531 
-3899 -369 -1062 490 179 -53 0 0 0 0 1 80 -56 540 
-3941 -323 -1070 390 488 70 0 0 0 0 1 84 -68 533 
-4003 -195 -987 211 715 165 0 0 0 0 1 95 -57 536 
-4075 -100 -948 56 678 232 0 0 0 0 1 88 -57 538 
-4116 -81 -937 -202 455 379 0 0 0 0 1 87 -56 530 
-4092 -51 -975 -381 310 530 0 0 0 0 1 76 -65 534 
-4056 10 -1058 -630 206 815 0 0 0 0 1 92 -58 540 
-4097 69 -1092 -858 219 1104 0 0 0 0 1 92 -56 535 
-4209 73 -1138 -1061 114 1362 0 0 0 0 1 93 -60 538 
-4309 65 -1206 -1195 -148 1523 0 0 0 0 1 93 -65 541 
-4392 36 -1276 -1394 -723 1755 0 0 0 0 1 73 -76 551 
-4567 -22 -1438 -1541 -1144 1949 0 0 0 0 1 75 -73 540 
-4779 -106 -1749 -1561 -1193 2035 0 0 0 0 1 66 -73 535 
-4950 -161 -1975 -1483 -925 2071 0 0 0 0 1 70 -83 554 
-5237 -193 -2163 -1392 -540 2003 0 0 0 0 1 69 -89 548 
-5773 -261 -2128 -1449 -759 1984 0 0 0 0 1 69 -89 548 
-6103 -328 -2293 -1500 -1249 2077 0 0 0 0 1 61 -103 554 
-6586 -858 -2719 -1466 -1964 2541 0 0 0 0 1 55 -91 552 
-6874 -1418 -3008 -1210 -1742 3552 0 0 0 0 1 62 -94 559 
-7530 -2539 -3138 -1033 -934 4479 0 0 0 0 1 53 -99 557 
-15538 -11662 -2435 -11115 3324 16019 0 0 0 0 1 220 30 438 
-16717 -11139 -2274 -11205 3482 16084 0 0 0 0 1 212 80 444 
-16412 -11188 -1453 -11314 3330 15706 0 0 0 0 1 200 100 440 
-15739 -11298 -990 -10861 1129 15017 0 0 0 0 1 166 160 457 
-14350 -12035 -1390 -8913 -935 14294 0 0 0 0 1 136 176 467 
-11990 -13479 -2688 -6881 -700 13812 0 0 0 0 1 103 176 493 
-10069 -14698 -2749 -4035 2005 12772 0 0 0 0 1 74 192 508 
-6095 -14693 1397 -3253 4413 10989 0 0 0 0 1 53 207 497 
-4498 -3012 -156 3762 -1468 -9843 0 0 0 0 1 151 117 502 
-4925 -3047 -497 3972 -785 -9387 0 0 0 0 1 145 118 487 
-5207 -2856 -547 4192 396 -8715 0 0 0 0 1 168 74 490 
-5537 -2909 -847 4337 814 -8096 0 0 0 0 1 189 50 487 
-5367 -2826 -1006 4332 602 -7713 0 0 0 0 1 188 53 477 
-5325 -2971 -1099 4163 -228 -7270 0 0 0 0 1 194 40 476 
-5225 -2961 -1262 3926 -1092 -6958 0 0 0 0 1 192 25 480 
-4960 -3009 -1698 3812 -1269 -6727 0 0 0 0 1 182 1 485 
-4957 -3011 -1997 3919 -982 -6624 0 0 0 0 1 182 -18 476 
-4884 -3015 -2179 4313 -232 -6537 0 0 0 0 1 191 -12 488 
-4925 -3018 -2288 4778 445 -6585 0 0 0 0 1 182 -35 485 
-4725 -3030 -2219 5014 623 -6599 0 0 0 0 1 187 -33 492 
-4621 -3074 -2153 5207 389 -6596 0 0 0 0 1 169 -53 488 
-4633 -3128 -2161 5231 -64 -6600 0 0 0 0 1 171 -69 492 
-5112 -3231 -2277 5162 -205 -6735 0 0 0 0 1 156 -57 499 
-5305 -3214 -2420 5148 -49 -6867 0 0 0 0 1 159 -62 508 
-5314 -3169 -2492 5200 427 -6998 0 0 0 0 1 146 -61 502 
-5499 -3153 -2511 5304 614 -7000 0 0 0 0 1 147 -69 501 
-5515 -3065 -2380 5285 432 -6859 0 0 0 0 1 138 -69 506 
-5494 -3014 -2039 4950 -9 -6495 0 0 0 0 1 132 -73 507 
-5447 -2859 -1889 4287 -346 -6056 0 0 0 0 1 122 -76 512 
-5652 -2635 -1806 3576 -297 -5732 0 0 0 0 1 117 -68 514 
-5612 -2570 -1606 3174 120 -5499 0 0 0 0 1 117 -71 509 
-5648 -2396 -1618 2783 120 -5071 0 0 0 0 1 114 -74 506 
-5652 -1984 -1807 2485 -1100 -4492 0 0 0 0 1 106 -78 528 
-5531 -1651 -1637 2206 -1805 -4022 0 0 0 0 1 100 -74 522 
-5463 -1417 -1584 1816 -2024 -3199 0 0 0 0 1 100 -87 524 
-5470 -1119 -1696 1600 -1179 -2388 0 0 0 0 1 90 -87 513 
-5431 -757 -1588 1507 152 -1724 0 0 0 0 1 92 -78 528 
-5411 -584 -1545 1486 769 -1355 0 0 0 0 1 93 -82 531 
-5267 -436 -1471 1363 1024 -837 0 0 0 0 1 95 -79 522 
-4964 -158 -1409 1117 647 -382 0 0 0 0 1 101 -76 519 
-4861 -50 -1461 918 242 -116 0 0 0 0 1 104 -82 534 
-4763 -59 -1542 634 -244 274 0 0 0 0 1 112 -65 511 
-4659 -167 -1637 461 -345 546 0 0 0 0 1 113 -61 516 
-4603 -245 -1765 253 -314 952 0 0 0 0 1 112 -72 531 
-4539 -306 -1847 47 -263 1363 0 0 0 0 1 109 -60 527 
-4434 -385 -1952 -200 -166 1752 0 0 0 0 1 103 -53 523 
-4348 -496 -1987 -405 -72 1980 0 0 0 0 1 108 -49 528 
-4218 -610 -1934 -776 55 2291 0 0 0 0 1 101 -46 528 
-4126 -704 -1858 -1226 3 2579 0 0 0 0 1 108 -49 530 
-3940 -834 -1789 -1539 -169 2769 0 0 0 0 1 103 -53 519 
-3828 -925 -1821 -1975 -544 3022 0 0 0 0 1 92 -51 528 
-3820 -971 -1837 -2342 -868 3216 0 0 0 0 1 90 -57 527 
-3829 -1049 -1875 -2534 -988 3313 0 0 0 0 1 84 -46 542 
-3905 -1061 -1874 -2753 -994 3414 0 0 0 0 1 83 -60 536 
-3975 -1088 -1941 -2881 -908 3474 0 0 0 0 1 86 -65 545 
-4123 -1079 -2005 -2940 -745 3484 0 0 0 0 1 87 -63 549 
-4259 -1102 -2059 -2937 -523 3459 0 0 0 0 1 83 -69 545 
-4337 -1117 -2036 -2925 -300 3423 0 0 0 0 1 90 -74 541 
-4527 -993 -1978 -2932 -241 3381 0 0 0 0 1 88 -77 545 
-4843 -730 -1999 -2941 -459 3333 0 0 0 0 1 86 -89 543 
-5449 -710 -2131 -2804 -923 3269 0 0 0 0 1 93 -99 531 
-7258 -1316 -2759 -2320 -1255 3332 0 0 0 0 1 88 -94 534 
-8061 -1805 -3373 -1708 -1273 3682 0 0 0 0 1 101 -100 549 
-9014 -2705 -4278 -567 -388 4956 0 0 0 0 1 104 -84 543 
-9629 -3586 -4458 -212 1922 7062 0 0 0 0 1 109 -91 541 
-10838 -4610 -3763 -965 4207 8456 0 0 0 0 1 132 -66 526 
-11547 -5619 -3550 -3233 6360 10051 0 0 0 0 1 149 -50 518 
-12669 -6984 -3617 -5993 5729 11116 0 0 0 0 1 167 -31 495 
-13016 -7942 -3384 -8627 4673 12567 0 0 0 0 1 208 1 469 
-13989 -8418 -2939 -10130 4161 13710 0 0 0 0 1 208 20 459 
-15171 -8795 -2663 -11812 3575 15207 0 0 0 0 1 202 44 449 
-16547 -9162 -2505 -12686 2888 16551 0 0 0 0 1 193 66 453 
-16915 -8905 -2036 -12889 2492 17096 0 0 0 0 1 191 98 447 
-17023 -8562 -1729 -12416 918 17293 0 0 0 0 1 169 115 458 
-16171 -9356 -1084 -10851 -987 16847 0 0 0 0 1 115 159 486 
-15125 -10176 -1851 -8890 -1902 16148 0 0 0 0 1 70 169 514 
-13030 -11692 -3180 -4750 -682 14785 0 0 0 0 1 31 170 531 
-8758 -14082 -2993 -1546 3589 13061 0 0 0 0 1 31 187 545 
-4321 -14428 1733 -842 4833 10340 0 0 0 0 1 -2 191 535 
-3117 -13821 2706 -793 2939 7942 0 0 0 0 1 16 176 540 
-3274 -549 -48 2888 -830 -6263 0 0 0 0 1 122 110 516 
-3533 -435 -253 3173 -457 -6630 0 0 0 0 1 123 133 520 
-3682 -420 -373 3396 109 -6961 0 0 0 0 1 143 107 516 
-3992 -359 -617 3590 503 -7219 0 0 0 0 1 151 95 509 
-4037 -315 -739 3718 579 -7288 0 0 0 0 1 163 84 494 
-4009 -320 -841 3917 466 -7142 0 0 0 0 1 171 67 490 
-3801 -262 -971 4035 326 -6857 0 0 0 0 1 178 65 490 
-3700 -166 -1019 4133 115 -6303 0 0 0 0 1 185 45 485 
-3839 -161 -1071 4110 -151 -5848 0 0 0 0 1 185 42 480 
-3989 -296 -991 4031 -309 -5651 0 0 0 0 1 186 31 486 
-4069 -436 -994 3873 -426 -5536 0 0 0 0 1 184 19 474 
-4093 -644 -1028 3722 -389 -5597 0 0 0 0 1 188 2 481 
-4115 -641 -1154 3637 -500 -5781 0 0 0 0 1 185 -3 478 
-4139 -545 -1342 3615 -635 -5930 0 0 0 0 1 180 -18 483 
-4196 -534 -1455 3656 -766 -6124 0 0 0 0 1 179 -22 477 
-4316 -575 -1582 3784 -737 -6179 0 0 0 0 1 173 -23 490 
-4363 -612 -1586 3918 -518 -6097 0 0 0 0 1 162 -31 488 
-4425 -657 -1369 3929 -342 -5984 0 0 0 0 1 159 -57 499 
-4298 -645 -1232 3794 -72 -5706 0 0 0 0 1 146 -49 505 
-4245 -626 -820 3479 280 -5428 0 0 0 0 1 145 -57 499 
-4201 -678 -647 3254 277 -5188 0 0 0 0 1 148 -63 502 
-4145 -766 -788 2994 -285 -4709 0 0 0 0 1 147 -69 513 
-4185 -762 -962 2862 -972 -4278 0 0 0 0 1 132 -71 505 
-4366 -813 -1364 2939 -1219 -4097 0 0 0 0 1 119 -67 515 
-4724 -834 -1782 3107 -1023 -4150 0 0 0 0 1 121 -69 513 
-5103 -791 -1854 3419 -238 -4399 0 0 0 0 1 127 -63 514 
-5235 -718 -1722 3594 347 -4595 0 0 0 0 1 114 -69 522 
-5243 -653 -1699 3590 269 -4568 0 0 0 0 1 115 -58 521 
-5033 -457 -1565 3337 -240 -4230 0 0 0 0 1 103 -61 514 
-4839 -544 -1449 2870 -630 -3559 0 0 0 0 1 109 -69 531 
-4686 -612 -1262 2334 -197 -2724 0 0 0 0 1 108 -51 533 
-4294 679 -1269 -639 -1014 734 0 0 0 0 1 87 -53 540 
-4387 772 -1321 -954 -1364 1101 0 0 0 0 1 79 -52 541 
-4589 807 -1346 -1256 -1431 1426 0 0 0 0 1 76 -52 531 
-4643 834 -1325 -1544 -1255 1751 0 0 0 0 1 75 -61 544 
-4842 826 -990 -1782 -999 1919 0 0 0 0 1 69 -67 543 
-4305 640 -1476 -2002 -453 2304 0 0 0 0 1 74 -62 545 
-4182 397 -1274 -2224 -53 2782 0 0 0 0 1 70 -76 554 
-4037 544 -1202 -2382 231 3057 0 0 0 0 1 71 -82 538 
-4208 199 -1319 -2559 504 3300 0 0 0 0 1 112 -91 541 
-5549 -507 -2049 -570 -670 2863 0 0 0 0 1 106 -98 542 
-6195 -880 -2141 -193 -569 2817 0 0 0 0 1 95 -89 534 
-7077 -1487 -2418 449 316 2706 0 0 0 0 1 115 -85 528 
-7742 -2127 -2499 1067 1718 2716 0 0 0 0 1 129 -78 528 
-8730 -3863 -2516 1374 2860 3307 0 0 0 0 1 145 -72 524 
-9500 -4807 -2529 1256 3500 4133 0 0 0 0 1 154 -60 518 
-10146 -5746 -2350 97 5489 6131 0 0 0 0 1 168 -35 506 
-11561 -6898 -2025 -2597 7424 8613 0 0 0 0 1 180 -23 490 
-11599 -7474 -988 -5280 7724 10363 0 0 0 0 1 193 0 474 
-11997 -7663 -689 -9480 5715 12918 0 0 0 0 1 214 39 428 
-13333 -8005 -1140 -12316 3420 15456 0 0 0 0 1 211 72 429 
-14138 -7846 -1485 -13187 2661 16960 0 0 0 0 1 191 112 433 
-14747 -7629 -1350 -13639 2659 18508 0 0 0 0 1 181 139 435 
-15082 -7583 -216 -13671 2819 18816 0 0 0 0 1 163 172 457 
-14494 -8177 -162 -12715 892 18798 0 0 0 0 1 126 172 483 
-12870 -9380 -508 -10001 -723 17624 0 0 0 0 1 40 179 521 
-10561 -11058 -1901 -7396 -274 15883 0 0 0 0 1 5 182 543 
-7142 -12846 -1441 -3728 2311 12522 0 0 0 0 1 -21 183 542 
-4859 -13373 -290 -1306 4296 9247 0 0 0 0 1 -25 176 558 
-2099 -12894 1511 -79 3699 6328 0 0 0 0 1 -20 177 555 
-893 -12234 3105 169 2459 4457 0 0 0 0 1 -27 180 548 
-371 -11626 3738 74 669 1936 0 0 0 0 1 -31 175 545 
-37 -10461 3663 9 -73 502 0 0 0 0 1 -35 169 544 
-68 -9034 2855 281 -445 -1268 0 0 0 0 1 -35 176 549 
-431 -7987 2448 944 -355 -2734 0 0 0 0 1 -20 168 548 
-1010 -6515 2051 1476 -258 -3519 0 0 0 0 1 87 181 512 
-2625 -1446 999 1362 -1291 -6834 0 0 0 0 1 99 166 505 
-2862 -1412 743 1387 -1627 -6902 0 0 0 0 1 112 155 497 
-3213 -1356 474 1439 -1891 -7037 0 0 0 0 1 123 141 504 
-3692 -1355 112 1552 -1487 -7255 0 0 0 0 1 133 133 511 
-3933 -1354 -118 1683 -788 -7444 0 0 0 0 1 142 118 504 
-4437 -1337 -380 2008 257 -7787 0 0 0 0 1 155 98 500 
-4584 -1319 -503 2411 703 -8124 0 0 0 0 1 162 98 495 
-4824 -1272 -600 2642 637 -8325 0 0 0 0 1 178 69 497 
-4915 -1263 -709 2887 159 -8477 0 0 0 0 1 188 36 495 
-4857 -1312 -905 3012 -462 -8314 0 0 0 0 1 188 14 493 
-4871 -1425 -1186 3087 -730 -8038 0 0 0 0 1 191 -7 495 
-4972 -1537 -1454 3255 -504 -7566 0 0 0 0 1 184 -9 484 
-5160 -1581 -1669 3589 225 -7231 0 0 0 0 1 172 -26 500 
-5329 -1627 -1849 3875 667 -7131 0 0 0 0 1 179 -44 498 
-5719 -1608 -1888 4257 793 -7232 0 0 0 0 1 175 -67 501 
-5704 -1592 -1859 4419 451 -7414 0 0 0 0 1 156 -82 499 
-5573 -1614 -1847 4387 101 -7559 0 0 0 0 1 156 -69 501 
-5594 -1510 -2014 4335 -36 -7570 0 0 0 0 1 148 -88 505 
-5379 -1581 -2168 4301 86 -7254 0 0 0 0 1 142 -99 508 
-5391 -1581 -2237 4385 497 -6776 0 0 0 0 1 120 -103 509 
-5707 -1439 -2305 4484 591 -6523 0 0 0 0 1 112 -99 515 
-5761 -1343 -2137 4545 522 -6238 0 0 0 0 1 112 -101 520 
-5636 -1293 -1997 4418 445 -5978 0 0 0 0 1 109 -114 513 
-5646 -1250 -1816 4159 490 -5812 0 0 0 0 1 97 -104 524 
-5610 -1252 -1678 3941 595 -5730 0 0 0 0 1 104 -106 536 
-5457 -1229 -1539 3548 594 -5543 0 0 0 0 1 93 -101 531 
-5355 -1209 -1322 3060 162 -5313 0 0 0 0 1 83 -99 534 
-5198 -1128 -1286 2737 -238 -5089 0 0 0 0 1 82 -98 528 
-5081 -1072 -1338 2386 -564 -4584 0 0 0 0 1 80 -95 544 
-4926 -1024 -1523 2320 -204 -3991 0 0 0 0 1 76 -91 545 
-5033 -978 -1559 2422 356 -3664 0 0 0 0 1 67 -87 545 
-5015 -936 -1248 2561 1096 -3271 0 0 0 0 1 67 -82 541 
-5020 -742 -901 2469 1028 -2978 0 0 0 0 1 73 -78 540 
-4919 -623 -712 2090 433 -2686 0 0 0 0 1 70 -71 526 
-4674 -509 -587 1783 78 -2450 0 0 0 0 1 77 -73 537 
-4461 -428 -806 1450 -73 -2050 0 0 0 0 1 77 -68 544 
-4419 -358 -918 1334 166 -1715 0 0 0 0 1 82 -63 542 
-4338 -271 -1013 1319 243 -1514 0 0 0 0 1 82 -68 533 
-4293 -132 -1010 1284 226 -1232 0 0 0 0 1 79 -62 548 
-4247 -52 -961 1169 272 -939 0 0 0 0 1 84 -56 542 
-4209 85 -792 1015 338 -718 0 0 0 0 1 95 -52 548 
-4162 124 -736 672 397 -333 0 0 0 0 1 99 -66 535 
-4128 163 -719 261 220 88 0 0 0 0 1 81 -60 534 
-4034 262 -783 -34 -81 381 0 0 0 0 1 83 -55 545 
-4031 346 -962 -409 -710 785 0 0 0 0 1 84 -68 544 
-4160 387 -1224 -682 -1128 1095 0 0 0 0 1 89 -56 540 
-4247 308 -1385 -832 -1156 1289 0 0 0 0 1 75 -51 549 
-4275 242 -1374 -1097 -845 1601 0 0 0 0 1 58 -68 556 
-4246 166 -1357 -1423 -502 1966 0 0 0 0 1 67 -69 555 
-4148 109 -1405 -1666 -433 2247 0 0 0 0 1 61 -68 551 
-4170 33 -1449 -2040 -522 2647 0 0 0 0 1 56 -78 556 
-4268 -35 -1447 -2422 -716 2939 0 0 0 0 1 60 -84 548 
-4579 -146 -1283 -2783 -949 3116 0 0 0 0 1 53 -82 555 
-4845 -241 -1262 -3035 -1308 3230 0 0 0 0 1 71 -111 555 
-10611 -5219 -4065 -315 1823 7576 0 0 0 0 1 80 -103 558 
-11419 -6609 -4212 -1778 1631 9793 0 0 0 0 1 108 -78 544 
-12710 -8098 -3112 -3649 1991 11328 0 0 0 0 1 133 -62 541 
-13875 -9002 -2654 -6781 2791 13603 0 0 0 0 1 151 -51 526 
-14876 -9530 -2541 -8880 3226 15538 0 0 0 0 1 159 -28 524 
-16107 -10364 -1913 -9442 2579 17324 0 0 0 0 1 176 -19 509 
-17466 -10789 -781 -9175 1938 18218 0 0 0 0 1 172 7 502 
-17933 -10681 -182 -8211 1219 19118 0 0 0 0 1 160 71 498 
-17654 -10773 1054 -7042 1462 19284 0 0 0 0 1 149 104 501 
-16749 -10508 1926 -6284 1271 18811 0 0 0 0 1 125 127 512 
-15410 -10953 2049 -4676 186 17575 0 0 0 0 1 103 166 512 
-13216 -11888 869 -1996 196 15614 0 0 0 0 1 69 182 524 
-10038 -13232 60 -221 1710 14128 0 0 0 0 1 23 181 528 
-7561 -13528 1058 895 4453 11751 0 0 0 0 1 0 210 519 
-4808 -12622 2904 487 3908 8983 0 0 0 0 1 -28 220 512 
-2927 -11180 3520 -109 1594 5950 0 0 0 0 1 -27 219 515 
-2209 -10612 3291 -367 835 4109 0 0 0 0 1 -44 218 509 
-1657 -10015 2911 -454 691 2057 0 0 0 0 1 -37 215 523 
-922 -8931 2502 -251 481 994 0 0 0 0 1 -44 208 519 
12 -7394 2546 60 307 597 0 0 0 0 1 -50 217 524 
30 -6647 2669 229 295 311 0 0 0 0 1 -51 210 512 
-134 -5946 2665 447 -9 -439 0 0 0 0 1 -49 215 509 
-462 -4755 2743 510 -392 -1513 0 0 0 0 1 -50 222 531 
-554 -4212 2833 349 -560 -2602 0 0 0 0 1 -48 219 506 
-547 -3632 2755 85 -631 -3472 0 0 0 0 1 -35 225 509 
-486 -3114 2622 -167 -664 -4166 0 0 0 0 1 -21 215 523 
-563 -2512 2164 -252 -815 -4751 0 0 0 0 1 -11 206 519 
-635 -2281 2000 -231 -921 -5115 0 0 0 0 1 4 215 526 
-802 -2104 1823 -99 -1050 -5673 0 0 0 0 1 20 197 527 
-1202 -1851 1579 49 -1056 -6101 0 0 0 0 1 21 208 526 
-1657 -1692 1257 372 -855 -6809 0 0 0 0 1 30 188 519 
-5730 -1294 -1002 4543 -537 -7997 0 0 0 0 1 188 68 500 
-6022 -1069 -1119 4892 -979 -8429 0 0 0 0 1 179 63 502 
-5951 -1025 -1448 5187 -1471 -8690 0 0 0 0 1 180 23 494 
-5697 -1041 -2144 5443 -1689 -8647 0 0 0 0 1 180 11 492 
-5552 -1158 -2664 5863 -1539 -8252 0 0 0 0 1 179 19 500 
-5406 -1249 -2723 6112 -673 -7619 0 0 0 0 1 179 -7 500 
-5530 -1437 -2521 6075 -77 -7263 0 0 0 0 1 175 8 499 
-5519 -1351 -2406 5718 231 -6951 0 0 0 0 1 172 -14 500 
-5599 -1242 -2380 5139 180 -7008 0 0 0 0 1 169 -36 502 
-5640 -1050 -2308 4745 97 -7169 0 0 0 0 1 159 -33 511 
-5564 -940 -1960 4143 -262 -7340 0 0 0 0 1 158 -34 498 
-5501 -897 -1686 3453 -968 -7192 0 0 0 0 1 154 -40 504 
-4995 -940 -1358 2821 -1328 -6614 0 0 0 0 1 142 -62 522 
-4716 -957 -1305 2555 -1248 -6172 0 0 0 0 1 136 -71 516 
-4705 -1018 -1418 2479 -842 -5725 0 0 0 0 1 120 -71 512 
-4879 -1068 -1511 2712 -390 -5724 0 0 0 0 1 116 -96 522 
-5235 -1008 -1504 3048 -146 -6074 0 0 0 0 1 102 -77 529 
-5412 -964 -1306 3205 -68 -6349 0 0 0 0 1 108 -85 526 
-5565 -894 -1171 3260 100 -6633 0 0 0 0 1 95 -84 538 
-5303 -929 -1077 3216 228 -6355 0 0 0 0 1 93 -74 536 
-4980 -1130 -1072 3166 433 -5889 0 0 0 0 1 88 -84 531 
-4671 -1231 -883 3029 869 -4964 0 0 0 0 1 92 -88 547 
-4607 -1284 -831 2780 663 -4004 0 0 0 0 1 84 -95 519 
-4667 -1209 -796 2550 225 -3505 0 0 0 0 1 95 -84 536 
-4817 -1126 -688 2077 -394 -3053 0 0 0 0 1 81 -82 529 
-4928 -1011 -724 1599 -684 -2878 0 0 0 0 1 80 -73 542 
-4911 -888 -737 1189 -646 -2694 0 0 0 0 1 79 -67 522 
-4598 -838 -798 965 -620 -2443 0 0 0 0 1 82 -80 533 
-4423 -770 -835 683 -616 -1895 0 0 0 0 1 73 -76 530 
-4301 -571 -878 484 -619 -1285 0 0 0 0 1 77 -78 521 
-4363 -371 -1006 411 -622 -916 0 0 0 0 1 69 -77 534 
-4394 -264 -983 306 -714 -438 0 0 0 0 1 67 -84 531 
-4448 -96 -964 122 -1070 1 0 0 0 0 1 73 -73 544 
-4584 -14 -993 -62 -1297 260 0 0 0 0 1 60 -77 541 
-4735 -32 -1109 -382 -1263 600 0 0 0 0 1 66 -85 530 
-4769 -108 -1180 -712 -750 934 0 0 0 0 1 56 -80 547 
-4824 -260 -1271 -1047 -280 1273 0 0 0 0 1 48 -77 543 
-4731 -297 -1220 -1308 -265 1550 0 0 0 0 1 55 -77 548 
-4617 -310 -1145 -1768 -708 2096 0 0 0 0 1 49 -93 556 
-4429 -380 -1066 -2230 -1345 2781 0 0 0 0 1 38 -89 550 
-4325 -462 -1046 -2503 -1711 3246 0 0 0 0 1 38 -94 550 
-4439 -451 -1115 -2814 -2105 3792 0 0 0 0 1 37 -107 554 
-4561 -545 -1221 -2907 -2253 4100 0 0 0 0 1 24 -104 541 
-4799 -692 -1459 -2812 -2152 4176 0 0 0 0 1 28 -112 542 
-5017 -775 -1714 -2687 -1942 4144 0 0 0 0 1 33 -112 561 
-5127 -819 -1827 -2504 -1526 4074 0 0 0 0 1 27 -118 550 
-5186 -870 -1903 -2357 -1210 4095 0 0 0 0 1 15 -138 543 
-5476 -1013 -2157 -2212 -1156 4148 0 0 0 0 1 21 -142 556 
-6156 -1383 -2274 -1917 -1127 4228 0 0 0 0 1 38 -145 548 
-6777 -1731 -2451 -1516 -1472 4361 0 0 0 0 1 37 -137 537 
-7721 -2239 -2730 -1237 -1711 4567 0 0 0 0 1 37 -154 551 
-8291 -2690 -2872 -900 -1126 5176 0 0 0 0 1 54 -152 551 
-9428 -3740 -3311 -662 517 6157 0 0 0 0 1 54 -134 558 
-10841 -5456 -3863 -737 2417 7444 0 0 0 0 1 62 -136 548 
-12388 -7050 -3969 -1196 3425 8424 0 0 0 0 1 94 -122 542 
-12855 -7850 -3515 -2893 4268 10445 0 0 0 0 1 119 -116 534 
-13205 -8851 -2629 -5295 4479 12982 0 0 0 0 1 143 -93 533 
-14012 -9682 -2227 -6804 4774 14666 0 0 0 0 1 189 -57 490 
-15113 -10167 -2086 -8512 4961 16631 0 0 0 0 1 195 -29 472 
-17107 -10856 -2174 -9258 4136 17829 0 0 0 0 1 204 15 445 
-18000 -11070 -2008 -9493 3981 18297 0 0 0 0 1 207 61 442 
-18378 -10811 -1586 -9644 4563 18214 0 0 0 0 1 202 100 437 
-17785 -10817 -1130 -9575 3933 17734 0 0 0 0 1 180 133 436 
-15899 -11326 -432 -9127 2704 17563 0 0 0 0 1 126 204 464 
-14489 -11764 -622 -7372 625 17147 0 0 0 0 1 81 209 471 
-11959 -12393 -1610 -4907 589 15978 0 0 0 0 1 49 228 481 
-7763 -13113 -33 -3424 2270 13698 0 0 0 0 1 15 234 497 
-5959 -12926 1032 -3019 2510 11676 0 0 0 0 1 -25 220 498 
-4516 -12357 1394 -2376 1831 8262 0 0 0 0 1 -61 218 521 
-3180 -11476 1433 1001 -447 -4125 0 0 0 0 1 -29 207 529 
-1652 -2839 2202 1175 -296 -5075 0 0 0 0 1 -23 208 514 
-1785 -2411 2011 1341 -273 -5804 0 0 0 0 1 -16 215 505 
-1935 -2082 1883 1588 -503 -6847 0 0 0 0 1 7 208 514 
-1857 -1827 1668 1730 -871 -7315 0 0 0 0 1 33 215 505 
-1877 -1646 1476 1863 -1572 -7759 0 0 0 0 1 51 206 502 
-1995 -1498 1311 1922 -2291 -8078 0 0 0 0 1 58 196 505 
-2140 -1503 903 1966 -2583 -8223 0 0 0 0 1 77 198 507 
-2376 -1489 832 1966 -2246 -8404 0 0 0 0 1 87 188 502 
-2714 -1625 630 1981 -1558 -8516 0 0 0 0 1 92 176 495 
-3281 -1575 371 2055 -1120 -8647 0 0 0 0 1 112 163 501 
-3599 -1617 199 2250 -638 -8764 0 0 0 0 1 139 142 500 
-3689 -1655 59 2555 -803 -8627 0 0 0 0 1 161 118 501 
-4057 -1724 -369 2823 -1236 -8517 0 0 0 0 1 158 107 486 
-4584 -1742 -779 3266 -1601 -8511 0 0 0 0 1 171 94 494 
-4687 -1797 -1016 3731 -1084 -8487 0 0 0 0 1 188 73 486 
-4899 -2042 -1195 4046 -369 -8409 0 0 0 0 1 187 40 485 
-5102 -2199 -1228 4460 625 -8229 0 0 0 0 1 189 30 490 
-5347 -2228 -1327 4754 727 -8110 0 0 0 0 1 198 4 481 
-5422 -2070 -1494 4845 318 -8007 0 0 0 0 1 194 -13 485 
-5000 -2152 -1669 4835 -565 -7543 0 0 0 0 1 187 -18 476 
-4816 -2172 -1763 4628 -1133 -6814 0 0 0 0 1 193 -24 481 
-4470 -2332 -1733 4276 -935 -5976 0 0 0 0 1 178 -47 492 
-4502 -2547 -1754 4099 -537 -5575 0 0 0 0 1 167 -56 484 
-5047 -2416 -2314 4096 -175 -5448 0 0 0 0 1 168 -55 499 
-5405 -2222 -2761 4395 -192 -5713 0 0 0 0 1 167 -66 500 
-6108 -2021 -3031 4597 -153 -6008 0 0 0 0 1 153 -68 505 
-6505 -1714 -2859 4702 -45 -6460 0 0 0 0 1 148 -93 502 
-6744 -1516 -2581 4476 -62 -6806 0 0 0 0 1 132 -85 505 
-6920 -1160 -2038 3872 -206 -6845 0 0 0 0 1 130 -82 513 
-6638 -1102 -1512 3319 -463 -6624 0 0 0 0 1 120 -90 523 
-6699 -939 -1489 2541 -1132 -6146 0 0 0 0 1 113 -80 521 
-6820 -684 -1754 2137 -1765 -5568 0 0 0 0 1 106 -90 528 
-6668 -386 -2080 2113 -1715 -5091 0 0 0 0 1 94 -100 535 
-6666 -191 -2113 2329 -859 -4439 0 0 0 0 1 73 -53 542 
-4432 1414 -766 2362 742 -1080 0 0 0 0 1 80 -61 549 
-4252 1413 -518 2057 455 -949 0 0 0 0 1 79 -47 531 
-4139 1381 -443 1422 -62 -709 0 0 0 0 1 82 -41 537 
-4063 1328 -537 786 -432 -449 0 0 0 0 1 80 -31 542 
-3971 1184 -712 444 -506 -265 0 0 0 0 1 84 -36 535 
-3886 1000 -872 100 -378 12 0 0 0 0 1 77 -41 558 
-3815 811 -933 -125 -70 264 0 0 0 0 1 71 -38 550 
-3754 721 -943 -234 193 400 0 0 0 0 1 68 -24 549 
-3664 18 -1646 -2522 -2124 3888 0 0 0 0 1 69 -138 543 
-8267 -2230 -3188 -2672 -1633 4661 0 0 0 0 1 77 -149 556 
-8854 -2841 -2986 -3103 186 5519 0 0 0 0 1 77 -144 533 
-9775 -4116 -2709 -3733 2016 6307 0 0 0 0 1 101 -152 533 
-10280 -5428 -2481 -4180 2654 6790 0 0 0 0 1 109 -153 524 
-10317 -6292 -2239 -4815 2855 7598 0 0 0 0 1 127 -144 507 
-10041 -7817 -1627 -5324 2846 8612 0 0 0 0 1 171 -116 478 
-9958 -8549 -1496 -5501 2667 9391 0 0 0 0 1 193 -120 463 
-9675 -9195 -1306 -5555 2009 10727 0 0 0 0 1 201 -91 452 
-9537 -9377 -1072 -5554 1366 12079 0 0 0 0 1 214 -68 435 
-9357 -9571 -317 -5884 1553 13167 0 0 0 0 1 224 -39 430 
-9214 -9616 600 -6298 2066 13606 0 0 0 0 1 222 25 417 
-8737 -9723 873 -6707 1821 13999 0 0 0 0 1 213 69 420 
-7590 -9584 836 -6522 468 14080 0 0 0 0 1 206 116 417 
-6772 -9260 688 -5195 -3006 13786 0 0 0 0 1 188 134 442 
-6179 -9095 -16 -2907 -4929 12674 0 0 0 0 1 152 168 450 
-4476 -9672 687 -1231 -2568 11363 0 0 0 0 1 123 199 462 
-2666 -9637 1725 -788 198 10436 0 0 0 0 1 64 217 476 
-1881 -9426 2008 -752 3120 8666 0 0 0 0 1 38 231 471 
-1507 -8624 2237 -905 3748 7148 0 0 0 0 1 37 242 477 
-695 -8055 3064 -1297 3094 4841 0 0 0 0 1 27 241 483 
-208 -7621 2889 -1344 960 3003 0 0 0 0 1 21 235 486 
433 -6909 2838 -1254 261 2133 0 0 0 0 1 18 228 484 
772 -6402 2700 -996 336 1201 0 0 0 0 1 16 233 486 
878 -5544 2402 -746 522 621 0 0 0 0 1 2 237 491 
668 -4817 2468 -379 665 -400 0 0 0 0 1 4 233 491 
434 -4380 2564 -140 678 -1609 0 0 0 0 1 20 234 487 
159 -3760 2575 -28 632 -2789 0 0 0 0 1 29 231 492 
87 -3166 2678 -25 595 -3457 0 0 0 0 1 36 226 494 
38 -2822 2613 25 425 -4277 0 0 0 0 1 50 219 497 
-168 -2399 2339 156 288 -4734 0 0 0 0 1 61 210 491 
-377 -2122 1941 527 122 -5288 0 0 0 0 1 70 210 484 
-623 -1904 1751 1011 -22 -5762 0 0 0 0 1 92 193 491 
-1058 -1745 1369 1360 -195 -6053 0 0 0 0 1 99 196 486 
-1333 -1667 1220 1778 -360 -6431 0 0 0 0 1 106 183 472 
-1929 -1612 1201 1998 -208 -6789 0 0 0 0 1 128 170 480 
-2277 -1595 1082 2090 -57 -7042 0 0 0 0 1 134 164 472 
-2644 -1584 951 2199 183 -7507 0 0 0 0 1 173 133 462 
-3191 -1560 718 2247 258 -7854 0 0 0 0 1 188 112 465 
-3466 -1530 456 2340 -43 -8273 0 0 0 0 1 195 103 463 
-3439 -1513 76 2516 -794 -8267 0 0 0 0 1 199 69 455 
-3397 -1707 -427 2736 -1317 -8010 0 0 0 0 1 198 56 458 
-3590 -1936 -972 3233 -1451 -7535 0 0 0 0 1 207 31 458 
-3972 -2037 -1235 3866 -498 -7344 0 0 0 0 1 211 1 466 
-4423 -2109 -1495 4305 478 -7423 0 0 0 0 1 197 -13 476 
-4675 -2142 -1533 4919 1632 -7829 0 0 0 0 1 201 -30 455 
-5645 -1967 -1687 5475 1806 -8554 0 0 0 0 1 214 -41 456 
-5736 -2071 -1682 5793 1580 -8967 0 0 0 0 1 205 -61 456 
-5754 -2066 -1622 6172 748 -9186 0 0 0 0 1 201 -84 452 
-5241 -2277 -1882 6358 -79 -8942 0 0 0 0 1 199 -91 459 
-5272 -2309 -2034 6565 -860 -8330 0 0 0 0 1 169 -110 486 
-5418 -2317 -2385 6837 -599 -7523 0 0 0 0 1 160 -112 481 
-5468 -2450 -2461 7181 807 -6728 0 0 0 0 1 148 -120 495 
-5581 -2402 -2486 7458 1810 -6368 0 0 0 0 1 142 -123 506 
-5648 -2410 -2436 7770 2329 -6117 0 0 0 0 1 129 -130 507 
-5462 -2259 -1992 7645 1415 -6073 0 0 0 0 1 126 -99 506 
-5222 -2287 -1825 7207 292 -6028 0 0 0 0 1 117 -98 516 
-4805 -2258 -1789 6187 -1107 -5834 0 0 0 0 1 114 -91 511 
-4660 -2227 -1948 5144 -1148 -5455 0 0 0 0 1 99 -98 533 
-4457 -2146 -2259 4612 -426 -5068 0 0 0 0 1 106 -98 535 
-4325 -2042 -2451 4137 829 -4402 0 0 0 0 1 94 -71 530 
-4384 -2014 -2045 3688 564 -3809 0 0 0 0 1 92 -73 540 
-4278 -1907 -1670 3265 -605 -3457 0 0 0 0 1 93 -67 541 
-4261 -1749 -1497 2444 -2195 -3024 0 0 0 0 1 79 -65 545 
-4344 -1542 -1582 1685 -2305 -2671 0 0 0 0 1 90 -72 545 
-4563 -1411 -1776 1220 -987 -2409 0 0 0 0 1 74 -55 555 
-4500 -1457 -1716 1043 63 -2229 0 0 0 0 1 74 -57 557 
-4401 -1419 -1726 962 676 -1867 0 0 0 0 1 68 -63 547 
-4250 -1266 -1518 904 217 -1500 0 0 0 0 1 70 -63 535 
-4148 -1181 -1341 688 -1224 -775 0 0 0 0 1 68 -58 551 
-4191 -875 -1308 389 -2108 -109 0 0 0 0 1 66 -49 547 
-4432 -711 -1427 209 -1882 190 0 0 0 0 1 60 -52 564 
-4466 -651 -1467 -21 -770 441 0 0 0 0 1 50 -50 555 
-4453 -602 -1559 -161 78 488 0 0 0 0 1 56 -49 542 
-4496 -583 -1600 -294 233 397 0 0 0 0 1 53 -47 552 
-4397 -556 -1621 -428 46 379 0 0 0 0 1 61 -53 558 
-4308 -473 -1583 -783 -347 538 0 0 0 0 1 58 -44 577 
-4160 -392 -1371 -1322 -615 963 0 0 0 0 1 61 -58 556 
-4129 -409 -1286 -1736 -683 1335 0 0 0 0 1 53 -74 555 
-4162 -489 -1276 -2318 -768 1868 0 0 0 0 1 44 -71 561 
-4271 -647 -1420 -2740 -1086 2282 0 0 0 0 1 47 -76 561 
-4378 -773 -1640 -2939 -1334 2480 0 0 0 0 1 41 -82 569 
-4514 -825 -1785 -3152 -1559 2672 0 0 0 0 1 40 -85 563 
-4615 -833 -1699 -3408 -1621 2808 0 0 0 0 1 36 -109 564 
-4636 -978 -1654 -3632 -1601 3003 0 0 0 0 1 25 -107 551 
-4716 -1164 -1858 -3696 -1653 3159 0 0 0 0 1 24 -118 562 
-12172 -4734 -2245 -2947 937 11473 0 0 0 0 1 90 -177 515 
-13028 -5399 -2160 -2553 3284 13647 0 0 0 0 1 121 -158 499 
-14459 -6613 -1580 -2936 4771 15474 0 0 0 0 1 159 -118 492 
-15992 -7340 -872 -3581 4823 16292 0 0 0 0 1 201 -50 452 
-16631 -7579 -682 -4674 4219 17177 0 0 0 0 1 218 -6 438 
-17161 -7715 -704 -5664 4031 17436 0 0 0 0 1 220 50 417 
-17249 -7764 -1168 -6069 3285 17254 0 0 0 0 1 213 101 417 
-16648 -7998 -1262 -6135 2101 16836 0 0 0 0 1 187 150 429 
-16029 -8080 -1471 -5282 1175 16689 0 0 0 0 1 119 212 438 
-14628 -8945 -1403 -4304 1119 16587 0 0 0 0 1 82 233 451 
-12860 -10194 -1816 -2616 1793 15862 0 0 0 0 1 42 255 444 
-10762 -11469 -1560 -1710 3621 14373 0 0 0 0 1 11 262 449 
-7820 -12426 -70 -2133 4719 11547 0 0 0 0 1 -30 279 460 
-5235 -11916 1308 -2650 4079 9128 0 0 0 0 1 -43 273 464 
-3899 -11771 1370 -2936 2635 5528 0 0 0 0 1 -82 255 486 
-1683 -11259 1550 -2708 2516 2867 0 0 0 0 1 -84 240 484 
-1051 -10499 1714 -2350 2368 1733 0 0 0 0 1 -79 236 494 
-595 -9644 2027 -1673 1813 616 0 0 0 0 1 -75 235 507 
-441 -8156 2446 -1259 1568 -46 0 0 0 0 1 -69 231 518 
-554 -6905 3029 -854 1331 -1152 0 0 0 0 1 -75 225 505 
-826 -5745 3427 -686 897 -2410 0 0 0 0 1 -57 219 518 
-1067 -5012 3394 -551 554 -3741 0 0 0 0 1 -43 222 515 
-1391 -4054 3123 -398 652 -4616 0 0 0 0 1 -35 215 516 
-1658 -3496 2950 -51 1019 -5934 0 0 0 0 1 -14 213 521 
-2078 -2692 2888 339 1021 -7029 0 0 0 0 1 2 213 521 
-1915 -2120 2881 592 631 -7353 0 0 0 0 1 24 212 515 
-1558 -1932 2770 969 -330 -7082 0 0 0 0 1 46 197 524 
-1320 -1782 2393 1254 -704 -6698 0 0 0 0 1 74 182 513 
-1520 -1543 1492 1893 -508 -6371 0 0 0 0 1 74 185 513 
-1779 -1418 602 2909 263 -6612 0 0 0 0 1 92 181 502 
-2214 -1358 -308 3585 930 -7062 0 0 0 0 1 104 180 499 
-2493 -1350 -213 3965 1441 -7949 0 0 0 0 1 119 185 480 
-2880 -1546 523 3603 960 -8604 0 0 0 0 1 130 158 469 
-3577 -1386 694 2445 -780 -9799 0 0 0 0 1 178 118 466 
-3556 -1265 361 1276 -2050 -10500 0 0 0 0 1 201 89 469 
-3049 -1392 -540 868 -2113 -10330 0 0 0 0 1 197 60 469 
-3071 -1533 -1146 973 -1126 -9473 0 0 0 0 1 191 51 481 
-3669 -1807 -1383 1585 262 -8497 0 0 0 0 1 208 18 471 
-4413 -2015 -1219 2011 798 -8020 0 0 0 0 1 204 8 473 
-4880 -1996 -797 2361 878 -7748 0 0 0 0 1 206 -45 466 
-5216 -1898 -782 2468 652 -8014 0 0 0 0 1 206 -57 466 
-5557 -1797 -931 2672 1287 -8530 0 0 0 0 1 186 -78 465 
-5361 -1692 -1200 2974 2130 -8787 0 0 0 0 1 194 -99 464 
-5138 -1633 -1280 3628 2994 -8830 0 0 0 0 1 189 -121 464 
-4502 -1750 -1124 4218 2759 -8329 0 0 0 0 1 167 -134 456 
-3800 -1952 -1044 4479 2180 -7762 0 0 0 0 1 143 -161 460 
-3506 -2185 -941 4640 1360 -6934 0 0 0 0 1 145 -172 466 
-3934 -2614 -1191 4756 933 -6681 0 0 0 0 1 128 -180 459 
-4588 -2918 -1431 4868 1203 -6846 0 0 0 0 1 122 -181 479 
-4801 -3064 -1492 5100 2185 -7280 0 0 0 0 1 110 -193 481 
-5353 -3129 -1562 5390 3200 -7756 0 0 0 0 1 96 -188 484 
-5415 -3087 -1451 5543 3634 -7934 0 0 0 0 1 82 -186 498 
-5255 -2994 -1396 5651 3579 -7754 0 0 0 0 1 67 -190 499 
-4811 -2928 -1280 5556 3056 -7027 0 0 0 0 1 66 -191 514 
-4616 -2924 -1280 5400 2815 -6363 0 0 0 0 1 63 -176 521 
-4553 -2911 -1353 5161 2714 -5400 0 0 0 0 1 47 -171 526 
-4708 -2949 -1539 4966 2295 -4727 0 0 0 0 1 55 -150 518 
-4943 -2802 -1670 4804 1806 -4471 0 0 0 0 1 47 -147 530 
-5152 -2683 -1694 4454 1169 -4266 0 0 0 0 1 48 -145 543 
-5184 -2490 -1665 3939 771 -4009 0 0 0 0 1 38 -128 548 
-5158 -2148 -1639 3538 753 -3717 0 0 0 0 1 43 -116 541 
-5089 -1973 -1589 2917 1031 -3107 0 0 0 0 1 42 -125 540 
-4844 -1649 -1531 2380 1149 -2348 0 0 0 0 1 53 -111 552 
-4634 -1427 -1537 2101 845 -1851 0 0 0 0 1 53 -96 536 
-4573 -1058 -1511 1724 -207 -1236 0 0 0 0 1 48 -99 548 
-4600 -865 -1507 1335 -1310 -777 0 0 0 0 1 43 -96 543 
-4737 -609 -1582 1066 -1688 -542 0 0 0 0 1 37 -83 551 
-4804 -489 -1661 665 -1450 -215 0 0 0 0 1 37 -90 556 
-4754 -457 -1644 283 -659 118 0 0 0 0 1 30 -88 549 
-4642 -413 -1587 39 -322 336 0 0 0 0 1 30 -85 561 
-4536 -529 -1456 -300 -331 668 0 0 0 0 1 34 -89 557 
-4497 -598 -1457 -584 -744 1052 0 0 0 0 1 27 -87 562 
-4414 -642 -1462 -743 -996 1346 0 0 0 0 1 22 -79 569 
-4391 -684 -1449 -947 -1087 1799 0 0 0 0 1 20 -91 555 
-4368 -762 -1441 -1096 -918 2231 0 0 0 0 1 20 -91 564 
-4366 -963 -1417 -1230 -680 2581 0 0 0 0 1 20 -104 557 
-4388 -1135 -1324 -1342 -600 2758 0 0 0 0 1 15 -99 555 
-4407 -1201 -1258 -1556 -723 2987 0 0 0 0 1 10 -106 552 
-4361 -1286 -1134 -1819 -965 3248 0 0 0 0 1 24 -116 559 
-4375 -1361 -1122 -1980 -1090 3425 0 0 0 0 1 14 -103 556 
-4444 -1437 -1188 -2153 -1168 3681 0 0 0 0 1 14 -107 565 
-4595 -1593 -1402 -2211 -1055 3900 0 0 0 0 1 8 -123 555 
-4846 -1781 -1562 -2231 -872 4003 0 0 0 0 1 11 -115 575 
-4959 -1865 -1629 -2289 -689 4146 0 0 0 0 1 24 -128 557 
-5181 -1938 -1703 -2414 -918 4338 0 0 0 0 1 25 -147 558 
-5553 -2187 -1753 -2571 -1190 4539 0 0 0 0 1 29 -131 557 
-6158 -2401 -1844 -2995 -1150 4900 0 0 0 0 1 24 -148 552 
-6748 -2673 -2057 -3509 -420 5261 0 0 0 0 1 31 -160 548 
-7546 -3428 -2515 -3949 385 5768 0 0 0 0 1 53 -148 543 
-8033 -3941 -3126 -4124 485 6323 0 0 0 0 1 66 -164 533 
-8689 -4773 -3314 -4290 -348 7594 0 0 0 0 1 81 -168 527 
-9317 -5268 -3271 -4710 -1018 9635 0 0 0 0 1 102 -168 518 
-10342 -5810 -3289 -5272 -285 11430 0 0 0 0 1 126 -155 511 
-11406 -6248 -3545 -6363 2150 13886 0 0 0 0 1 145 -141 494 
-13286 -7199 -4201 -7240 4030 15169 0 0 0 0 1 173 -118 476 
-14333 -7919 -4274 -7668 4036 15745 0 0 0 0 1 193 -78 465 
-14862 -7972 -3994 -8039 2299 16995 0 0 0 0 1 226 -9 428 
-15427 -7858 -3803 -8145 1775 18151 0 0 0 0 1 217 34 428 
-16621 -7666 -3177 -8324 1864 18248 0 0 0 0 1 200 98 423 
-16485 -8053 -2074 -8474 836 17642 0 0 0 0 1 189 118 443 
-15668 -8439 -1533 -7857 -922 16521 0 0 0 0 1 159 160 443 
-13593 -9604 -1677 -5918 -1861 15160 0 0 0 0 1 119 185 464 
-10715 -11435 -2219 -4179 -1217 14183 0 0 0 0 1 44 203 495 
-8471 -12144 -1307 -2350 1465 12364 0 0 0 0 1 22 224 499 
-5704 -12780 526 -1605 2550 9753 0 0 0 0 1 -5 239 511 
-3806 -12542 1283 -1255 1889 7660 0 0 0 0 1 -21 228 507 
-2750 -12038 1457 -832 1086 4506 0 0 0 0 1 -30 228 502 
-1734 -11113 1886 -732 1064 1740 0 0 0 0 1 -36 222 504 
-878 -9170 1964 -709 718 -328 0 0 0 0 1 -22 224 518 
-528 -8221 1948 -641 351 -1327 0 0 0 0 1 -37 218 523 
-561 -7163 1826 -401 -61 -2604 0 0 0 0 1 -23 215 507 
-706 -5803 1530 -9 -349 -3573 0 0 0 0 1 -14 206 516 
-839 -4652 1572 271 -370 -4273 0 0 0 0 1 2 201 516 
-1148 -3425 1763 346 -599 -4956 0 0 0 0 1 12 212 520 
-1311 -2693 1773 298 -775 -5518 0 0 0 0 1 37 196 514 
-1617 -2047 1472 317 -721 -5995 0 0 0 0 1 44 196 514 
-1795 -1730 1191 490 -283 -6736 0 0 0 0 1 51 191 514 
-1922 -1384 1010 791 156 -7248 0 0 0 0 1 75 188 521 
-1856 -1106 877 1049 117 -7372 0 0 0 0 1 87 169 514 
-1855 -919 740 1493 -319 -7231 0 0 0 0 1 103 159 507 
-1646 -809 628 1809 -572 -6909 0 0 0 0 1 114 155 513 
-1885 -895 323 2370 -565 -6372 0 0 0 0 1 126 133 501 
-2295 -770 69 3003 -12 -6167 0 0 0 0 1 143 122 505 
-2830 -769 -187 3598 805 -6337 0 0 0 0 1 154 118 494 
-3473 -750 -389 3911 1164 -6591 0 0 0 0 1 163 109 478 
-3564 -732 -473 4192 1300 -6927 0 0 0 0 1 179 88 474 
-3589 -647 -688 4268 1095 -7097 0 0 0 0 1 184 83 474 
-3668 -536 -857 4313 457 -7165 0 0 0 0 1 211 65 455 
-3538 -695 -1105 4353 -130 -6873 0 0 0 0 1 199 42 450 
-3679 -1034 -1484 4513 -497 -6405 0 0 0 0 1 206 40 445 
-3762 -1202 -1716 4675 -501 -6107 0 0 0 0 1 209 31 451 
-3989 -1422 -1976 4910 104 -5898 0 0 0 0 1 191 9 447 
-4178 -1525 -2078 5104 829 -6114 0 0 0 0 1 213 -8 452 
-4911 -1380 -2319 5222 815 -6538 0 0 0 0 1 209 -34 447 
-5194 -1350 -2475 5359 229 -7274 0 0 0 0 1 205 -34 435 
-5155 -1273 -2406 5330 -658 -7624 0 0 0 0 1 198 -53 447 
-5036 -1310 -2439 5208 -1199 -7514 0 0 0 0 1 207 -63 456 
-4830 -1346 -2348 4923 -1425 -6945 0 0 0 0 1 185 -67 464 
-4824 -1260 -2372 4688 -1049 -6332 0 0 0 0 1 180 -94 480 
-4966 -1008 -2512 4626 -685 -6094 0 0 0 0 1 146 -95 488 
-5504 -870 -2735 4746 -219 -6174 0 0 0 0 1 161 -101 483 
-5782 -631 -2852 5120 316 -6638 0 0 0 0 1 141 -98 502 
-5760 -554 -2566 5375 559 -6906 0 0 0 0 1 136 -110 500 
-5933 -407 -2138 5438 88 -7094 0 0 0 0 1 141 -107 507 
-5787 -362 -1808 4918 -707 -6814 0 0 0 0 1 114 -114 518 
-5195 -495 -1285 4041 -1030 -5917 0 0 0 0 1 110 -110 514 
-4757 -694 -1210 3515 -802 -5150 0 0 0 0 1 93 -99 518 
-4657 -749 -1324 3084 105 -4203 0 0 0 0 1 100 -104 527 
-4994 -754 -1507 3013 665 -3755 0 0 0 0 1 92 -112 526 
-5241 -600 -1329 2952 495 -3662 0 0 0 0 1 84 -98 530 
-5437 -522 -1112 2631 -249 -3711 0 0 0 0 1 82 -95 533 
-5271 -395 -931 2135 -720 -3675 0 0 0 0 1 76 -91 534 
-5037 -363 -1034 1739 -465 -3474 0 0 0 0 1 80 -105 542 
-4910 -384 -1097 1578 31 -3260 0 0 0 0 1 77 -93 542 
-4755 -377 -1040 1453 891 -2874 0 0 0 0 1 79 -87 538 
-4484 -359 -936 1373 1057 -2367 0 0 0 0 1 74 -91 548 
-4184 -316 -803 1289 624 -1959 0 0 0 0 1 80 -90 540 
-4088 -247 -758 1052 -398 -1315 0 0 0 0 1 75 -85 542 
-4117 -243 -804 740 -1066 -757 0 0 0 0 1 74 -79 538 
-4212 -230 -990 548 -1049 -471 0 0 0 0 1 62 -74 538 
-4323 -269 -1212 356 -439 -200 0 0 0 0 1 64 -89 550 
-4352 -272 -1235 179 410 -47 0 0 0 0 1 64 -84 536 
-4277 -249 -1138 -95 862 105 0 0 0 0 1 62 -79 548 
-4155 -241 -1033 -345 779 239 0 0 0 0 1 64 -82 541 
-4031 -219 -1012 -787 258 504 0 0 0 0 1 71 -84 541 
-3866 -167 -1096 -1214 -373 834 0 0 0 0 1 68 -93 540 
-3767 -172 -1278 -1446 -752 1084 0 0 0 0 1 63 -93 544 
-3778 -192 -1360 -1759 -1136 1461 0 0 0 0 1 58 -105 544 
-3818 -202 -1374 -2060 -1343 1771 0 0 0 0 1 71 -106 550 
-3905 -234 -1477 -2240 -1418 1923 0 0 0 0 1 60 -99 550 
-3929 -237 -1593 -2444 -1442 2087 0 0 0 0 1 53 -118 548 
-3943 -259 -1780 -2580 -1417 2202 0 0 0 0 1 55 -123 550 
-4108 -333 -1705 -2857 -1661 2331 0 0 0 0 1 40 -117 535 
-4235 -514 -1513 -3064 -2052 2442 0 0 0 0 1 50 -136 550 
-4348 -527 -1495 -3340 -2808 2668 0 0 0 0 1 30 -147 549 
-4597 -668 -1575 -3446 -3221 2979 0 0 0 0 1 42 -157 542 
-5247 -919 -1650 -3372 -3169 3124 0 0 0 0 1 40 -171 537 
-6559 -1320 -1702 -3033 -2958 3085 0 0 0 0 1 22 -160 545 
-7154 -1695 -1784 -2486 -2862 3156 0 0 0 0 1 35 -181 533 
-7351 -2263 -2367 -2007 -3129 3670 0 0 0 0 1 33 -188 537 
-7480 -2607 -2647 -1406 -3529 5239 0 0 0 0 1 29 -182 541 
-8547 -3059 -2517 -1207 -2356 7132 0 0 0 0 1 31 -177 538 
-10060 -4348 -2530 -1163 489 8828 0 0 0 0 1 42 -191 530 
-11588 -6022 -2953 -1165 2274 9922 0 0 0 0 1 67 -175 536 
-12024 -6942 -3161 -1551 2464 12349 0 0 0 0 1 100 -165 527 
-13187 -7409 -2836 -2830 1590 15189 0 0 0 0 1 143 -117 514 
-14825 -8137 -2861 -4015 2674 16695 0 0 0 0 1 169 -73 498 
-16274 -8735 -3357 -5642 5795 17519 0 0 0 0 1 199 -45 478 
-18148 -9824 -2989 -6680 6404 17640 0 0 0 0 1 209 0 463 
-18143 -10187 -2147 -7227 5618 17966 0 0 0 0 1 219 46 433 
-18263 -10197 -1621 -7818 4036 17984 0 0 0 0 1 204 79 427 
-17761 -9391 -2206 -7639 2596 17657 0 0 0 0 1 161 168 438 
-16335 -10113 -2444 -6925 2008 17546 0 0 0 0 1 132 198 449 
-15189 -10898 -2813 -4950 1802 17073 0 0 0 0 1 99 230 453 
-13041 -12378 -2676 -3634 2842 15993 0 0 0 0 1 43 253 459 
-11145 -13094 -1236 -2973 4572 13088 0 0 0 0 1 21 257 463 
-8095 -13045 1349 -3504 3416 9690 0 0 0 0 1 7 245 467 
-4820 -12885 2109 -3745 2339 7642 0 0 0 0 1 -21 255 486 
-3516 -12756 2117 -3591 2057 4833 0 0 0 0 1 -37 235 491 
-1507 -11627 2376 -2900 2084 2510 0 0 0 0 1 -36 219 520 
-873 -10652 2216 -2158 1914 1217 0 0 0 0 1 -42 218 512 
-599 -9565 2294 -1049 2014 -573 0 0 0 0 1 -43 219 522 
-671 -7558 2772 -255 2107 -2137 0 0 0 0 1 -28 208 523 
-732 -6887 3025 37 1698 -2893 0 0 0 0 1 -20 212 520 
-804 -6225 3185 212 539 -3588 0 0 0 0 1 -2 213 514 
-1188 -4850 3193 218 -366 -4136 0 0 0 0 1 5 204 511 
-1366 -4234 2906 273 -604 -4528 0 0 0 0 1 29 209 529 
-1472 -3701 2582 493 -500 -5177 0 0 0 0 1 24 195 511 
-1658 -2972 2050 900 -135 -5941 0 0 0 0 1 51 208 523 
-1871 -2486 1723 1209 182 -6494 0 0 0 0 1 67 182 515 
-1975 -2229 1578 1679 606 -7258 0 0 0 0 1 82 193 514 
-2137 -1971 1473 1975 638 -7653 0 0 0 0 1 107 177 504 
-2170 -1868 1279 2436 138 -7927 0 0 0 0 1 109 168 494 
-2146 -1777 949 2743 -225 -7890 0 0 0 0 1 130 153 492 
-2170 -1759 882 3133 -384 -7602 0 0 0 0 1 147 128 487 
-2447 -1899 604 3474 -206 -7316 0 0 0 0 1 156 133 478 
-2824 -1859 385 3661 -7 -7257 0 0 0 0 1 172 122 474 
-3151 -1880 259 3849 154 -7451 0 0 0 0 1 174 112 474 
-3677 -2028 118 3930 -64 -7948 0 0 0 0 1 201 79 457 
-4140 -2274 -140 3959 -343 -8406 0 0 0 0 1 204 60 464 
-4654 -2297 -641 4107 -601 -9194 0 0 0 0 1 215 45 459 
-4804 -2330 -941 4451 -475 -9761 0 0 0 0 1 219 7 456 
-4833 -2417 -1295 4980 -174 -9792 0 0 0 0 1 212 -7 467 
-4766 -2671 -1485 5371 30 -9496 0 0 0 0 1 212 -49 470 
-4798 -2921 -1459 5779 454 -8828 0 0 0 0 1 206 -57 466 
-4890 -3010 -1543 5977 919 -8206 0 0 0 0 1 191 -78 465 
-5066 -3232 -1785 6041 1190 -7904 0 0 0 0 1 179 -90 470 
-5422 -3299 -1898 6088 1518 -7793 0 0 0 0 1 187 -104 464 
-5915 -3321 -2121 6177 1439 -8012 0 0 0 0 1 174 -115 484 
-6126 -3335 -2206 6212 1079 -8191 0 0 0 0 1 159 -136 485 
-5901 -3155 -2236 6101 160 -8238 0 0 0 0 1 158 -144 491 
-5541 -2965 -2214 5746 -508 -7737 0 0 0 0 1 143 -147 500 
-4700 -3029 -2240 5362 23 -6585 0 0 0 0 1 112 -148 501 
-4469 -3011 -2276 5198 879 -5728 0 0 0 0 1 109 -141 506 
-4810 -3119 -2088 4986 1531 -4820 0 0 0 0 1 89 -147 519 
-5687 -3138 -1612 4603 356 -4564 0 0 0 0 1 93 -141 513 
-6009 -2928 -1474 4205 -902 -4678 0 0 0 0 1 80 -130 528 
-6016 -2758 -1277 3383 -1974 -4848 0 0 0 0 1 71 -126 534 
-5632 -2460 -1287 2621 -1668 -4622 0 0 0 0 1 56 -120 537 
-5143 -2214 -1392 2297 -1073 -4212 0 0 0 0 1 60 -121 543 
-4920 -1969 -1505 2126 -345 -3411 0 0 0 0 1 48 -121 548 
-4684 -1660 -1341 2094 -106 -2642 0 0 0 0 1 54 -98 556 
-4666 -1538 -1135 2026 -265 -2291 0 0 0 0 1 43 -101 557 
-4708 -1350 -994 1801 -920 -2076 0 0 0 0 1 33 -93 549 
-4655 -1043 -830 1463 -1413 -2114 0 0 0 0 1 36 -87 562 
-4528 -837 -759 1226 -1357 -2174 0 0 0 0 1 24 -89 564 
-4241 -645 -869 990 -932 -2183 0 0 0 0 1 25 -88 563 
-4146 -512 -935 949 -434 -2117 0 0 0 0 1 29 -77 573 
-4045 -298 -1000 991 -169 -2031 0 0 0 0 1 7 -80 565 
-3945 -164 -994 1096 31 -1793 0 0 0 0 1 18 -73 568 
-3849 -65 -866 1090 70 -1425 0 0 0 0 1 24 -77 564 
-3763 -18 -656 979 50 -1142 0 0 0 0 1 24 -77 566 
-3683 4 -530 683 72 -719 0 0 0 0 1 31 -72 562 
-3736 20 -436 432 177 -514 0 0 0 0 1 27 -67 578 
-3789 57 -495 61 434 -291 0 0 0 0 1 33 -73 570 
-3748 75 -560 -219 650 -113 0 0 0 0 1 30 -78 572 
-3705 86 -651 -356 656 2 0 0 0 0 1 28 -66 572 
-3634 121 -798 -477 412 218 0 0 0 0 1 27 -79 569 
-3629 100 -849 -580 68 512 0 0 0 0 1 24 -67 576 
-3725 69 -923 -668 -85 737 0 0 0 0 1 22 -79 569 
-3858 -37 -994 -812 29 1084 0 0 0 0 1 31 -91 557 
-3940 -138 -1010 -970 503 1377 0 0 0 0 1 35 -83 563 
-4047 -205 -1094 -1125 820 1593 0 0 0 0 1 35 -93 572 
-4097 -243 -1224 -1232 848 1695 0 0 0 0 1 41 -87 566 
-4139 -285 -1304 -1384 678 1811 0 0 0 0 1 44 -98 563 
-4244 -367 -1402 -1538 511 1893 0 0 0 0 1 38 -106 555 
-4459 -593 -1489 -1670 548 1942 0 0 0 0 1 31 -91 557 
-4566 -748 -1490 -1719 535 1967 0 0 0 0 1 41 -111 548 
-4655 -853 -1557 -1781 -40 2078 0 0 0 0 1 36 -109 548 
-4856 -827 -1656 -1900 -983 2262 0 0 0 0 1 48 -109 555 
-5128 -860 -1667 -2036 -1446 2434 0 0 0 0 1 42 -122 549 
-5365 -931 -1667 -2281 -1587 2797 0 0 0 0 1 40 -132 544 
-5678 -1134 -1522 -2599 -854 3310 0 0 0 0 1 34 -138 552 
-6110 -1382 -1362 -2820 -213 3712 0 0 0 0 1 49 -134 549 
-6732 -1817 -1413 -3013 109 4397 0 0 0 0 1 48 -133 541 
-7141 -2150 -1594 -2868 -652 5303 0 0 0 0 1 55 -153 548 
-7878 -2727 -1944 -2552 -1400 6074 0 0 0 0 1 73 -142 540 
-8991 -3913 -2404 -1776 -1981 7452 0 0 0 0 1 88 -153 552 
-10164 -4786 -2477 -1257 10 8957 0 0 0 0 1 95 -133 538 
-11466 -5873 -2554 -1524 3073 10102 0 0 0 0 1 108 -132 535 
-12200 -6738 -2534 -3108 6904 11837 0 0 0 0 1 132 -110 526 
-13328 -7513 -2676 -4704 6851 12977 0 0 0 0 1 163 -96 511 
-13899 -8234 -2007 -7333 4398 14854 0 0 0 0 1 201 -42 464 
-14822 -8141 -2313 -9052 2007 16573 0 0 0 0 1 213 -11 450 
-16607 -7893 -3160 -9559 2160 17833 0 0 0 0 1 214 41 458 
-17185 -8158 -3278 -9497 3164 18234 0 0 0 0 1 207 71 451 
-17566 -8208 -2917 -9258 3895 17950 0 0 0 0 1 182 123 448 
-17199 -8255 -3053 -8822 3232 17376 0 0 0 0 1 174 152 442 
-16273 -8437 -2879 -7566 2080 16113 0 0 0 0 1 107 202 466 
-14278 -9123 -2901 -5699 1811 14627 0 0 0 0 1 69 212 485 
-10924 -10578 -2696 -4482 2328 13776 0 0 0 0 1 47 223 491 
-8598 -11371 -1397 -3664 3760 12318 0 0 0 0 1 27 234 497 
-5958 -11055 1068 -3743 3579 10840 0 0 0 0 1 5 226 497 
-3920 -10374 2010 -3843 1729 8026 0 0 0 0 1 -11 218 519 
-2823 -10162 2263 -3496 1134 5103 0 0 0 0 1 -25 213 526 
-1593 -9042 2189 -3030 1106 3511 0 0 0 0 1 -38 204 524 
-938 -8009 1831 -1941 636 2087 0 0 0 0 1 -40 193 540 
-479 -6231 1373 -752 506 1537 0 0 0 0 1 -38 187 543 
-702 -5107 1221 -122 704 1359 0 0 0 0 1 -44 191 547 
-1296 -4206 1483 301 986 994 0 0 0 0 1 -42 183 544 
-1552 -3698 1759 91 900 488 0 0 0 0 1 -41 187 529 
439 -904 1710 1402 843 -1668 0 0 0 0 1 -20 185 545 
455 -504 1657 1595 802 -2091 0 0 0 0 1 -9 169 533 
381 -343 1590 1715 644 -2429 0 0 0 0 1 -3 192 543 
270 -107 1455 1742 526 -2595 0 0 0 0 1 8 199 531 
203 27 1429 1663 430 -2785 0 0 0 0 1 17 192 529 
69 134 1426 1540 386 -2867 0 0 0 0 1 18 198 521 
-128 156 1515 1271 312 -2975 0 0 0 0 1 33 203 512 
-242 206 1560 984 262 -3085 0 0 0 0 1 41 199 508 
-410 309 1531 822 224 -3166 0 0 0 0 1 58 198 514 
-495 416 1444 667 119 -3259 0 0 0 0 1 61 201 509 
-547 666 1221 652 -21 -3267 0 0 0 0 1 64 185 499 
-511 802 988 753 -314 -3148 0 0 0 0 1 77 186 502 
-461 821 964 875 -396 -2937 0 0 0 0 1 92 176 502 
-561 750 975 924 -293 -2820 0 0 0 0 1 97 195 513 
-711 711 1010 948 7 -2745 0 0 0 0 1 93 190 504 
-886 823 1016 953 244 -2771 0 0 0 0 1 97 182 494 
-1017 933 962 1026 538 -2854 0 0 0 0 1 116 177 480 
-871 1390 887 1128 723 -2890 0 0 0 0 1 128 172 485 
-801 1496 881 1351 926 -2827 0 0 0 0 1 133 172 497 
-830 1709 875 1598 913 -2714 0 0 0 0 1 134 171 474 
-1069 1678 893 1753 793 -2648 0 0 0 0 1 134 164 477 
-1252 1621 1019 1893 670 -2593 0 0 0 0 1 148 161 458 
-1285 1615 1202 1938 739 -2548 0 0 0 0 1 147 153 464 
-1276 1619 1260 1971 1004 -2505 0 0 0 0 1 173 155 452 
-1273 1845 1255 2003 1135 -2555 0 0 0 0 1 171 138 450 
-1487 1909 1048 2060 961 -2643 0 0 0 0 1 179 139 440 
-1624 1945 891 2206 405 -2805 0 0 0 0 1 186 137 435 
-1666 1900 729 2293 68 -2872 0 0 0 0 1 187 138 429 
-1650 1743 600 2398 -146 -2900 0 0 0 0 1 198 132 428 
-1703 1682 533 2429 -4 -2888 0 0 0 0 1 202 132 416 
-1504 1744 462 2401 232 -2828 0 0 0 0 1 213 121 422 
-1501 1789 460 2301 624 -2715 0 0 0 0 1 209 107 405 
-1606 1743 394 2209 724 -2660 0 0 0 0 1 226 98 405 
-1795 1749 266 2176 599 -2658 0 0 0 0 1 220 89 399 
-1877 1750 215 2154 237 -2663 0 0 0 0 1 222 84 392 
-1845 1660 129 2151 2 -2637 0 0 0 0 1 232 79 385 
-1789 1588 94 2149 -177 -2559 0 0 0 0 1 240 80 384 
-1687 1488 58 2138 -96 -2484 0 0 0 0 1 241 52 385 
-1629 1491 69 2113 50 -2463 0 0 0 0 1 240 51 391 
-1646 1475 35 2096 234 -2499 0 0 0 0 1 237 40 378 
-1774 1556 -35 2102 343 -2585 0 0 0 0 1 233 44 377 
-1820 1579 -60 2144 490 -2763 0 0 0 0 1 243 34 374 
-1782 1578 -35 2187 534 -2909 0 0 0 0 1 243 24 377 
-1768 1546 -64 2202 430 -2969 0 0 0 0 1 240 12 377 
-1708 1514 -116 2218 161 -2983 0 0 0 0 1 243 9 377 
-1616 1403 -210 2230 43 -2951 0 0 0 0 1 251 -13 364 
-1508 1292 -204 2256 176 -2863 0 0 0 0 1 235 -14 372 
-1410 1110 -112 2240 437 -2786 0 0 0 0 1 244 -23 371 
-1574 1031 -31 2172 819 -2753 0 0 0 0 1 246 -23 369 
-1835 1056 38 2040 893 -2909 0 0 0 0 1 240 -44 372 
-2216 1235 60 1883 547 -3188 0 0 0 0 1 257 -53 367 
-2552 1433 -63 1807 141 -3352 0 0 0 0 1 230 -67 364 
-2737 1500 -144 1778 -398 -3481 0 0 0 0 1 240 -88 372 
-2993 1577 -188 1794 -578 -3475 0 0 0 0 1 233 -85 372 
-3017 1600 -200 1842 -659 -3276 0 0 0 0 1 234 -104 366 
-3016 1594 -234 1826 -691 -2854 0 0 0 0 1 220 -99 385 
-2995 1512 -197 1740 -661 -2495 0 0 0 0 1 209 -122 386 
-3046 1498 -169 1521 -579 -1942 0 0 0 0 1 207 -132 395 
-3127 1533 -220 1299 -470 -1476 0 0 0 0 1 205 -122 400 
-3190 1587 -296 1191 -336 -1231 0 0 0 0 1 201 -148 401 
-3085 1584 -332 1089 -18 -916 0 0 0 0 1 205 -149 388 
-3003 1591 -327 1041 310 -634 0 0 0 0 1 209 -130 400 
-2856 1562 -349 1036 491 -361 0 0 0 0 1 197 -136 408 
-2659 1533 -337 1023 545 -176 0 0 0 0 1 192 -121 403 
-2506 1494 -316 1000 596 140 0 0 0 0 1 195 -127 402 
-2357 1405 -267 965 614 359 0 0 0 0 1 195 -127 407 
-2272 1374 -277 875 662 710 0 0 0 0 1 200 -122 393 
-2120 1275 -257 736 829 1065 0 0 0 0 1 202 -127 400 
-2018 1226 -226 628 945 1261 0 0 0 0 1 207 -117 395 
-1946 1199 -219 485 971 1489 0 0 0 0 1 213 -99 394 
-1876 1208 -229 408 730 1647 0 0 0 0 1 217 -107 386 
-1812 1238 -280 436 417 1770 0 0 0 0 1 212 -100 379 
-1719 1160 -293 590 -110 2037 0 0 0 0 1 215 -87 392 
-1682 1078 -243 720 -326 2193 0 0 0 0 1 222 -84 394 
-1920 1139 -229 892 -330 2274 0 0 0 0 1 218 -77 387 
-1993 1110 -257 981 -42 2254 0 0 0 0 1 217 -61 388 
-1956 1161 -188 941 363 2175 0 0 0 0 1 224 -46 391 
-2023 1233 -175 858 480 2064 0 0 0 0 1 227 -42 385 
-2087 1284 -172 721 302 1855 0 0 0 0 1 226 -39 395 
-1988 1362 -167 640 1 1747 0 0 0 0 1 217 -24 393 
