Data Quantity : 14  Accelerometer : 3  Gyroscope : 3  FSR : 5







-1275 1465 108 -614 -317 -158 0 0 0 0 1 172 71 472 
-1281 1467 135 -628 -362 -147 0 0 0 0 1 181 78 465 
-1242 1439 155 -633 -376 -93 0 0 0 0 1 181 73 463 
-1172 1396 174 -601 -393 41 0 0 0 0 1 180 65 473 
-1139 1375 170 -561 -422 138 0 0 0 0 1 175 55 466 
-1136 1368 156 -478 -499 232 0 0 0 0 1 184 68 470 
-1191 1338 117 -383 -608 214 0 0 0 0 1 173 57 469 
-1378 1379 138 -334 -665 117 0 0 0 0 1 174 73 470 
-1550 1402 164 -296 -739 -136 0 0 0 0 1 176 68 477 
-1811 1492 224 -281 -777 -352 0 0 0 0 1 168 60 485 
-1925 1562 294 -244 -783 -624 0 0 0 0 1 169 68 481 
-1807 1635 294 -154 -798 -697 0 0 0 0 1 162 58 491 
-1664 1590 448 22 -704 -636 0 0 0 0 1 169 44 493 
-1426 1612 506 218 -356 -381 0 0 0 0 1 168 60 483 
-1421 1667 757 300 59 -350 0 0 0 0 1 175 45 508 
-1586 1692 571 417 273 -372 0 0 0 0 1 158 56 500 
-1233 1214 744 429 273 -327 0 0 0 0 1 165 71 488 
-1224 1528 969 349 421 -271 0 0 0 0 1 174 46 479 
-1265 1831 856 244 403 -240 0 0 0 0 1 155 58 493 
-1285 1682 855 173 266 -218 0 0 0 0 1 171 62 483 
-1214 1657 885 68 62 -143 0 0 0 0 1 187 50 473 
-1147 1616 978 -18 9 -82 0 0 0 0 1 169 56 479 
-1092 1588 1022 -212 153 41 0 0 0 0 1 172 46 486 
-1038 1473 1103 -317 196 107 0 0 0 0 1 180 62 487 
-1021 1413 1141 -436 97 184 0 0 0 0 1 168 47 483 
-939 1230 1208 -498 -30 217 0 0 0 0 1 188 53 486 
-852 1095 1230 -568 -151 209 0 0 0 0 1 163 42 478 
-684 756 1318 -585 -206 154 0 0 0 0 1 175 42 487 
-567 600 1352 -542 -358 3 0 0 0 0 1 169 49 488 
-458 452 1386 -419 -583 -236 0 0 0 0 1 168 50 492 
-322 174 1385 -306 -722 -436 0 0 0 0 1 166 42 492 
-184 -42 1433 -142 -776 -761 0 0 0 0 1 166 38 487 
52 -421 1489 7 -698 -1084 0 0 0 0 1 175 40 506 
249 -799 1516 107 -683 -1312 0 0 0 0 1 160 49 486 
289 -1007 1531 229 -777 -1713 0 0 0 0 1 159 33 501 
229 -1313 1536 289 -881 -2031 0 0 0 0 1 166 33 494 
158 -1516 1565 331 -999 -2597 0 0 0 0 1 154 18 506 
-123 -1738 1518 327 -1070 -3267 0 0 0 0 1 143 14 505 
-326 -1811 1462 311 -1097 -3754 0 0 0 0 1 159 15 504 
-529 -1884 1423 281 -1025 -4501 0 0 0 0 1 149 -1 522 
-850 -1998 1356 257 -839 -4987 0 0 0 0 1 146 -9 516 
-1226 -2080 1276 244 -411 -5703 0 0 0 0 1 121 -33 524 
-1465 -2146 1246 274 -29 -6350 0 0 0 0 1 140 -50 529 
-1691 -2295 1183 355 94 -6684 0 0 0 0 1 141 -58 514 
-1959 -2469 1157 500 171 -7093 0 0 0 0 1 132 -73 509 
-2106 -2481 1138 662 383 -7438 0 0 0 0 1 127 -83 519 
-2360 -2711 1075 808 549 -7616 0 0 0 0 1 113 -103 516 
-2503 -2908 960 1089 730 -7803 0 0 0 0 1 108 -120 514 
-2820 -3071 916 1295 843 -7912 0 0 0 0 1 100 -138 511 
-3004 -3175 804 1652 888 -7997 0 0 0 0 1 93 -141 513 
-3133 -3390 639 2084 661 -7944 0 0 0 0 1 75 -149 514 
-3324 -3436 588 2324 521 -7858 0 0 0 0 1 61 -152 512 
-3476 -3417 603 2574 404 -7672 0 0 0 0 1 51 -154 519 
-3661 -3362 411 2797 286 -7323 0 0 0 0 1 31 -150 520 
-3679 -3336 178 2952 337 -6976 0 0 0 0 1 17 -145 536 
-3761 -3393 133 3163 645 -6331 0 0 0 0 1 3 -138 541 
-3972 -3362 93 3254 856 -5878 0 0 0 0 1 7 -127 547 
-4098 -3274 27 3289 996 -5203 0 0 0 0 1 4 -125 544 
-4252 -3015 -310 3205 924 -4555 0 0 0 0 1 -1 -121 555 
-4017 -2860 -471 3109 883 -4105 0 0 0 0 1 1 -101 555 
-3721 -2712 -595 2886 1027 -3367 0 0 0 0 1 5 -87 550 
-3551 -2480 -678 2594 1220 -2671 0 0 0 0 1 12 -72 552 
-3345 -2188 -808 2383 1278 -2281 0 0 0 0 1 8 -77 543 
-3187 -2019 -763 2026 1315 -1820 0 0 0 0 1 30 -63 556 
-2835 -1724 -681 1662 1109 -1449 0 0 0 0 1 11 -66 554 
-2676 -1624 -653 1430 855 -1235 0 0 0 0 1 22 -55 569 
-2585 -1538 -637 1119 497 -981 0 0 0 0 1 41 -62 559 
-2499 -1407 -568 927 325 -853 0 0 0 0 1 42 -44 570 
-2446 -1334 -496 652 109 -694 0 0 0 0 1 41 -45 562 
-2414 -1209 -362 410 -138 -538 0 0 0 0 1 58 -46 563 
-2340 -1100 -274 217 -402 -367 0 0 0 0 1 53 -45 552 
-2268 -979 -327 133 -563 -238 0 0 0 0 1 37 -41 572 
-2249 -958 -352 63 -719 -62 0 0 0 0 1 49 -41 561 
-2271 -961 -365 38 -707 81 0 0 0 0 1 51 -44 577 
-2376 -997 -327 17 -610 141 0 0 0 0 1 44 -39 579 
-2471 -1016 -243 -63 -379 173 0 0 0 0 1 42 -39 575 
-2571 -1044 -180 -167 -146 199 0 0 0 0 1 40 -53 568 
-2595 -1046 -177 -219 -14 244 0 0 0 0 1 38 -50 571 
-2693 -1026 -206 -292 106 358 0 0 0 0 1 34 -47 562 
-2699 -1025 -192 -362 174 579 0 0 0 0 1 37 -44 558 
-2711 -1039 -150 -436 190 773 0 0 0 0 1 38 -52 571 
-2750 -1058 -99 -605 103 1088 0 0 0 0 1 29 -55 571 
-2880 -1080 -77 -742 -17 1288 0 0 0 0 1 33 -44 563 
-3078 -1139 -111 -946 -179 1541 0 0 0 0 1 25 -58 558 
-3188 -1163 -184 -1100 -210 1738 0 0 0 0 1 16 -58 563 
-3341 -1201 -384 -1172 -155 1899 0 0 0 0 1 27 -65 559 
-3529 -1236 -656 -1167 -140 1983 0 0 0 0 1 25 -68 568 
-3773 -1243 -779 -1167 -179 2028 0 0 0 0 1 12 -77 564 
-4458 -1297 -783 -1272 -258 1982 0 0 0 0 1 25 -80 570 
-4712 -1256 -808 -1386 -207 2031 0 0 0 0 1 15 -79 557 
-4593 -1277 -907 -1501 53 2327 0 0 0 0 1 17 -84 562 
-4328 -1321 -1083 -1525 383 2848 0 0 0 0 1 2 -95 551 
-4383 -1637 -1136 -1515 597 3214 0 0 0 0 1 17 -94 550 
-4702 -1787 -1249 -1493 729 3577 0 0 0 0 1 10 -96 559 
-5107 -2038 -1485 -1468 682 3704 0 0 0 0 1 21 -110 549 
-5258 -2265 -1529 -1453 728 3798 0 0 0 0 1 24 -116 555 
-10690 -9577 -4493 -3024 5425 8028 0 0 0 0 1 134 -88 512 
-11664 -10871 -4707 -5758 8689 10340 0 0 0 0 1 186 -68 451 
-12158 -11776 -4380 -9901 8326 12676 0 0 0 0 1 201 -40 417 
-13675 -12808 -4032 -12578 6647 13966 0 0 0 0 1 228 -14 398 
-16529 -12588 -5704 -15148 5327 15321 0 0 0 0 1 215 18 359 
-18459 -12966 -6326 -15978 6015 16003 0 0 0 0 1 221 61 353 
-21005 -12719 -6953 -15908 5653 15934 0 0 0 0 1 217 100 337 
-21458 -12344 -6875 -15565 4321 16229 0 0 0 0 1 181 166 365 
-21979 -11396 -6369 -14783 2644 16769 0 0 0 0 1 153 201 395 
-22384 -10918 -5432 -13519 751 17243 0 0 0 0 1 110 218 433 
-21814 -11232 -3694 -12381 -581 17569 0 0 0 0 1 73 206 470 
-20664 -12080 -3328 -9554 -1928 17950 0 0 0 0 1 24 214 492 
-17877 -13535 -3527 -6952 -1475 17855 0 0 0 0 1 -28 208 526 
-15614 -14588 -3554 -3103 2063 16661 0 0 0 0 1 -92 171 551 
-11914 -15456 -1208 -1265 5559 14087 0 0 0 0 1 -97 168 545 
-8334 -14676 1304 -1024 4550 10700 0 0 0 0 1 -114 145 550 
-5869 -13351 3095 -1349 3178 8392 0 0 0 0 1 -113 142 572 
-4283 -12397 3450 -1922 1384 5815 0 0 0 0 1 -110 134 572 
-2394 -10992 3065 -1808 -110 4382 0 0 0 0 1 -123 111 569 
-72 -3206 2703 1971 -1607 -3531 0 0 0 0 1 -142 155 552 
-264 -2655 2823 1579 -2162 -4348 0 0 0 0 1 -136 166 544 
-703 -2130 2862 1244 -2490 -4909 0 0 0 0 1 -136 179 542 
-1079 -1734 2826 763 -2801 -5691 0 0 0 0 1 -132 183 535 
-1497 -1286 2663 432 -2954 -6182 0 0 0 0 1 -116 192 527 
-1976 -929 2405 288 -2863 -6394 0 0 0 0 1 -116 195 524 
-2270 -568 2148 302 -2699 -6374 0 0 0 0 1 -101 210 521 
-2269 -354 2049 413 -2426 -6121 0 0 0 0 1 -96 208 514 
-2587 -144 1984 549 -2080 -5922 0 0 0 0 1 38 214 506 
-3674 -774 -413 1938 -994 -7753 0 0 0 0 1 50 212 487 
-3627 -952 -442 2465 -1028 -8103 0 0 0 0 1 64 217 494 
-3588 -1267 -492 2723 -1278 -8229 0 0 0 0 1 84 191 486 
-3725 -1455 -645 2959 -1716 -8328 0 0 0 0 1 101 181 484 
-3866 -1597 -756 3064 -1843 -8349 0 0 0 0 1 128 165 473 
-4128 -1863 -950 3099 -1726 -8353 0 0 0 0 1 148 154 481 
-4455 -2045 -1179 3222 -1486 -8499 0 0 0 0 1 158 137 477 
-4928 -2193 -1467 3442 -1108 -8849 0 0 0 0 1 159 123 471 
-5024 -2331 -1558 3598 -980 -9034 0 0 0 0 1 171 106 464 
-4815 -2549 -1647 3778 -1446 -8995 0 0 0 0 1 198 73 472 
-4827 -2652 -1626 3823 -2098 -8773 0 0 0 0 1 195 46 472 
-5431 -2807 -1840 3897 -2334 -8722 0 0 0 0 1 185 50 487 
-5961 -2883 -2056 4175 -1975 -8854 0 0 0 0 1 189 6 478 
-6779 -2976 -2112 4540 -901 -9108 0 0 0 0 1 169 0 477 
-6934 -2969 -1978 4832 199 -9106 0 0 0 0 1 171 -18 487 
-6669 -3088 -1713 4924 508 -8889 0 0 0 0 1 171 -35 485 
-6447 -3242 -1581 4821 64 -8364 0 0 0 0 1 162 -53 486 
-6757 -3379 -1643 4669 -549 -8067 0 0 0 0 1 158 -66 491 
-7177 -3374 -2131 4576 -1105 -7803 0 0 0 0 1 160 -71 493 
-7505 -3360 -2443 4835 -676 -7730 0 0 0 0 1 146 -66 498 
-7694 -3179 -2798 5173 97 -7698 0 0 0 0 1 136 -76 512 
-7499 -3114 -2657 5624 1212 -7460 0 0 0 0 1 128 -72 501 
-7501 -2959 -2230 5585 796 -7100 0 0 0 0 1 108 -76 519 
-7035 -2852 -1822 4893 -495 -6500 0 0 0 0 1 117 -78 512 
-4417 -1052 -2253 1006 -1496 -1903 0 0 0 0 1 99 -31 528 
-4331 -1004 -2283 964 106 -1556 0 0 0 0 1 101 -29 528 
-4008 -912 -1751 876 905 -1308 0 0 0 0 1 113 -22 533 
-3602 -619 -1166 583 976 -950 0 0 0 0 1 140 -23 529 
-3395 -320 -1053 292 -23 -648 0 0 0 0 1 130 -23 536 
-3158 -71 -1239 257 -938 -316 0 0 0 0 1 138 -18 541 
-3031 -91 -1434 366 -1009 -98 0 0 0 0 1 133 -25 536 
-3068 -91 -1400 551 -236 110 0 0 0 0 1 134 -19 542 
-3206 -34 -1068 585 949 145 0 0 0 0 1 136 -12 535 
-3242 5 -878 501 1542 115 0 0 0 0 1 141 -19 530 
-3191 67 -601 204 1842 85 0 0 0 0 1 141 -22 528 
-2964 42 -252 -75 1486 162 0 0 0 0 1 145 -28 520 
-2847 -12 -168 -508 371 429 0 0 0 0 1 151 -22 519 
-2863 -72 -235 -856 -591 794 0 0 0 0 1 145 -25 531 
-2986 -215 -388 -1020 -845 1035 0 0 0 0 1 138 -33 527 
-3205 -306 -541 -1210 -740 1325 0 0 0 0 1 133 -28 518 
-3350 -352 -627 -1387 -490 1523 0 0 0 0 1 119 -30 538 
-3553 -409 -712 -1641 -521 1671 0 0 0 0 1 114 -38 524 
-3611 -413 -729 -1856 -681 1762 0 0 0 0 1 108 -34 528 
-3673 -440 -770 -2226 -1019 1918 0 0 0 0 1 109 -40 538 
-3890 -535 -1120 -2512 -1391 2111 0 0 0 0 1 92 -51 535 
-4102 -618 -1533 -2550 -1610 2228 0 0 0 0 1 89 -49 547 
-4352 -687 -2081 -2289 -1765 2324 0 0 0 0 1 71 -69 538 
-4614 -931 -2863 -1943 -1707 2357 0 0 0 0 1 69 -74 538 
-4851 -1183 -3228 -1470 -1606 2444 0 0 0 0 1 66 -83 554 
-4980 -1370 -3058 -1376 -1545 2666 0 0 0 0 1 61 -85 549 
-5107 -1497 -2557 -1529 -1387 2874 0 0 0 0 1 60 -72 541 
-5276 -1758 -2491 -1791 -1013 3330 0 0 0 0 1 43 -99 557 
-5893 -2767 -2960 -1661 -783 3592 0 0 0 0 1 50 -94 562 
-6183 -3352 -2973 -1473 -691 3737 0 0 0 0 1 47 -98 544 
-6575 -3845 -2946 -1194 -811 3876 0 0 0 0 1 46 -104 557 
-7481 -4479 -2652 -1158 -900 3794 0 0 0 0 1 53 -114 555 
-8907 -5144 -2040 -1554 -302 3546 0 0 0 0 1 55 -109 557 
-10291 -6175 -1545 -1961 840 3501 0 0 0 0 1 58 -105 556 
-10632 -6463 -1251 -2530 3947 4029 0 0 0 0 1 74 -106 545 
-11179 -10460 -1898 -2635 5269 5149 0 0 0 0 1 89 -100 547 
-10442 -11824 -1286 -3542 5591 8469 0 0 0 0 1 139 -107 521 
-11062 -12043 173 -6437 4038 12635 0 0 0 0 1 158 -85 502 
-11955 -11876 1384 -9156 3203 15265 0 0 0 0 1 180 -65 485 
-13245 -11490 531 -12195 3409 18250 0 0 0 0 1 195 -41 465 
-17706 -12837 -1644 -12255 4523 20135 0 0 0 0 1 221 -12 447 
-19293 -12755 -1863 -11088 4623 21013 0 0 0 0 1 208 38 429 
-20348 -12790 -2231 -9049 4652 21729 0 0 0 0 1 182 138 410 
-22153 -11934 -2582 -8230 4873 21007 0 0 0 0 1 149 195 429 
-22082 -12276 -1905 -8290 4549 20303 0 0 0 0 1 100 217 445 
-20037 -12625 -717 -8336 2162 19617 0 0 0 0 1 67 239 455 
-18043 -13138 -923 -6906 681 18987 0 0 0 0 1 15 241 469 
-12713 -14873 -1224 -4440 1950 17428 0 0 0 0 1 -68 230 502 
-10016 -15414 -464 -2871 2692 15493 0 0 0 0 1 -97 217 513 
-7586 -15583 385 -1027 3093 11622 0 0 0 0 1 -103 193 523 
-3923 -13824 1779 -68 3396 7526 0 0 0 0 1 -132 193 530 
-2432 -12843 2384 157 3192 5266 0 0 0 0 1 -146 181 528 
-1488 -11739 3071 7 2544 2793 0 0 0 0 1 -147 180 527 
-928 -9773 3431 -186 1896 1696 0 0 0 0 1 -145 182 529 
-952 -8108 3595 -453 1014 569 0 0 0 0 1 -80 166 554 
-1119 -2325 2522 -450 -1208 -5053 0 0 0 0 1 -90 158 552 
-1480 -1903 2296 -104 -1410 -5542 0 0 0 0 1 -82 166 558 
-1735 -1670 2188 356 -1357 -6262 0 0 0 0 1 -71 165 557 
-2208 -1357 1996 718 -971 -6906 0 0 0 0 1 -57 168 548 
-2447 -1082 1790 919 -582 -7252 0 0 0 0 1 -44 183 535 
-2605 -950 1537 1268 -49 -7720 0 0 0 0 1 -22 177 550 
-2856 -796 1266 1585 261 -8164 0 0 0 0 1 -2 191 540 
-2941 -711 1156 1744 40 -8383 0 0 0 0 1 16 191 537 
-2975 -637 906 1917 -940 -8446 0 0 0 0 1 30 188 530 
-3053 -679 637 1971 -1632 -8218 0 0 0 0 1 38 175 534 
-3243 -857 212 2027 -1565 -8004 0 0 0 0 1 54 164 523 
-3434 -864 -258 2365 -893 -7724 0 0 0 0 1 83 160 520 
-3600 -782 -777 2751 -358 -7618 0 0 0 0 1 101 157 521 
-3726 -837 -886 3359 168 -7638 0 0 0 0 1 109 150 515 
-4119 -915 -911 3771 187 -7756 0 0 0 0 1 119 136 511 
-4129 -1023 -1041 3923 -41 -7679 0 0 0 0 1 145 131 506 
-4183 -1084 -1187 4077 -236 -7441 0 0 0 0 1 151 125 495 
-4619 -996 -1689 4394 160 -7355 0 0 0 0 1 160 120 491 
-4709 -1053 -1789 4712 660 -7384 0 0 0 0 1 172 98 470 
-4734 -1094 -1813 5177 867 -7352 0 0 0 0 1 184 85 460 
-4592 -1271 -1796 5358 325 -7143 0 0 0 0 1 189 74 457 
-4385 -1508 -1833 5373 -850 -6664 0 0 0 0 1 187 52 455 
-4436 -1465 -2209 5366 -1538 -6521 0 0 0 0 1 184 41 456 
-5045 -1557 -2728 5467 -1528 -6771 0 0 0 0 1 188 31 458 
-5580 -1507 -2910 5729 -776 -7556 0 0 0 0 1 199 30 455 
-6054 -1526 -3010 5966 -86 -8103 0 0 0 0 1 195 0 463 
-6042 -1491 -2781 6227 205 -8360 0 0 0 0 1 188 -17 453 
-5461 -1771 -2521 6109 -957 -7606 0 0 0 0 1 188 -22 467 
-5438 -2042 -2151 5785 -1798 -7001 0 0 0 0 1 179 -29 472 
-5725 -2078 -2171 5242 -2365 -6499 0 0 0 0 1 172 -36 481 
-6154 -2020 -2450 4922 -2008 -6484 0 0 0 0 1 175 -38 478 
-6537 -1760 -2963 4870 -1431 -6562 0 0 0 0 1 155 -49 488 
-6504 -1699 -3147 5013 -388 -6613 0 0 0 0 1 153 -58 493 
-6547 -1472 -3390 5327 487 -6720 0 0 0 0 1 134 -51 512 
-6395 -1514 -2865 5390 429 -6747 0 0 0 0 1 145 -62 494 
-6085 -1503 -2547 5007 -1067 -6446 0 0 0 0 1 145 -60 501 
-5411 -1496 -2095 4105 -2309 -5363 0 0 0 0 1 122 -58 507 
-5591 -1448 -2424 3524 -2274 -4392 0 0 0 0 1 119 -47 511 
-5836 -1155 -2721 2913 -907 -3085 0 0 0 0 1 125 -41 516 
-5845 -1001 -2704 2569 355 -2362 0 0 0 0 1 113 -36 521 
-5805 -672 -2286 2177 426 -2267 0 0 0 0 1 120 -36 516 
-5466 -408 -1658 1779 -287 -2357 0 0 0 0 1 108 -39 530 
-5213 -218 -1450 980 -1771 -2333 0 0 0 0 1 109 -35 513 
-4577 110 -1256 85 -2382 -1943 0 0 0 0 1 107 -33 524 
-4518 295 -1525 -300 -2124 -1601 0 0 0 0 1 113 -31 530 
-4402 420 -1547 -453 -1037 -1211 0 0 0 0 1 100 -35 536 
-4336 537 -1470 -285 -252 -1059 0 0 0 0 1 94 -36 530 
-4078 733 -1153 -136 -71 -997 0 0 0 0 1 103 -36 533 
-3916 719 -989 3 -255 -745 0 0 0 0 1 102 -35 524 
-3848 708 -851 -2 -592 -375 0 0 0 0 1 101 -46 537 
-3982 619 -760 -43 -602 -173 0 0 0 0 1 94 -53 535 
-4053 565 -712 -131 -300 70 0 0 0 0 1 97 -50 531 
-4085 503 -754 -205 -24 298 0 0 0 0 1 86 -50 529 
-4057 467 -795 -255 124 453 0 0 0 0 1 100 -50 531 
-4014 354 -786 -373 212 763 0 0 0 0 1 94 -44 540 
-3906 276 -764 -630 -24 1238 0 0 0 0 1 100 -60 538 
-3878 171 -836 -836 -340 1678 0 0 0 0 1 92 -61 540 
-3967 24 -875 -1142 -640 2349 0 0 0 0 1 79 -69 536 
-4232 -162 -957 -1318 -650 2670 0 0 0 0 1 89 -53 530 
-4437 -301 -1062 -1480 -605 2912 0 0 0 0 1 80 -53 540 
-4644 -491 -1228 -1574 -631 3005 0 0 0 0 1 81 -72 536 
-4740 -632 -1419 -1641 -663 3064 0 0 0 0 1 81 -72 541 
-4804 -808 -1589 -1770 -626 3216 0 0 0 0 1 68 -71 542 
-4784 -942 -1621 -1965 -430 3442 0 0 0 0 1 80 -80 540 
-4856 -1108 -1717 -2154 -213 3638 0 0 0 0 1 88 -69 550 
-4960 -1314 -1883 -2251 -54 3710 0 0 0 0 1 87 -76 542 
-5083 -1319 -2112 -2302 -56 3695 0 0 0 0 1 89 -83 537 
-5295 -1301 -2467 -2239 -276 3592 0 0 0 0 1 95 -91 529 
-5563 -1240 -2633 -2174 -442 3526 0 0 0 0 1 96 -73 535 
-5964 -1458 -2805 -2034 -716 3492 0 0 0 0 1 90 -82 543 
-6420 -1643 -3163 -1734 -842 3437 0 0 0 0 1 90 -69 529 
-7547 -2286 -3904 -1346 -719 3374 0 0 0 0 1 96 -95 533 
-8733 -3135 -4678 -627 -528 3484 0 0 0 0 1 99 -76 540 
-9471 -3578 -4737 -235 363 4218 0 0 0 0 1 102 -62 529 
-10636 -4842 -5045 -271 1584 5259 0 0 0 0 1 113 -68 528 
-12020 -6058 -5912 -1098 5117 8233 0 0 0 0 1 141 -51 535 
-12908 -7482 -6642 -3389 7333 12755 0 0 0 0 1 147 -35 508 
-14737 -9258 -5319 -6157 6672 15373 0 0 0 0 1 169 -19 488 
-17783 -10014 -5020 -10239 4902 17332 0 0 0 0 1 185 45 464 
-20256 -10394 -6291 -12169 5623 17856 0 0 0 0 1 181 73 451 
-21251 -11042 -5854 -12563 6786 18067 0 0 0 0 1 188 112 447 
-22163 -10802 -5391 -12401 5800 18518 0 0 0 0 1 163 138 455 
-23614 -9750 -3960 -11947 4820 18697 0 0 0 0 1 142 172 464 
-24662 -9568 -3095 -10467 3344 18500 0 0 0 0 1 110 174 472 
-24401 -10240 -2518 -7902 2145 18507 0 0 0 0 1 77 198 493 
-22357 -11832 -1244 -4921 1822 18884 0 0 0 0 1 -1 217 511 
-2084 -8013 4420 1295 -31 1428 0 0 0 0 1 -151 149 549 
-1960 -7245 4356 1035 -475 264 0 0 0 0 1 -152 150 548 
-1739 -6087 3811 848 -646 -577 0 0 0 0 1 -158 147 542 
-1528 -5434 3364 686 -341 -1763 0 0 0 0 1 -156 160 543 
-1378 -4587 2864 585 162 -2941 0 0 0 0 1 -149 163 543 
-1440 -3769 2398 534 284 -3688 0 0 0 0 1 -134 169 542 
-1367 -3325 2179 522 18 -4428 0 0 0 0 1 -120 179 544 
-1135 -2811 1826 607 -334 -4614 0 0 0 0 1 -115 176 535 
-1397 -2040 1512 869 -779 -4849 0 0 0 0 1 -101 196 526 
-1634 -1684 1436 1082 -928 -5253 0 0 0 0 1 -87 188 533 
-2008 -1272 1548 1119 -946 -5897 0 0 0 0 1 -90 204 527 
-3473 -703 -115 1998 -679 -7289 0 0 0 0 1 80 183 509 
-3665 -751 -325 2594 -43 -7943 0 0 0 0 1 92 183 500 
-3831 -664 -531 2966 199 -8436 0 0 0 0 1 110 171 498 
-3839 -623 -645 3449 330 -8968 0 0 0 0 1 127 171 486 
-3636 -721 -944 3927 10 -8965 0 0 0 0 1 160 127 477 
-3385 -917 -1169 4246 -302 -8669 0 0 0 0 1 181 120 470 
-3231 -1215 -1236 4676 -588 -7979 0 0 0 0 1 184 100 460 
-3432 -1559 -1431 4944 -640 -7617 0 0 0 0 1 184 100 458 
-3953 -1666 -1622 5360 -471 -7601 0 0 0 0 1 199 89 464 
-4661 -1788 -1604 5566 -83 -8034 0 0 0 0 1 200 61 453 
-5069 -1962 -1581 5513 126 -8550 0 0 0 0 1 208 35 448 
-5103 -2097 -1631 5383 83 -8773 0 0 0 0 1 204 3 445 
-4897 -2087 -1756 5285 -237 -8543 0 0 0 0 1 211 -11 445 
-4236 -2423 -1996 5354 -382 -7925 0 0 0 0 1 211 -20 443 
-4360 -2718 -2280 5675 -304 -6944 0 0 0 0 1 209 -41 449 
-4994 -2724 -2449 6142 -387 -6674 0 0 0 0 1 193 -53 449 
-5995 -2770 -2508 6350 -480 -6908 0 0 0 0 1 185 -72 471 
-6445 -2672 -2579 6409 -428 -7488 0 0 0 0 1 176 -78 470 
-6327 -2614 -2668 6331 123 -7805 0 0 0 0 1 175 -91 471 
-5948 -2487 -2735 6283 744 -7757 0 0 0 0 1 171 -84 476 
-5517 -2543 -2646 6266 1185 -7220 0 0 0 0 1 168 -89 473 
-5041 -2623 -2452 6131 -32 -6410 0 0 0 0 1 149 -89 480 
-5055 -2699 -2365 5661 -1813 -5694 0 0 0 0 1 141 -90 488 
-5453 -2823 -2367 5236 -2392 -5405 0 0 0 0 1 122 -105 493 
-6032 -2679 -2384 4647 -1832 -5331 0 0 0 0 1 108 -83 514 
-5980 -2561 -2254 4124 -225 -5330 0 0 0 0 1 108 -90 512 
-6064 -2469 -1855 1884 -199 -1253 0 0 0 0 1 92 -56 530 
-4209 -964 -1004 1330 -1049 -932 0 0 0 0 1 103 -39 535 
-4086 -840 -1262 870 -1049 -586 0 0 0 0 1 92 -46 537 
-3934 -672 -1500 667 -693 -359 0 0 0 0 1 99 -46 549 
-3842 -575 -1587 416 -298 -39 0 0 0 0 1 92 -49 544 
-3788 -411 -1563 53 -334 229 0 0 0 0 1 90 -45 531 
-3735 -302 -1432 -277 -457 372 0 0 0 0 1 107 -30 548 
-3758 -178 -1368 -825 -615 522 0 0 0 0 1 89 -44 542 
-3833 -45 -1367 -1301 -693 630 0 0 0 0 1 75 -44 535 
-3903 -57 -1426 -1534 -759 698 0 0 0 0 1 79 -50 548 
-4029 -22 -1596 -1722 -1016 811 0 0 0 0 1 75 -56 551 
-4252 43 -1880 -1765 -1122 917 0 0 0 0 1 77 -63 549 
-4345 33 -1991 -1798 -842 1178 0 0 0 0 1 69 -74 543 
-4460 -1 -1951 -1932 -338 1550 0 0 0 0 1 61 -76 547 
-4691 -152 -1828 -2195 -303 1949 0 0 0 0 1 67 -87 541 
-4956 -308 -1633 -2443 -516 2216 0 0 0 0 1 56 -78 542 
-5074 -472 -1660 -1213 -608 6219 0 0 0 0 1 73 -147 540 
-9999 -4408 -3785 -1121 560 8317 0 0 0 0 1 75 -117 535 
-12218 -5417 -5068 -935 2178 9771 0 0 0 0 1 100 -118 513 
-13400 -7928 -5673 -1207 3483 10594 0 0 0 0 1 114 -109 513 
-14040 -9226 -5847 -3075 5278 11930 0 0 0 0 1 134 -88 502 
-15316 -11519 -5301 -6618 7238 13699 0 0 0 0 1 186 -36 456 
-16487 -12161 -5224 -9272 7360 14859 0 0 0 0 1 201 -3 436 
-17603 -12536 -5422 -12046 4788 16648 0 0 0 0 1 212 12 428 
-19764 -12568 -6262 -12637 3235 17996 0 0 0 0 1 205 56 416 
-21610 -12744 -6308 -12636 3470 19018 0 0 0 0 1 189 91 406 
-23862 -12419 -6758 -12233 2883 18832 0 0 0 0 1 186 137 416 
-23812 -12919 -5580 -12079 2101 18950 0 0 0 0 1 115 203 458 
-23227 -13032 -4503 -11475 348 19505 0 0 0 0 1 71 197 485 
-21079 -13500 -3799 -9315 -926 19650 0 0 0 0 1 23 198 512 
-16400 -15131 -3883 -6167 1041 18028 0 0 0 0 1 -11 196 526 
-13416 -15549 -2466 -4759 2896 15856 0 0 0 0 1 -48 187 538 
-7967 -14992 686 -4090 2843 12326 0 0 0 0 1 -79 160 552 
-5529 -14380 1777 -3764 1209 8907 0 0 0 0 1 -96 144 568 
-3178 -12543 1170 -2858 956 5781 0 0 0 0 1 -84 117 572 
-2347 -11937 1200 -2067 1111 4371 0 0 0 0 1 -107 116 580 
-1887 -10803 1249 -847 938 2932 0 0 0 0 1 -108 100 582 
-2041 -8749 1920 -169 839 2057 0 0 0 0 1 -101 105 586 
-2312 -7789 2275 364 643 697 0 0 0 0 1 -93 114 580 
-2377 -7040 2567 384 517 -396 0 0 0 0 1 -96 98 591 
-2124 -6252 2744 267 454 -920 0 0 0 0 1 -90 101 583 
-1916 -5752 2765 135 341 -1605 0 0 0 0 1 -82 112 589 
-1505 -4814 2553 269 81 -2210 0 0 0 0 1 -84 110 589 
-1313 -4436 2437 524 -159 -2546 0 0 0 0 1 -81 123 594 
-1134 -4102 2295 1062 -517 -2921 0 0 0 0 1 -68 115 586 
-1071 -3560 2120 1645 -821 -3311 0 0 0 0 1 -77 122 577 
-1239 -3012 2079 2080 -726 -3823 0 0 0 0 1 -74 121 569 
-1419 -2753 2093 2255 -500 -4258 0 0 0 0 1 -77 142 570 
-1597 -2398 2092 2348 -229 -5035 0 0 0 0 1 -48 141 562 
-1942 -2012 2097 2330 -184 -5603 0 0 0 0 1 -60 158 557 
-2170 -1640 2049 2222 -430 -6433 0 0 0 0 1 -25 166 561 
-2303 -1433 1906 2047 -1027 -7104 0 0 0 0 1 -16 176 556 
-2435 -1356 1651 1856 -1595 -7512 0 0 0 0 1 -5 185 557 
-2641 -1276 1328 1776 -1879 -7660 0 0 0 0 1 -4 166 542 
-2798 -1238 1076 1786 -2076 -7723 0 0 0 0 1 16 176 544 
-2980 -1285 697 1941 -1726 -7600 0 0 0 0 1 17 177 543 
-3096 -1326 597 2086 -1290 -7449 0 0 0 0 1 40 174 535 
-3281 -1334 462 2312 -897 -7332 0 0 0 0 1 67 175 529 
-3775 -1288 156 2476 -977 -7458 0 0 0 0 1 68 169 519 
-4305 -1223 -264 2805 -1386 -8022 0 0 0 0 1 77 164 505 
-4614 -1225 -610 3342 -1549 -8781 0 0 0 0 1 96 159 519 
-4983 -1398 -1091 4149 -1160 -9256 0 0 0 0 1 106 149 519 
-4910 -1506 -1204 4743 -902 -9219 0 0 0 0 1 145 123 499 
-4654 -1607 -1332 5519 -941 -8619 0 0 0 0 1 129 110 498 
-4696 -1763 -1385 5993 -1072 -7764 0 0 0 0 1 153 120 495 
-4842 -2068 -1507 6163 -926 -7332 0 0 0 0 1 161 111 492 
-5260 -2237 -1767 6357 -822 -7274 0 0 0 0 1 169 98 474 
-5878 -2215 -2058 6437 -1102 -7839 0 0 0 0 1 167 93 481 
-6050 -2434 -2057 6358 -1491 -8342 0 0 0 0 1 180 74 464 
-6078 -2579 -2099 5961 -2613 -9018 0 0 0 0 1 173 50 464 
-5965 -2790 -2135 5511 -3468 -9298 0 0 0 0 1 179 39 477 
-6249 -2952 -2597 4932 -4155 -9411 0 0 0 0 1 181 29 484 
-6457 -3035 -2909 4801 -3371 -9280 0 0 0 0 1 173 13 504 
-6805 -3102 -3132 4967 -2187 -9226 0 0 0 0 1 161 3 504 
-6944 -3220 -2784 5158 -1053 -9348 0 0 0 0 1 156 -18 506 
-7029 -3317 -1934 4677 -2606 -9749 0 0 0 0 1 154 -18 506 
-6827 -3291 -1250 3861 -4490 -9991 0 0 0 0 1 130 -45 522 
-6654 -3334 -1485 2416 -6115 -9746 0 0 0 0 1 119 -45 536 
-6402 -3181 -2042 1575 -4362 -8776 0 0 0 0 1 100 -55 536 
-6496 -3648 -2091 1497 -2152 -8025 0 0 0 0 1 76 -67 552 
-6492 -3442 -1755 1679 350 -7028 0 0 0 0 1 66 -58 561 
-6657 -3154 -1568 1589 169 -6623 0 0 0 0 1 70 -68 549 
-6227 -2838 -814 808 -1266 -6383 0 0 0 0 1 44 -78 549 
-6035 -2708 -290 149 -2017 -6203 0 0 0 0 1 56 -66 554 
-6248 -2616 -223 -546 -2454 -5875 0 0 0 0 1 38 -69 566 
-6429 -2366 -280 -684 -2279 -5363 0 0 0 0 1 31 -91 562 
-6235 -2065 -381 -517 -1762 -4822 0 0 0 0 1 30 -98 561 
-5949 -1718 -403 -58 -464 -3865 0 0 0 0 1 18 -95 568 
-5926 -1463 -438 475 893 -3048 0 0 0 0 1 22 -94 559 
-5718 -1228 -254 728 1569 -2632 0 0 0 0 1 25 -95 558 
-5502 -1044 -92 842 1553 -2131 0 0 0 0 1 41 -91 569 
-5200 -494 -20 650 625 -1658 0 0 0 0 1 38 -87 566 
-4791 -243 -53 436 151 -1276 0 0 0 0 1 40 -93 558 
-4678 -154 -254 199 200 -697 0 0 0 0 1 57 -87 566 
-4560 -79 -583 156 874 -202 0 0 0 0 1 61 -98 558 
-4416 -113 -671 161 1267 86 0 0 0 0 1 64 -99 552 
-4299 -172 -590 29 1232 469 0 0 0 0 1 60 -94 559 
-4191 -138 -357 -359 431 803 0 0 0 0 1 57 -91 555 
-4036 -116 -289 -690 -214 1064 0 0 0 0 1 63 -88 554 
-3808 -236 -256 -1177 -782 1555 0 0 0 0 1 46 -89 550 
-3780 -326 -420 -1451 -929 2027 0 0 0 0 1 50 -99 552 
-3913 -502 -638 -1490 -869 2256 0 0 0 0 1 47 -105 556 
-3986 -670 -777 -1401 -606 2455 0 0 0 0 1 41 -101 550 
-3981 -792 -698 -1313 -507 2620 0 0 0 0 1 31 -109 555 
-3935 -839 -631 -1304 -758 2751 0 0 0 0 1 41 -111 545 
-3983 -825 -599 -1378 -1353 2943 0 0 0 0 1 42 -107 554 
-4188 -923 -625 -1500 -1626 3107 0 0 0 0 1 25 -115 554 
-4451 -1222 -809 -1535 -1334 3272 0 0 0 0 1 18 -117 542 
-4618 -1357 -842 -1521 -963 3376 0 0 0 0 1 22 -126 550 
-4860 -1433 -943 -1432 -682 3465 0 0 0 0 1 14 -134 544 
-5196 -1495 -1110 -1323 -853 3524 0 0 0 0 1 17 -138 550 
-5450 -1705 -1275 -1245 -1053 3611 0 0 0 0 1 21 -142 551 
-5762 -1829 -1557 -1010 -1215 3821 0 0 0 0 1 25 -134 542 
-6317 -2300 -1933 -620 -594 4086 0 0 0 0 1 17 -143 543 
-7065 -2854 -2184 -365 218 4255 0 0 0 0 1 29 -148 541 
-7459 -3299 -2560 -69 1085 4707 0 0 0 0 1 49 -132 540 
-7746 -3668 -3124 -280 952 5657 0 0 0 0 1 58 -127 544 
-8426 -4290 -3754 -751 424 6690 0 0 0 0 1 74 -121 545 
-9618 -5144 -4649 -1439 499 9139 0 0 0 0 1 84 -105 535 
-10975 -5919 -5995 -1038 3531 12474 0 0 0 0 1 86 -106 536 
-14917 -7468 -6949 -1324 9112 14230 0 0 0 0 1 119 -94 520 
-17924 -9171 -7142 -2661 10990 14327 0 0 0 0 1 185 -20 469 
-17853 -10241 -6666 -6147 11854 14236 0 0 0 0 1 204 8 438 
-18152 -11702 -5521 -9035 11984 14127 0 0 0 0 1 219 34 398 
-19246 -11920 -5657 -12557 10054 13554 0 0 0 0 1 222 74 369 
-20433 -12452 -6253 -14716 7823 13576 0 0 0 0 1 214 110 349 
-21911 -11914 -6405 -15838 6622 13625 0 0 0 0 1 206 136 348 
-21949 -11533 -5243 -17405 3917 14299 0 0 0 0 1 182 175 359 
-21273 -10751 -3490 -17835 1066 15350 0 0 0 0 1 128 214 434 
-20645 -10477 -3051 -16344 -3051 17078 0 0 0 0 1 84 206 491 
-19097 -10930 -3760 -11695 -4232 17414 0 0 0 0 1 30 203 509 
-16306 -13229 -4666 -7553 -2449 16680 0 0 0 0 1 -11 191 544 
-13670 -14917 -3830 -2966 1830 14935 0 0 0 0 1 -46 190 541 
-9373 -15710 202 -2047 3899 12202 0 0 0 0 1 -70 176 563 
-6553 -14527 3067 -2325 2532 9637 0 0 0 0 1 -74 160 555 
-5122 -13368 2655 -2327 960 5820 0 0 0 0 1 -92 137 572 
-3190 -11988 2134 -2099 1445 3937 0 0 0 0 1 -97 126 583 
-1634 -10666 1298 -1207 744 2568 0 0 0 0 1 -92 134 575 
-1337 -9776 1173 -168 776 1639 0 0 0 0 1 -81 118 578 
-1290 -8340 1157 465 833 805 0 0 0 0 1 -92 117 589 
-1390 -7649 1371 1179 508 -669 0 0 0 0 1 -89 112 575 
-1758 -6679 1696 1398 441 -2089 0 0 0 0 1 -84 137 572 
-1651 -5794 1813 1316 560 -2802 0 0 0 0 1 -79 138 566 
-1532 -5188 1874 1038 593 -3666 0 0 0 0 1 -75 142 568 
-1622 -4212 1892 846 203 -4126 0 0 0 0 1 -57 145 566 
-1517 -3728 1704 708 -560 -4489 0 0 0 0 1 -48 148 562 
-1779 -2978 1418 790 -810 -4921 0 0 0 0 1 -49 154 556 
-2347 -2127 982 989 -966 -5339 0 0 0 0 1 -37 152 558 
-2474 -1557 751 1408 -1113 -5955 0 0 0 0 1 -24 153 552 
-2602 -1251 617 1866 -1018 -6507 0 0 0 0 1 -28 166 568 
-2700 -923 424 2168 -862 -6835 0 0 0 0 1 -4 159 551 
-2850 -790 396 2543 -551 -7332 0 0 0 0 1 -3 165 550 
-3129 -609 518 2696 -423 -7817 0 0 0 0 1 18 166 547 
-3134 -505 564 2679 -558 -8017 0 0 0 0 1 29 182 531 
-3027 -499 616 2536 -1042 -8025 0 0 0 0 1 48 165 534 
-2997 -454 453 2451 -1512 -7900 0 0 0 0 1 71 158 529 
-2975 -370 231 2411 -2057 -7596 0 0 0 0 1 77 159 514 
-2995 -437 -196 2552 -2049 -7293 0 0 0 0 1 81 160 518 
-3237 -537 -474 2784 -1720 -7233 0 0 0 0 1 96 152 523 
-3514 -564 -751 3296 -830 -7442 0 0 0 0 1 103 144 516 
-3920 -484 -1097 3701 -153 -7749 0 0 0 0 1 112 128 506 
-4188 -343 -1247 4284 644 -8269 0 0 0 0 1 133 126 504 
-4189 -162 -1372 4610 850 -8440 0 0 0 0 1 140 116 506 
-3939 -271 -1385 4968 470 -8207 0 0 0 0 1 168 96 469 
-3873 -454 -1501 5165 -431 -7650 0 0 0 0 1 168 87 473 
-3874 -680 -1490 5186 -899 -7294 0 0 0 0 1 181 78 474 
-4138 -970 -1537 5092 -1288 -7033 0 0 0 0 1 179 61 470 
-4440 -989 -1714 4927 -1276 -7264 0 0 0 0 1 182 57 471 
-4959 -999 -1959 4833 -938 -7654 0 0 0 0 1 191 34 470 
-5366 -913 -2093 4804 -192 -8360 0 0 0 0 1 191 12 470 
-5425 -873 -2286 4900 253 -8650 0 0 0 0 1 188 -9 474 
-5508 -898 -2270 5161 307 -8718 0 0 0 0 1 176 -14 484 
-5514 -887 -2120 5288 -696 -8272 0 0 0 0 1 187 -35 471 
-4793 -1145 -1938 5227 -1470 -7696 0 0 0 0 1 178 -45 471 
-4717 -1210 -1992 5019 -1933 -6940 0 0 0 0 1 168 -50 483 
-4832 -1243 -2138 4886 -1227 -6615 0 0 0 0 1 152 -62 501 
-5497 -1211 -2218 4880 -191 -6703 0 0 0 0 1 153 -61 502 
-5495 -1122 -2302 5092 1225 -6944 0 0 0 0 1 146 -66 502 
-5647 -1271 -1942 5239 1083 -7173 0 0 0 0 1 147 -69 494 
-5613 -1272 -1519 5039 -148 -7221 0 0 0 0 1 133 -74 497 
-5291 -1367 -1303 4347 -2278 -6823 0 0 0 0 1 134 -88 512 
-5288 -1517 -1431 3883 -3057 -6245 0 0 0 0 1 114 -77 518 
-5143 -1623 -1604 3431 -2435 -5048 0 0 0 0 1 100 -72 531 
-5274 -1539 -1700 3306 -231 -4006 0 0 0 0 1 102 -67 527 
-5664 -1422 -1725 3348 1641 -3586 0 0 0 0 1 90 -60 529 
-6341 -1321 -1310 3289 1773 -3644 0 0 0 0 1 92 -63 537 
-6329 -1118 -1119 2869 288 -3798 0 0 0 0 1 100 -55 536 
-5827 -909 -943 2367 -841 -3699 0 0 0 0 1 96 -58 528 
-5150 -813 -1165 1607 -1463 -3051 0 0 0 0 1 87 -44 533 
-4757 -672 -1361 1138 -585 -2103 0 0 0 0 1 89 -49 530 
-4791 -503 -1516 1046 203 -1590 0 0 0 0 1 81 -47 518 
-4815 -313 -1533 1051 832 -1098 0 0 0 0 1 96 -36 535 
-4694 -140 -1234 904 390 -668 0 0 0 0 1 86 -42 536 
-4465 36 -992 666 -236 -326 0 0 0 0 1 90 -42 538 
-4318 146 -946 225 -933 219 0 0 0 0 1 93 -42 538 
-4233 304 -1102 7 -1014 539 0 0 0 0 1 83 -40 541 
-4203 356 -1189 -161 -614 877 0 0 0 0 1 79 -40 543 
-4159 378 -1322 -183 -234 1004 0 0 0 0 1 86 -42 541 
-4151 364 -1340 -203 159 1101 0 0 0 0 1 93 -35 541 
-4114 328 -1275 -323 167 1192 0 0 0 0 1 90 -30 536 
-4046 292 -1180 -493 54 1296 0 0 0 0 1 92 -36 535 
-4002 240 -1102 -858 -155 1548 0 0 0 0 1 94 -31 535 
-3969 184 -1119 -1112 -319 1757 0 0 0 0 1 88 -42 550 
-3948 80 -1191 -1438 -482 2077 0 0 0 0 1 86 -38 550 
-3984 -15 -1385 -1653 -543 2302 0 0 0 0 1 89 -46 544 
-4069 -122 -1604 -1749 -539 2387 0 0 0 0 1 84 -51 549 
-4158 -196 -1688 -1863 -554 2420 0 0 0 0 1 75 -51 544 
-4302 -341 -1760 -2044 -654 2439 0 0 0 0 1 66 -51 551 
-4303 -419 -1727 -2250 -697 2498 0 0 0 0 1 67 -62 543 
-4267 -457 -1738 -2688 -667 2704 0 0 0 0 1 71 -60 541 
-4118 -517 -1891 -3008 -594 2906 0 0 0 0 1 70 -76 549 
-4044 -592 -2064 -3440 -486 3214 0 0 0 0 1 76 -82 536 
-3999 -695 -2455 -3683 -496 3398 0 0 0 0 1 80 -90 533 
-4157 -767 -2635 -3769 -528 3391 0 0 0 0 1 77 -105 547 
-4279 -910 -2762 -3784 -818 3263 0 0 0 0 1 76 -99 545 
-4565 -1155 -2985 -3730 -1083 3118 0 0 0 0 1 89 -120 528 
-4977 -1367 -3059 -3616 -1257 2757 0 0 0 0 1 81 -121 518 
-5974 -1754 -3280 -3509 -1145 2450 0 0 0 0 1 95 -138 522 
-6598 -1907 -3473 -3296 -626 2233 0 0 0 0 1 95 -138 529 
-7590 -2449 -3747 -3041 -502 2636 0 0 0 0 1 96 -142 530 
-8813 -3007 -3723 -3031 -1308 3474 0 0 0 0 1 94 -142 523 
-10017 -3563 -3775 -3174 -2522 6090 0 0 0 0 1 100 -143 522 
-12511 -5022 -3837 -3673 233 10354 0 0 0 0 1 104 -143 513 
-14164 -5600 -4578 -4310 3345 13372 0 0 0 0 1 127 -127 519 
-15810 -6578 -5019 -5945 5471 16553 0 0 0 0 1 186 -78 477 
-17847 -7740 -4910 -8016 3555 17942 0 0 0 0 1 198 -39 470 
-19057 -8084 -4734 -9161 2752 18506 0 0 0 0 1 197 -1 436 
-20002 -8327 -4942 -10038 3494 19082 0 0 0 0 1 201 50 429 
-21454 -8399 -4991 -10166 3592 18983 0 0 0 0 1 199 74 431 
-21720 -8630 -4651 -10045 2352 18524 0 0 0 0 1 184 122 428 
-21380 -9450 -3159 -9643 728 17908 0 0 0 0 1 155 152 451 
-19969 -10107 -2238 -9064 -398 17753 0 0 0 0 1 83 197 487 
-18193 -10695 -2080 -7299 -1980 17562 0 0 0 0 1 44 206 526 
-14040 -12552 -2467 -3985 -572 15890 0 0 0 0 1 -43 195 531 
-10517 -13513 -1425 -2798 1017 14041 0 0 0 0 1 -62 190 541 
-6957 -13394 68 -1806 1767 10573 0 0 0 0 1 -74 180 543 
-5180 -13264 737 -1348 1539 6995 0 0 0 0 1 -101 159 547 
-3066 -12544 860 -1139 1428 4936 0 0 0 0 1 -103 171 547 
-2001 -11986 896 -849 955 2769 0 0 0 0 1 -99 161 563 
-898 -10857 1011 -641 444 1918 0 0 0 0 1 -106 154 561 
-846 -9785 1068 -251 -17 886 0 0 0 0 1 -100 150 571 
-1248 -8462 1174 103 -199 -397 0 0 0 0 1 -113 147 561 
-1416 -7685 1316 271 -249 -1329 0 0 0 0 1 -101 157 563 
-1491 -6917 1454 427 -71 -2662 0 0 0 0 1 -101 154 561 
-1572 -5799 1572 511 121 -3454 0 0 0 0 1 -97 153 555 
-1647 -5183 1625 652 449 -4518 0 0 0 0 1 -87 174 558 
-1874 -4400 1665 746 721 -5202 0 0 0 0 1 -77 164 558 
-1987 -3895 1728 859 1133 -6186 0 0 0 0 1 -56 166 565 
-1998 -3280 1877 900 1215 -6723 0 0 0 0 1 -48 163 552 
-1897 -2925 1935 935 526 -7157 0 0 0 0 1 -30 169 551 
-1968 -2396 1673 1026 -611 -7249 0 0 0 0 1 -1 175 545 
-2360 -2191 1489 1125 -981 -7312 0 0 0 0 1 7 159 540 
-2835 -1992 1256 1411 -918 -7573 0 0 0 0 1 14 171 549 
-3467 -1691 891 1721 -598 -7850 0 0 0 0 1 35 161 544 
-3923 -1501 682 2298 276 -8343 0 0 0 0 1 53 165 550 
-4133 -1385 668 2887 1076 -8834 0 0 0 0 1 61 157 528 
-4345 -1255 686 3181 1201 -9082 0 0 0 0 1 90 145 531 
-4168 -1326 779 3338 743 -9029 0 0 0 0 1 128 136 508 
-3864 -1523 651 3328 58 -8688 0 0 0 0 1 145 118 508 
-3897 -1651 408 3342 -943 -7971 0 0 0 0 1 138 99 499 
-4150 -1814 -19 3452 -1168 -7559 0 0 0 0 1 148 107 495 
-4522 -1904 -375 3833 -865 -7349 0 0 0 0 1 166 94 492 
-5256 -1873 -868 4441 -179 -7718 0 0 0 0 1 168 91 490 
-5597 -1802 -1262 4927 267 -8116 0 0 0 0 1 178 72 490 
-5709 -1800 -1357 5558 686 -8703 0 0 0 0 1 188 58 484 
-5580 -1890 -1457 5831 739 -8945 0 0 0 0 1 198 36 474 
-5123 -2130 -1471 5942 521 -8995 0 0 0 0 1 199 13 466 
-5148 -2251 -1570 5778 -237 -8804 0 0 0 0 1 199 11 478 
-5117 -2566 -1839 5630 -829 -8534 0 0 0 0 1 188 -24 472 
-5368 -2794 -2073 5495 -1155 -8192 0 0 0 0 1 201 -35 478 
-5974 -2885 -2559 5538 -654 -8066 0 0 0 0 1 185 -52 480 
-6043 -2853 -2966 5716 438 -7994 0 0 0 0 1 185 -62 487 
-6122 -2765 -3069 5865 1158 -8008 0 0 0 0 1 160 -76 484 
-5968 -2787 -2989 6009 1793 -8032 0 0 0 0 1 161 -82 483 
-5789 -2701 -3021 6005 1673 -8077 0 0 0 0 1 154 -79 490 
-5542 -2659 -2959 5725 740 -8091 0 0 0 0 1 149 -94 499 
-5095 -2657 -2874 5093 -296 -7586 0 0 0 0 1 146 -98 491 
-4967 -2805 -2988 4584 -584 -6986 0 0 0 0 1 128 -116 508 
-5064 -2876 -3145 3923 -87 -5939 0 0 0 0 1 114 -106 501 
-5433 -2850 -3203 3501 685 -5194 0 0 0 0 1 114 -111 504 
-5616 -2804 -3094 3314 728 -5034 0 0 0 0 1 106 -110 502 
-5733 -2657 -2835 2964 179 -5218 0 0 0 0 1 96 -103 512 
-5949 -2341 -2616 2698 -368 -5466 0 0 0 0 1 93 -104 518 
-5968 -2217 -2583 2362 -598 -5633 0 0 0 0 1 95 -104 518 
-5832 -1963 -2464 2185 -141 -5340 0 0 0 0 1 84 -120 530 
-5571 -1667 -2209 2111 108 -4908 0 0 0 0 1 68 -117 523 
-5320 -1512 -1983 1970 318 -4050 0 0 0 0 1 71 -114 524 
-5083 -1230 -1635 1844 344 -3461 0 0 0 0 1 66 -105 526 
-4960 -1010 -1406 1622 101 -2687 0 0 0 0 1 67 -101 536 
-4873 -873 -1318 1383 -125 -2104 0 0 0 0 1 64 -106 531 
-4796 -680 -1370 1283 -77 -1835 0 0 0 0 1 63 -95 537 
-4844 -578 -1418 1229 304 -1610 0 0 0 0 1 62 -99 534 
-4874 -337 -1440 1232 596 -1512 0 0 0 0 1 71 -91 534 
-4776 -188 -1435 1221 964 -1260 0 0 0 0 1 77 -95 540 
-4515 -93 -1210 1143 1071 -978 0 0 0 0 1 77 -88 528 
-4320 4 -1143 939 756 -437 0 0 0 0 1 79 -84 529 
-4198 23 -1099 741 495 -68 0 0 0 0 1 92 -93 537 
-4218 36 -1134 418 245 401 0 0 0 0 1 83 -87 548 
-4231 24 -1234 142 133 739 0 0 0 0 1 82 -95 542 
-4232 7 -1448 -16 215 923 0 0 0 0 1 92 -78 528 
-4217 -75 -1544 -200 405 1166 0 0 0 0 1 93 -79 529 
-4190 -167 -1622 -406 392 1403 0 0 0 0 1 90 -79 534 
-4253 -278 -1581 -584 262 1553 0 0 0 0 1 87 -90 530 
-4276 -402 -1560 -899 -224 1825 0 0 0 0 1 88 -87 529 
-4263 -549 -1611 -1228 -755 2159 0 0 0 0 1 90 -89 536 
-4294 -647 -1743 -1429 -892 2377 0 0 0 0 1 83 -89 536 
-4399 -728 -1970 -1620 -591 2633 0 0 0 0 1 67 -89 534 
-4492 -845 -2137 -1652 72 2775 0 0 0 0 1 84 -100 535 
-4629 -934 -2306 -1626 445 2815 0 0 0 0 1 80 -90 533 
-4650 -1040 -2416 -1578 581 2868 0 0 0 0 1 82 -103 521 
-4661 -1139 -2469 -1633 238 2974 0 0 0 0 1 100 -114 529 
-4678 -1126 -2515 -1750 -130 3076 0 0 0 0 1 88 -101 531 
-4818 -1116 -2675 -1920 -670 3230 0 0 0 0 1 95 -96 522 
-5179 -1274 -3159 -1890 -867 3345 0 0 0 0 1 86 -106 529 
-5997 -1854 -3879 -1644 -689 3361 0 0 0 0 1 97 -99 529 
-6653 -2588 -4196 -1065 -340 3425 0 0 0 0 1 100 -106 527 
-7292 -3566 -4682 -536 -350 3948 0 0 0 0 1 101 -95 526 
-7905 -4827 -4889 -469 -349 4710 0 0 0 0 1 107 -91 522 
-8621 -5954 -4915 -1380 49 6720 0 0 0 0 1 121 -84 529 
-11529 -8228 -5084 -3755 2189 9321 0 0 0 0 1 129 -78 519 
-12546 -8970 -5065 -5913 4453 11014 0 0 0 0 1 136 -66 509 
-14777 -10901 -5067 -9681 6067 13273 0 0 0 0 1 159 -52 485 
-15655 -11692 -5824 -11915 5675 14944 0 0 0 0 1 192 -42 473 
-16657 -12064 -6178 -14063 4781 17147 0 0 0 0 1 202 -9 444 
-19711 -11906 -6746 -14830 4831 18222 0 0 0 0 1 201 50 427 
-22114 -12590 -6204 -15073 5089 18665 0 0 0 0 1 204 87 408 
-23526 -12110 -6064 -15068 3465 18493 0 0 0 0 1 186 122 426 
-24171 -11300 -5088 -14953 1887 18511 0 0 0 0 1 167 144 449 
-24051 -10625 -4202 -14277 -888 19117 0 0 0 0 1 136 164 470 
-23327 -10794 -2964 -12029 -3680 19554 0 0 0 0 1 97 163 515 
-21679 -11485 -3614 -9198 -4825 19207 0 0 0 0 1 50 168 536 
-19480 -12724 -4243 -3951 -3217 17873 0 0 0 0 1 -43 153 555 
-15109 -14141 -3489 -212 1434 15856 0 0 0 0 1 -67 148 566 
-9815 -14347 -415 618 3102 14162 0 0 0 0 1 -92 139 558 
-7730 -14248 1518 321 1850 10545 0 0 0 0 1 -106 142 568 
-4425 -12913 2432 -439 247 6686 0 0 0 0 1 -114 138 564 
-3142 -12300 2404 -1027 -392 4024 0 0 0 0 1 -121 116 569 
-1835 -10968 1272 -893 -987 3092 0 0 0 0 1 -134 112 572 
-1358 -10032 686 -27 -870 2187 0 0 0 0 1 -148 110 575 
-1391 -8668 340 722 -411 1424 0 0 0 0 1 -147 114 573 
-1601 -7835 448 1642 -98 -11 0 0 0 0 1 -133 118 578 
-1654 -6880 1147 1916 162 -1351 0 0 0 0 1 -143 130 556 
-1564 -5962 1709 1767 317 -2080 0 0 0 0 1 -142 126 562 
-1518 -5372 1924 1276 257 -2965 0 0 0 0 1 -134 137 558 
-1363 -4363 1984 754 34 -3624 0 0 0 0 1 -125 144 554 
-1317 -3947 1858 501 -12 -4024 0 0 0 0 1 -108 154 556 
-1336 -3532 1702 308 12 -4644 0 0 0 0 1 -103 164 558 
-1412 -2932 1509 291 -58 -5066 0 0 0 0 1 -93 160 562 
-1479 -2614 1384 397 -338 -5668 0 0 0 0 1 -89 171 563 
-1743 -2101 1346 501 -512 -6037 0 0 0 0 1 -81 158 559 
-1936 -1893 1323 656 -804 -6502 0 0 0 0 1 -68 169 547 
-2118 -1752 1270 768 -1049 -6902 0 0 0 0 1 -57 182 555 
-2575 -1545 1275 800 -888 -7339 0 0 0 0 1 -29 182 548 
-2855 -1402 1226 821 -619 -7676 0 0 0 0 1 -16 186 556 
-3035 -1249 1145 893 -193 -8192 0 0 0 0 1 -2 186 551 
-3337 -1065 1000 1045 -64 -8628 0 0 0 0 1 -1 170 543 
-3401 -1013 943 1193 -210 -8842 0 0 0 0 1 46 170 541 
-3506 -945 843 1488 -725 -8969 0 0 0 0 1 61 166 535 
-3483 -1005 661 1746 -1120 -8823 0 0 0 0 1 63 149 542 
-3470 -1195 526 2196 -1357 -8400 0 0 0 0 1 77 142 530 
-4024 -1296 111 2824 -838 -8209 0 0 0 0 1 87 132 533 
-4675 -1240 -300 3359 -73 -8312 0 0 0 0 1 116 126 527 
-4842 -1215 -487 4278 1253 -8647 0 0 0 0 1 114 131 527 
-5067 -1192 -649 4888 1872 -8929 0 0 0 0 1 142 123 497 
-5013 -1219 -719 5640 1928 -9312 0 0 0 0 1 165 100 488 
-4862 -1235 -1016 6128 1059 -9646 0 0 0 0 1 184 88 479 
-4822 -1403 -1208 6276 354 -9826 0 0 0 0 1 192 69 466 
-4941 -1618 -1270 6263 -385 -9902 0 0 0 0 1 195 44 467 
-5110 -2039 -1332 6104 -634 -9601 0 0 0 0 1 201 38 462 
-5144 -2411 -1478 5984 -513 -9239 0 0 0 0 1 209 17 460 
-5194 -2513 -1613 5848 -10 -8649 0 0 0 0 1 201 -23 471 
-4983 -2601 -1826 5844 505 -8126 0 0 0 0 1 199 -40 457 
-5026 -2734 -1915 5877 387 -7927 0 0 0 0 1 184 -51 472 
-5066 -2799 -2065 5895 -642 -7911 0 0 0 0 1 194 -55 473 
-5349 -3027 -2206 5762 -1857 -8201 0 0 0 0 1 165 -61 470 
-5592 -3125 -2480 5596 -2199 -8437 0 0 0 0 1 161 -87 490 
-5635 -3122 -2623 5353 -1382 -8619 0 0 0 0 1 152 -104 508 
-5574 -3024 -2644 5205 619 -8320 0 0 0 0 1 136 -100 512 
-5063 -3009 -2337 5158 1730 -7757 0 0 0 0 1 128 -101 508 
-4825 -2982 -2082 4917 1839 -6583 0 0 0 0 1 127 -107 516 
-4668 -3001 -1774 4335 478 -5514 0 0 0 0 1 122 -107 514 
-4691 -3001 -1485 3573 -822 -4929 0 0 0 0 1 101 -110 519 
-5053 -3022 -1457 3138 -1202 -4848 0 0 0 0 1 96 -98 521 
-5331 -3000 -1477 2653 -1522 -5001 0 0 0 0 1 97 -106 520 
-5375 -2805 -1512 2254 -1999 -5080 0 0 0 0 1 89 -93 533 
-5144 -2550 -1451 2010 -2072 -4930 0 0 0 0 1 67 -96 536 
-4773 -2389 -1442 1758 -1580 -4321 0 0 0 0 1 56 -100 542 
-4427 -2163 -1206 1646 -558 -3584 0 0 0 0 1 50 -104 548 
-4486 -2081 -1132 1653 99 -3224 0 0 0 0 1 49 -98 540 
-4656 -2108 -935 1690 589 -3031 0 0 0 0 1 44 -85 540 
-5152 -2037 -570 1674 132 -3082 0 0 0 0 1 55 -84 550 
-5117 -1847 -444 1493 -1277 -3028 0 0 0 0 1 57 -79 545 
-4736 -1605 -392 1206 -1815 -2594 0 0 0 0 1 31 -79 557 
-4433 -1318 -565 1078 -1412 -2138 0 0 0 0 1 35 -83 547 
-4417 -1180 -706 1070 -180 -1467 0 0 0 0 1 42 -73 554 
-4438 -1098 -766 1229 1259 -923 0 0 0 0 1 46 -77 550 
-4434 -1056 -763 1329 1882 -654 0 0 0 0 1 40 -66 544 
-4426 -988 -629 1313 1763 -339 0 0 0 0 1 53 -67 550 
-4357 -853 -509 1154 1081 -149 0 0 0 0 1 63 -61 558 
-4348 -767 -567 793 -53 188 0 0 0 0 1 50 -55 548 
-4206 -745 -734 547 -358 497 0 0 0 0 1 58 -53 542 
-4191 -746 -884 272 1 1003 0 0 0 0 1 56 -39 551 
-4212 -774 -1117 153 442 1321 0 0 0 0 1 50 -40 559 
-4232 -773 -1197 -25 871 1710 0 0 0 0 1 63 -44 556 
-4177 -790 -1170 -296 929 2026 0 0 0 0 1 61 -41 537 
-4088 -851 -1143 -536 803 2250 0 0 0 0 1 61 -56 537 
-4020 -950 -1142 -947 520 2610 0 0 0 0 1 67 -47 550 
-3994 -1061 -1161 -1235 309 2826 0 0 0 0 1 68 -49 547 
-3986 -1121 -1258 -1616 -139 3105 0 0 0 0 1 60 -60 555 
-3978 -1202 -1424 -1830 -455 3282 0 0 0 0 1 64 -55 550 
-3955 -1274 -1628 -2013 -703 3528 0 0 0 0 1 55 -47 557 
-4044 -1429 -2015 -2018 -548 3648 0 0 0 0 1 60 -69 548 
-4145 -1561 -2191 -1929 136 3710 0 0 0 0 1 64 -72 550 
-4241 -1909 -2354 -1849 836 3682 0 0 0 0 1 64 -72 552 
-4277 -2008 -2288 -1894 1094 3645 0 0 0 0 1 64 -82 545 
-4351 -2093 -2214 -2161 1074 3598 0 0 0 0 1 63 -63 549 
-4510 -2292 -2070 -2474 939 3597 0 0 0 0 1 79 -72 545 
-12932 -4787 -2640 -3940 2887 14874 0 0 0 0 1 184 -61 484 
-14803 -4960 -2342 -4954 3625 16485 0 0 0 0 1 200 14 467 
-16889 -5044 -2983 -5711 5057 16951 0 0 0 0 1 193 56 453 
-17791 -5490 -2892 -6699 6760 17339 0 0 0 0 1 187 96 457 
-18769 -5412 -1897 -7412 6786 17320 0 0 0 0 1 181 125 442 
-18934 -5290 -1438 -8308 4744 17336 0 0 0 0 1 168 160 436 
-19226 -5216 -1085 -8585 2665 17134 0 0 0 0 1 134 196 435 
-19520 -5149 -972 -8291 1814 16755 0 0 0 0 1 108 206 451 
-18800 -5659 -499 -7235 786 16529 0 0 0 0 1 24 224 497 
-17462 -6449 222 -6240 480 16469 0 0 0 0 1 -15 224 511 
-15698 -7770 549 -4463 877 15887 0 0 0 0 1 -55 219 529 
-13936 -8639 534 -2551 1870 14650 0 0 0 0 1 -82 203 528 
-10973 -9934 -47 -1362 2667 13573 0 0 0 0 1 -122 198 537 
-8884 -10662 116 -517 3932 11746 0 0 0 0 1 -132 181 535 
-5889 -11205 1533 -783 4194 10288 0 0 0 0 1 -133 160 538 
-4488 -11057 2455 -1818 3066 7591 0 0 0 0 1 -129 139 547 
-3071 -10308 2738 -2594 1132 4759 0 0 0 0 1 -148 110 563 
-2225 -9799 2310 -2701 454 3238 0 0 0 0 1 -161 111 564 
-1135 -8885 1530 -2245 246 1823 0 0 0 0 1 -161 96 569 
-611 -7917 1071 -1619 309 1237 0 0 0 0 1 -155 93 582 
-784 -7277 984 -506 574 281 0 0 0 0 1 -160 85 568 
-1471 -6412 945 401 896 -917 0 0 0 0 1 -145 82 578 
-1840 -5911 1341 714 1166 -1646 0 0 0 0 1 -154 82 580 
-1840 -5628 1720 742 1281 -2495 0 0 0 0 1 -141 88 577 
-1691 -5074 2027 542 981 -3174 0 0 0 0 1 -139 105 575 
-1479 -4518 2016 423 816 -3631 0 0 0 0 1 -123 104 564 
-1346 -4134 1913 403 726 -4333 0 0 0 0 1 -116 106 576 
-1179 -3584 1761 581 498 -4984 0 0 0 0 1 -121 114 578 
-1224 -3105 1638 766 223 -5396 0 0 0 0 1 -93 123 576 
-1354 -2842 1558 1074 -214 -5978 0 0 0 0 1 -88 131 569 
-1823 -2481 1440 1262 -408 -6352 0 0 0 0 1 -71 133 564 
-2078 -2342 1405 1486 -376 -6880 0 0 0 0 1 -70 142 575 
-2433 -2213 1330 1668 28 -7466 0 0 0 0 1 -60 148 573 
-3068 -1901 1254 1788 370 -7925 0 0 0 0 1 -53 143 562 
-3342 -1676 1132 2031 635 -8594 0 0 0 0 1 -17 168 559 
-3529 -1410 1025 2284 635 -9140 0 0 0 0 1 9 164 554 
-3660 -1284 1002 2440 443 -9412 0 0 0 0 1 34 168 548 
-3706 -1097 847 2679 -274 -9497 0 0 0 0 1 46 170 538 
-3385 -1209 599 2831 -887 -9261 0 0 0 0 1 58 154 533 
-3543 -1399 371 3110 -1333 -8892 0 0 0 0 1 84 152 537 
-4356 -1449 -9 3392 -1092 -8822 0 0 0 0 1 87 147 528 
-4728 -1453 -332 4021 -128 -8854 0 0 0 0 1 103 139 516 
-5007 -1382 -606 4768 1183 -8931 0 0 0 0 1 113 134 514 
-5207 -1336 -872 5250 1798 -8978 0 0 0 0 1 147 123 494 
-5141 -1351 -972 5786 2071 -8946 0 0 0 0 1 156 101 487 
-4903 -1606 -932 5955 1687 -8867 0 0 0 0 1 186 95 474 
-4721 -1766 -1142 5951 268 -8741 0 0 0 0 1 191 80 474 
-4528 -1946 -1279 5721 -1076 -8645 0 0 0 0 1 191 61 474 
-4679 -2325 -1642 5583 -1457 -8669 0 0 0 0 1 195 51 458 
-5364 -2564 -2324 5701 -1040 -8926 0 0 0 0 1 198 31 453 
-5570 -2682 -2493 6103 277 -9178 0 0 0 0 1 198 2 458 
-5268 -2980 -2207 6250 831 -9081 0 0 0 0 1 198 -26 463 
-4900 -3125 -2064 6081 453 -8624 0 0 0 0 1 187 -30 464 
-4630 -3372 -2103 5576 -664 -8111 0 0 0 0 1 187 -47 464 
-4656 -3470 -2404 5174 -1122 -7707 0 0 0 0 1 182 -60 476 
-5253 -3677 -3229 5259 -482 -7585 0 0 0 0 1 172 -76 481 
-5588 -3624 -3679 5980 1507 -7564 0 0 0 0 1 172 -90 481 
-5611 -3620 -3521 6846 2145 -7366 0 0 0 0 1 155 -93 474 
-5287 -3594 -2989 6974 738 -6917 0 0 0 0 1 163 -99 485 
-4929 -3736 -2248 6479 -439 -6555 0 0 0 0 1 138 -99 478 
-4803 -3777 -2037 5208 -1693 -6038 0 0 0 0 1 134 -85 505 
-4839 -3790 -2071 3978 -1602 -5667 0 0 0 0 1 116 -99 506 
-5190 -3749 -2572 3385 -669 -5621 0 0 0 0 1 121 -94 515 
-5699 -3744 -2972 3379 -132 -5755 0 0 0 0 1 101 -93 516 
-5807 -3697 -3005 3535 -165 -5867 0 0 0 0 1 109 -96 522 
-5531 -3468 -2601 3462 -646 -5749 0 0 0 0 1 88 -99 527 
-5198 -3103 -2134 2905 -1528 -5215 0 0 0 0 1 84 -93 535 
-4982 -2992 -1900 1987 -1753 -4339 0 0 0 0 1 81 -94 536 
-4749 -2780 -1578 1363 -1228 -3734 0 0 0 0 1 69 -87 536 
-4973 -2481 -1547 681 -166 -3071 0 0 0 0 1 75 -83 533 
-5101 -2207 -1556 332 -137 -2765 0 0 0 0 1 71 -89 538 
-4875 -1897 -1322 175 -730 -2562 0 0 0 0 1 76 -84 527 
-4625 -1495 -1311 6 -1839 -2165 0 0 0 0 1 76 -99 522 
-4458 -1266 -1392 -65 -2158 -1633 0 0 0 0 1 62 -94 534 
-4408 -992 -1375 -76 -1732 -1280 0 0 0 0 1 62 -96 536 
-4440 -914 -1321 -65 -724 -824 0 0 0 0 1 57 -96 538 
-4439 -761 -1109 -95 78 -440 0 0 0 0 1 58 -85 535 
-4350 -766 -952 -172 341 -190 0 0 0 0 1 53 -101 541 
-4287 -700 -898 -360 187 176 0 0 0 0 1 48 -109 538 
-4213 -619 -936 -512 -136 427 0 0 0 0 1 54 -117 530 
-4203 -620 -997 -719 -579 807 0 0 0 0 1 50 -104 541 
-4202 -572 -1110 -880 -720 1221 0 0 0 0 1 54 -110 535 
-4191 -605 -1077 -987 -663 1505 0 0 0 0 1 61 -115 533 
-4190 -683 -1057 -1184 -769 1956 0 0 0 0 1 49 -110 535 
-5814 -1660 -1289 -3187 -362 5315 0 0 0 0 1 50 -141 531 
-6678 -1577 -2853 -3034 -370 6434 0 0 0 0 1 67 -160 513 
-7367 -1850 -4332 -2190 -629 7449 0 0 0 0 1 57 -153 520 
-7912 -2230 -4725 -1326 88 8091 0 0 0 0 1 86 -141 513 
-8543 -2743 -5291 -966 913 8414 0 0 0 0 1 87 -144 514 
-9019 -3649 -5526 -877 2691 8862 0 0 0 0 1 116 -143 506 
-9568 -4288 -5810 -1386 4725 9232 0 0 0 0 1 132 -110 505 
-10309 -5420 -6329 -2041 5381 9540 0 0 0 0 1 167 -90 470 
-11248 -6695 -6332 -3608 4373 10215 0 0 0 0 1 186 -63 447 
-12099 -7352 -6286 -5867 3581 11377 0 0 0 0 1 213 -38 455 
-13542 -8127 -6495 -7383 4028 12367 0 0 0 0 1 217 -12 440 
-15065 -8463 -6918 -9175 5119 13792 0 0 0 0 1 226 17 412 
-16980 -8959 -6291 -10193 5625 14663 0 0 0 0 1 219 49 398 
-18280 -8744 -5519 -11506 5122 15317 0 0 0 0 1 206 118 387 
-19111 -8365 -4659 -12312 3701 15722 0 0 0 0 1 195 171 395 
-19118 -7410 -3744 -12449 2734 15865 0 0 0 0 1 156 190 406 
-19126 -7046 -3023 -12012 1082 15853 0 0 0 0 1 129 193 447 
-18938 -7474 -1512 -11405 139 15786 0 0 0 0 1 99 215 465 
-18066 -8093 -646 -9989 -797 15629 0 0 0 0 1 54 210 491 
-16176 -9053 -481 -8531 -981 15195 0 0 0 0 1 25 206 512 
-14342 -9769 -875 -5756 -279 13904 0 0 0 0 1 -58 181 558 
-10958 -10615 -1382 -3116 1261 12244 0 0 0 0 1 -77 174 554 
-702 -6192 1420 -223 218 -430 0 0 0 0 1 -113 100 582 
-779 -5660 1502 302 320 -1348 0 0 0 0 1 -113 85 572 
-807 -5281 1586 685 571 -2170 0 0 0 0 1 -104 99 585 
-902 -4746 1718 908 789 -2943 0 0 0 0 1 -100 106 573 
-988 -4181 1714 1022 865 -3455 0 0 0 0 1 -96 115 568 
-1025 -3619 1662 1175 936 -4231 0 0 0 0 1 -77 117 565 
-1084 -3318 1609 1306 911 -4990 0 0 0 0 1 -76 128 573 
-1187 -2910 1534 1397 760 -5454 0 0 0 0 1 -61 122 570 
-1230 -2693 1400 1603 330 -6038 0 0 0 0 1 -46 133 576 
-1429 -2425 1251 1885 -101 -6564 0 0 0 0 1 -49 139 568 
-1785 -2177 988 2135 -300 -6939 0 0 0 0 1 -23 154 556 
-2069 -2041 772 2596 -378 -7540 0 0 0 0 1 5 150 562 
-2371 -1953 533 2920 -178 -7936 0 0 0 0 1 7 154 551 
-2796 -1859 304 3449 374 -8513 0 0 0 0 1 25 164 537 
-3066 -1825 106 4016 798 -9038 0 0 0 0 1 50 163 527 
-3304 -1781 -81 4379 877 -9329 0 0 0 0 1 58 152 530 
-3392 -1871 -217 4849 661 -9696 0 0 0 0 1 89 161 519 
-3547 -1980 -216 5112 45 -9936 0 0 0 0 1 121 155 504 
-3874 -2386 -624 5244 -480 -10071 0 0 0 0 1 140 133 490 
-4298 -2581 -843 5370 -561 -10305 0 0 0 0 1 155 117 488 
-4602 -2851 -1369 5494 -228 -10306 0 0 0 0 1 167 120 474 
-4409 -3016 -1663 5758 162 -9812 0 0 0 0 1 180 96 469 
-4361 -3350 -2038 6031 23 -9058 0 0 0 0 1 192 82 455 
-4886 -3641 -2752 6381 -308 -8596 0 0 0 0 1 215 47 445 
-5280 -3710 -3235 6762 -324 -8575 0 0 0 0 1 194 35 452 
-5664 -3766 -3591 7539 227 -8907 0 0 0 0 1 204 15 448 
-5984 -3847 -3713 8068 648 -9223 0 0 0 0 1 212 7 433 
-6057 -3979 -3496 8409 815 -9577 0 0 0 0 1 200 -17 437 
-6284 -4139 -3200 8179 499 -9638 0 0 0 0 1 208 -38 441 
-6069 -4264 -3014 7243 49 -9266 0 0 0 0 1 207 -56 442 
-5884 -4348 -3322 6277 9 -8394 0 0 0 0 1 197 -62 452 
-5785 -4174 -3735 5962 512 -7673 0 0 0 0 1 187 -77 457 
-6098 -3895 -4257 6177 1567 -6779 0 0 0 0 1 185 -94 452 
-6122 -3522 -4335 6761 1589 -6231 0 0 0 0 1 166 -104 457 
-5900 -3186 -4088 7038 769 -6032 0 0 0 0 1 169 -90 470 
-5826 -3001 -3508 6889 -896 -5934 0 0 0 0 1 159 -104 476 
-5657 -3142 -3131 6036 -1511 -5820 0 0 0 0 1 145 -99 492 
-5936 -3171 -2795 4911 -538 -5761 0 0 0 0 1 132 -107 507 
-5916 -2956 -2723 4261 470 -5694 0 0 0 0 1 125 -107 502 
-5908 -2844 -2711 3647 1386 -5505 0 0 0 0 1 126 -101 499 
-5374 -2439 -2562 3345 599 -5013 0 0 0 0 1 134 -100 498 
-5147 -2253 -2437 3159 -457 -4517 0 0 0 0 1 125 -112 502 
-5157 -2092 -2380 2896 -1602 -3753 0 0 0 0 1 109 -94 508 
-5351 -1816 -2454 2767 -1569 -3323 0 0 0 0 1 101 -98 509 
-5543 -1625 -2394 2669 -311 -2838 0 0 0 0 1 103 -80 514 
-5510 -1464 -2238 2595 1385 -2477 0 0 0 0 1 106 -95 521 
-5189 -1103 -2093 2542 1959 -2221 0 0 0 0 1 96 -85 516 
-4877 -982 -1912 2315 1495 -1712 0 0 0 0 1 112 -84 511 
-4247 -729 -1642 1853 66 -1077 0 0 0 0 1 113 -83 505 
-4079 -633 -1693 1484 -853 -616 0 0 0 0 1 107 -72 506 
-4051 -559 -1801 976 -1436 -8 0 0 0 0 1 114 -82 506 
-4083 -499 -1978 585 -979 412 0 0 0 0 1 107 -62 520 
-4089 -485 -1973 359 -465 580 0 0 0 0 1 104 -57 508 
-4131 -553 -1815 -20 -103 708 0 0 0 0 1 109 -62 527 
-4102 -605 -1678 -306 -288 758 0 0 0 0 1 100 -65 513 
-4042 -658 -1625 -743 -870 868 0 0 0 0 1 113 -73 521 
-3992 -670 -1642 -1153 -1274 1105 0 0 0 0 1 90 -65 522 
-3910 -764 -1673 -1402 -1358 1353 0 0 0 0 1 88 -65 518 
-3906 -827 -1712 -1732 -1271 1809 0 0 0 0 1 90 -77 527 
-3901 -952 -1728 -2031 -995 2266 0 0 0 0 1 94 -71 514 
-3988 -1093 -1769 -2191 -910 2508 0 0 0 0 1 81 -77 529 
-4062 -1213 -1788 -2382 -1029 2761 0 0 0 0 1 86 -91 524 
-4130 -1368 -1827 -2490 -1207 2871 0 0 0 0 1 82 -85 528 
-4183 -1403 -1877 -2644 -1487 2971 0 0 0 0 1 90 -89 541 
-4176 -1396 -1930 -2798 -1511 3033 0 0 0 0 1 86 -94 538 
-4099 -1297 -1926 -2925 -1326 3073 0 0 0 0 1 84 -98 535 
-4117 -1263 -1944 -3095 -951 3115 0 0 0 0 1 71 -106 536 
-4280 -1221 -1958 -3198 -760 3115 0 0 0 0 1 82 -120 523 
-4368 -1089 -2072 -3322 -683 3136 0 0 0 0 1 76 -116 527 
-4458 -950 -2233 -3309 -791 3213 0 0 0 0 1 74 -126 518 
-4735 -759 -2633 -3095 -788 3374 0 0 0 0 1 93 -126 522 
-5151 -657 -2955 -2810 -626 3466 0 0 0 0 1 83 -138 520 
-5723 -783 -3269 -2154 -186 3584 0 0 0 0 1 95 -143 518 
-6573 -1314 -3799 -1400 154 3890 0 0 0 0 1 102 -138 518 
-7585 -1898 -4640 -948 301 4318 0 0 0 0 1 106 -132 514 
-8269 -2369 -5346 -489 830 5982 0 0 0 0 1 120 -122 519 
-9277 -3320 -6873 -273 2332 8187 0 0 0 0 1 140 -109 511 
-10825 -4689 -7162 -844 7167 11629 0 0 0 0 1 160 -83 493 
-14216 -6662 -7203 -3624 8600 13601 0 0 0 0 1 187 -52 469 
-15921 -8099 -6194 -6688 7843 14131 0 0 0 0 1 195 -19 433 
-16528 -8482 -6403 -11161 6640 14426 0 0 0 0 1 215 8 406 
-17540 -8914 -7491 -13905 6193 15122 0 0 0 0 1 220 82 373 
-18783 -9354 -7290 -14966 6029 15901 0 0 0 0 1 209 122 372 
-19950 -9413 -7011 -15711 4607 17023 0 0 0 0 1 186 157 381 
-21427 -9145 -6437 -15958 3118 17835 0 0 0 0 1 160 183 393 
-21322 -9159 -4061 -16009 1343 18426 0 0 0 0 1 127 203 444 
-20471 -9109 -2434 -15140 -2878 19504 0 0 0 0 1 93 207 476 
-1454 -7210 2111 1713 1073 -620 0 0 0 0 1 -120 125 579 
-1566 -5942 1693 594 -367 -1419 0 0 0 0 1 -109 136 571 
-1588 -5194 1297 -46 -952 -1960 0 0 0 0 1 -115 127 568 
-1581 -4254 662 -101 -773 -2385 0 0 0 0 1 -114 131 571 
-1546 -3467 250 134 -274 -2675 0 0 0 0 1 -104 145 562 
-1436 -2782 133 719 773 -3116 0 0 0 0 1 -93 126 580 
-1265 -2407 239 1295 1680 -3468 0 0 0 0 1 -88 143 564 
-923 -1886 523 1571 1959 -3622 0 0 0 0 1 -77 159 565 
-830 -1578 733 1785 1858 -3836 0 0 0 0 1 -57 158 559 
-839 -1195 1034 1813 1576 -3988 0 0 0 0 1 -55 165 564 
-856 -961 1136 1787 935 -4161 0 0 0 0 1 -42 169 547 
-922 -672 1175 1753 241 -4285 0 0 0 0 1 -31 170 555 
-1155 -343 1237 1718 -230 -4477 0 0 0 0 1 -9 186 551 
-1261 54 1111 1726 -404 -4624 0 0 0 0 1 4 188 537 
-1329 273 1057 1764 -477 -4848 0 0 0 0 1 3 175 536 
-1388 580 1057 1787 -446 -4979 0 0 0 0 1 9 198 537 
-1386 734 1045 1826 -372 -5079 0 0 0 0 1 29 172 531 
-1528 837 1070 1845 -367 -5089 0 0 0 0 1 38 190 524 
-1622 868 1118 1833 -403 -5015 0 0 0 0 1 49 193 523 
-1580 1018 1050 1801 -440 -4846 0 0 0 0 1 58 176 519 
-1676 1128 989 1792 -391 -4740 0 0 0 0 1 79 170 522 
-1706 1349 826 1853 -181 -4590 0 0 0 0 1 90 185 511 
-1759 1522 747 1924 12 -4507 0 0 0 0 1 93 172 501 
-1868 1581 742 2056 303 -4431 0 0 0 0 1 112 168 497 
-1978 1594 782 2136 506 -4379 0 0 0 0 1 102 170 494 
-1778 1766 847 2186 865 -4211 0 0 0 0 1 122 161 495 
-1572 1974 895 2187 1018 -4054 0 0 0 0 1 127 159 479 
-1531 2021 832 2218 993 -3841 0 0 0 0 1 148 152 470 
-1729 2164 722 2261 844 -3796 0 0 0 0 1 151 144 467 
-1919 2196 614 2372 550 -3876 0 0 0 0 1 154 138 466 
-2105 2174 492 2446 364 -3970 0 0 0 0 1 168 143 455 
-2065 2128 380 2541 205 -4038 0 0 0 0 1 176 127 449 
-1674 2375 262 2584 366 -4010 0 0 0 0 1 178 118 438 
-1508 2554 213 2611 920 -3912 0 0 0 0 1 193 110 453 
-1623 2566 230 2598 1213 -3870 0 0 0 0 1 187 99 422 
-1803 2501 338 2472 1289 -3809 0 0 0 0 1 193 98 437 
-1936 2373 435 2338 1092 -3726 0 0 0 0 1 211 77 415 
-1987 2283 441 2084 546 -3556 0 0 0 0 1 220 72 424 
-2037 2183 385 1848 52 -3350 0 0 0 0 1 214 63 412 
-1937 2162 272 1747 -74 -3180 0 0 0 0 1 224 46 409 
-1784 2311 74 1715 61 -2955 0 0 0 0 1 230 35 420 
-1682 2696 -197 1782 283 -2865 0 0 0 0 1 226 34 412 
-1751 2856 -296 1968 594 -2859 0 0 0 0 1 227 30 408 
-1998 2874 -264 2085 662 -2922 0 0 0 0 1 235 17 400 
-2140 2864 -192 2175 453 -3016 0 0 0 0 1 230 11 406 
-2269 2781 -181 2186 147 -3038 0 0 0 0 1 233 9 405 
-2404 2755 -217 2156 -341 -2996 0 0 0 0 1 228 2 384 
-2373 2591 -296 2128 -466 -2786 0 0 0 0 1 230 -18 399 
