Data Quantity : 14  Accelerometer : 3  Gyroscope : 3  FSR : 5







-1252 1621 36 -14 -62 -27 0 0 0 0 1 220 87 373 
-1254 1640 43 -22 -77 -19 0 0 0 0 1 219 76 374 
-1263 1649 51 -28 -89 -4 0 0 0 0 1 226 95 370 
-1284 1666 72 -30 -92 2 0 0 0 0 1 220 91 382 
-1270 1674 126 -57 -107 26 0 0 0 0 1 215 91 378 
-1245 1701 234 -85 -126 46 0 0 0 0 1 227 79 371 
-1226 1710 310 -159 -214 87 0 0 0 0 1 224 83 374 
-1238 1732 420 -227 -370 131 0 0 0 0 1 227 84 364 
-1239 1727 435 -254 -487 154 0 0 0 0 1 221 85 370 
-1287 1731 497 -277 -607 180 0 0 0 0 1 224 95 374 
-1327 1733 568 -290 -675 187 0 0 0 0 1 217 88 384 
-1426 1672 699 -323 -797 206 0 0 0 0 1 219 80 370 
-1437 1603 768 -332 -869 236 0 0 0 0 1 227 84 382 
-1433 1508 846 -337 -928 284 0 0 0 0 1 212 85 391 
-1378 1409 923 -327 -955 301 0 0 0 0 1 214 85 391 
-1390 1225 1106 -306 -1062 273 0 0 0 0 1 207 88 395 
-1216 916 1327 -314 -1198 259 0 0 0 0 1 219 93 405 
-1139 848 1343 -304 -1598 201 0 0 0 0 1 213 91 410 
-908 447 1403 -257 -2110 79 0 0 0 0 1 208 89 408 
-818 365 1411 -202 -2367 -42 0 0 0 0 1 200 78 428 
-620 37 1360 -56 -2665 -296 0 0 0 0 1 197 96 431 
-512 -388 1329 51 -2859 -511 0 0 0 0 1 195 90 430 
-425 -793 1287 184 -3177 -895 0 0 0 0 1 185 91 441 
-457 -1059 1175 307 -3496 -1364 0 0 0 0 1 182 91 448 
-475 -1399 980 390 -3602 -1723 0 0 0 0 1 169 85 470 
-547 -1578 840 513 -3554 -2330 0 0 0 0 1 174 68 474 
-719 -1862 536 658 -3343 -3012 0 0 0 0 1 159 55 490 
-852 -1985 384 760 -3091 -3503 0 0 0 0 1 163 47 497 
-978 -2047 226 941 -2488 -4279 0 0 0 0 1 156 40 501 
-1158 -2143 60 1086 -1995 -4810 0 0 0 0 1 152 35 508 
-1346 -2186 -21 1341 -1301 -5640 0 0 0 0 1 154 33 504 
-1651 -2220 -104 1515 -894 -6220 0 0 0 0 1 147 18 511 
-1823 -2214 -108 1772 -397 -7094 0 0 0 0 1 142 -8 529 
-2122 -2166 -67 1929 -210 -7646 0 0 0 0 1 141 -14 512 
-2264 -2149 -46 2109 -194 -8355 0 0 0 0 1 140 -40 518 
-2508 -2090 71 2177 -302 -8861 0 0 0 0 1 141 -49 528 
-2851 -2153 87 2179 -337 -9047 0 0 0 0 1 136 -66 512 
-3067 -2189 -93 2271 -52 -9198 0 0 0 0 1 127 -68 530 
-3723 -2208 -264 2576 635 -9283 0 0 0 0 1 116 -87 522 
-3861 -2156 -370 2879 950 -9112 0 0 0 0 1 100 -96 520 
-3914 -2200 -353 3327 885 -8475 0 0 0 0 1 103 -103 528 
-3880 -2301 -218 3506 565 -7829 0 0 0 0 1 86 -111 527 
-3992 -2444 -234 3567 32 -6743 0 0 0 0 1 83 -114 552 
-4381 -2558 -189 3424 -263 -5879 0 0 0 0 1 68 -105 523 
-4685 -2619 -243 3261 -339 -5429 0 0 0 0 1 66 -107 549 
-4922 -2630 -275 2943 -339 -4982 0 0 0 0 1 44 -100 537 
-5177 -2486 -377 2707 -318 -4776 0 0 0 0 1 49 -95 544 
-3595 -1045 -545 1277 446 -706 0 0 0 0 1 79 -52 555 
-3537 -867 -556 1083 539 -669 0 0 0 0 1 57 -55 538 
-3491 -761 -591 770 498 -584 0 0 0 0 1 67 -35 552 
-3365 -640 -585 547 407 -486 0 0 0 0 1 68 -41 540 
-3280 -545 -653 225 184 -267 0 0 0 0 1 77 -36 535 
-3274 -500 -693 -92 -57 -2 0 0 0 0 1 70 -44 542 
-3306 -384 -688 -312 -165 161 0 0 0 0 1 74 -45 552 
-3356 -316 -620 -679 -308 389 0 0 0 0 1 75 -49 537 
-3395 -281 -617 -1045 -559 608 0 0 0 0 1 68 -56 551 
-3489 -226 -640 -1266 -724 753 0 0 0 0 1 63 -51 544 
-3545 -233 -680 -1514 -839 965 0 0 0 0 1 61 -58 549 
-3666 -228 -807 -1651 -709 1174 0 0 0 0 1 60 -62 545 
-3789 -203 -870 -1692 -480 1315 0 0 0 0 1 50 -69 555 
-3848 -234 -861 -1730 -154 1530 0 0 0 0 1 49 -63 554 
-3943 -266 -811 -1798 -150 1786 0 0 0 0 1 51 -76 547 
-3993 -266 -793 -1873 -307 1976 0 0 0 0 1 49 -76 549 
-4052 -282 -769 -2049 -500 2247 0 0 0 0 1 54 -93 554 
-4270 -359 -762 -2181 -541 2385 0 0 0 0 1 53 -99 548 
-4606 -545 -948 -2297 -518 2498 0 0 0 0 1 48 -104 550 
-4836 -648 -1116 -2263 -457 2521 0 0 0 0 1 44 -107 551 
-5238 -860 -1441 -2151 -460 2519 0 0 0 0 1 44 -120 549 
-5528 -966 -1690 -1921 -535 2521 0 0 0 0 1 47 -117 547 
-5906 -1295 -1930 -1783 -600 2578 0 0 0 0 1 50 -121 543 
-6041 -1580 -2057 -1642 -724 2894 0 0 0 0 1 49 -125 544 
-6200 -1940 -2253 -1543 -861 3426 0 0 0 0 1 55 -133 545 
-6669 -2359 -2367 -1519 -844 4005 0 0 0 0 1 47 -125 544 
-7113 -2828 -2564 -1527 -580 4398 0 0 0 0 1 64 -116 550 
-7467 -3223 -2831 -1497 -123 4996 0 0 0 0 1 71 -136 552 
-7990 -4104 -3479 -1361 -38 5685 0 0 0 0 1 77 -120 535 
-8738 -5347 -4079 -1277 -10 6244 0 0 0 0 1 90 -131 545 
-9762 -6971 -4528 -1429 1134 7449 0 0 0 0 1 97 -116 543 
-10716 -8608 -4657 -2712 4694 9322 0 0 0 0 1 113 -105 540 
-11356 -9589 -4702 -4470 7022 10884 0 0 0 0 1 135 -101 529 
-12213 -10489 -4646 -7873 7054 13035 0 0 0 0 1 166 -94 497 
-13080 -11342 -4641 -9932 4526 14543 0 0 0 0 1 206 -28 455 
-14002 -11321 -5003 -11833 924 17099 0 0 0 0 1 209 -4 435 
-17486 -11465 -5767 -12305 730 18399 0 0 0 0 1 209 36 433 
-19994 -11740 -6381 -12391 3727 18993 0 0 0 0 1 205 76 440 
-22397 -11930 -6869 -12143 5028 18513 0 0 0 0 1 198 110 449 
-22442 -11979 -5469 -11780 4458 18093 0 0 0 0 1 179 144 447 
-21870 -11819 -2752 -11859 2381 18356 0 0 0 0 1 154 172 459 
-20832 -12131 -1311 -11623 373 18797 0 0 0 0 1 112 192 478 
-413 -9551 3113 -193 -1122 -222 0 0 0 0 1 -116 150 552 
-829 -7918 2550 361 -1266 -1640 0 0 0 0 1 -112 143 566 
-1327 -6604 2529 616 -1193 -2458 0 0 0 0 1 -125 157 565 
-1427 -5829 2579 777 -1107 -3384 0 0 0 0 1 -120 154 551 
-1474 -4767 2531 798 -1085 -3839 0 0 0 0 1 -121 163 555 
-1444 -4108 2449 772 -923 -4412 0 0 0 0 1 -112 163 557 
-1512 -3217 2285 719 -738 -4991 0 0 0 0 1 -94 169 554 
-1636 -2433 2122 666 -758 -5353 0 0 0 0 1 -86 175 541 
-1633 -2041 2026 539 -975 -5799 0 0 0 0 1 -70 186 540 
-1769 -1546 1908 400 -1252 -6178 0 0 0 0 1 -66 183 551 
-2062 -1168 1719 337 -1480 -6415 0 0 0 0 1 -56 183 542 
-2251 -941 1582 317 -1771 -6689 0 0 0 0 1 -47 186 549 
-2486 -688 1373 406 -1941 -6774 0 0 0 0 1 -35 191 530 
-2693 -604 1281 511 -1948 -6793 0 0 0 0 1 -9 183 542 
-2949 -563 1214 691 -1729 -6873 0 0 0 0 1 -14 186 544 
-3165 -501 1165 812 -1463 -6964 0 0 0 0 1 -1 190 541 
-3318 -481 1007 966 -1101 -7141 0 0 0 0 1 15 180 531 
-3362 -473 901 1104 -935 -7381 0 0 0 0 1 17 175 531 
-3452 -492 649 1218 -889 -7588 0 0 0 0 1 37 176 537 
-3528 -516 433 1507 -755 -7934 0 0 0 0 1 55 168 534 
-3578 -596 86 1817 -645 -8096 0 0 0 0 1 87 161 526 
-3507 -643 -78 2427 -603 -8093 0 0 0 0 1 89 139 526 
-3486 -938 -333 3064 -698 -7848 0 0 0 0 1 97 145 518 
-3518 -1030 -406 3443 -695 -7650 0 0 0 0 1 108 134 509 
-3708 -1235 -596 3921 -441 -7506 0 0 0 0 1 122 130 512 
-3983 -1436 -853 4329 -49 -7622 0 0 0 0 1 127 117 505 
-4256 -1624 -1002 4579 261 -7816 0 0 0 0 1 151 100 495 
-4376 -1744 -1039 4864 368 -8174 0 0 0 0 1 165 83 486 
-4718 -1893 -1149 4948 -35 -8455 0 0 0 0 1 176 76 484 
-4976 -2005 -1231 4860 -1063 -8904 0 0 0 0 1 188 53 491 
-4927 -2351 -1475 4713 -1679 -9068 0 0 0 0 1 195 44 481 
-4716 -2484 -1763 4558 -2174 -8910 0 0 0 0 1 174 24 488 
-4594 -2608 -2092 4692 -1916 -8341 0 0 0 0 1 186 9 493 
-4837 -2792 -2407 4960 -1372 -7914 0 0 0 0 1 167 -2 488 
-5173 -2876 -2460 5445 -506 -7522 0 0 0 0 1 168 -6 490 
-5997 -2908 -2457 5737 -203 -7548 0 0 0 0 1 167 -14 502 
-6484 -2760 -2445 6011 -135 -7884 0 0 0 0 1 162 -26 498 
-6454 -2668 -2458 6101 -41 -8206 0 0 0 0 1 152 -38 499 
-6218 -2629 -2619 6073 -2 -8198 0 0 0 0 1 152 -35 501 
-5868 -2620 -2633 5941 -200 -7904 0 0 0 0 1 149 -40 515 
-5632 -2649 -2647 5511 -807 -7134 0 0 0 0 1 143 -51 498 
-5563 -2680 -2737 5123 -1176 -6495 0 0 0 0 1 129 -41 526 
-5582 -2734 -2804 4479 -1107 -5585 0 0 0 0 1 123 -47 513 
-6002 -2716 -2633 3703 -379 -5108 0 0 0 0 1 129 -49 526 
-6395 -2500 -2197 3082 -131 -5040 0 0 0 0 1 122 -44 521 
-6422 -2284 -1870 2011 -687 -5066 0 0 0 0 1 125 -36 523 
-6206 -1896 -1524 952 -1680 -4990 0 0 0 0 1 112 -55 531 
-6178 -1614 -1360 414 -2105 -4824 0 0 0 0 1 108 -58 528 
-5979 -1287 -1484 58 -2294 -4270 0 0 0 0 1 96 -63 528 
-5826 -1056 -1524 203 -1825 -3434 0 0 0 0 1 87 -66 535 
-5647 -677 -1396 454 -1156 -2873 0 0 0 0 1 77 -68 530 
-5621 -284 -1255 885 -137 -2208 0 0 0 0 1 77 -63 544 
-5508 -59 -1133 1199 486 -1770 0 0 0 0 1 81 -65 531 
-5345 231 -898 1275 617 -1596 0 0 0 0 1 87 -66 535 
-5116 440 -855 1224 426 -1377 0 0 0 0 1 80 -58 533 
-4920 513 -821 1027 233 -1060 0 0 0 0 1 93 -45 524 
-4669 562 -873 853 147 -775 0 0 0 0 1 90 -60 536 
-4604 654 -1091 580 -5 -318 0 0 0 0 1 87 -56 530 
-4569 655 -1156 265 -11 120 0 0 0 0 1 93 -60 527 
-4545 651 -1209 16 37 374 0 0 0 0 1 93 -50 531 
-4551 638 -1097 -430 97 696 0 0 0 0 1 97 -50 529 
-4551 519 -929 -886 -20 981 0 0 0 0 1 89 -56 523 
-4595 388 -846 -1153 -193 1160 0 0 0 0 1 79 -60 531 
-4583 274 -893 -1407 -552 1478 0 0 0 0 1 77 -61 530 
-4557 84 -1123 -1485 -803 1717 0 0 0 0 1 89 -71 540 
-4591 -21 -1252 -1544 -932 2065 0 0 0 0 1 88 -67 536 
-4665 -208 -1401 -1583 -702 2322 0 0 0 0 1 79 -67 538 
-4945 -462 -1556 -1614 -244 2418 0 0 0 0 1 79 -82 545 
-5007 -605 -1597 -1628 59 2427 0 0 0 0 1 76 -104 543 
-5665 -2187 -3463 -1995 -1020 3064 0 0 0 0 1 79 -101 531 
-6020 -2843 -3762 -1664 -522 3315 0 0 0 0 1 90 -114 529 
-6429 -3210 -4045 -1458 387 3692 0 0 0 0 1 86 -109 534 
-7022 -4107 -4551 -1442 1165 4150 0 0 0 0 1 106 -107 533 
-7940 -5435 -4914 -1738 1915 5344 0 0 0 0 1 114 -114 527 
-8705 -6491 -4890 -2700 2404 7204 0 0 0 0 1 128 -111 520 
-10173 -8147 -4199 -4661 3050 9801 0 0 0 0 1 145 -87 515 
-11676 -9252 -4112 -6356 3118 11905 0 0 0 0 1 162 -83 498 
-13261 -9972 -3589 -9389 2684 15483 0 0 0 0 1 193 -39 477 
-14759 -9990 -3176 -11801 2190 18429 0 0 0 0 1 200 -7 463 
-18142 -10131 -3630 -12508 2432 19733 0 0 0 0 1 206 28 455 
-19917 -10317 -4250 -12301 3382 20139 0 0 0 0 1 193 73 449 
-20486 -10632 -3517 -12016 5317 20182 0 0 0 0 1 178 111 450 
-20043 -10432 -2289 -11832 3880 20316 0 0 0 0 1 162 137 453 
-19206 -10639 -1308 -10722 352 20277 0 0 0 0 1 90 182 497 
-17825 -11241 -2181 -7603 -1196 18333 0 0 0 0 1 46 195 511 
-14962 -13042 -2513 -5002 -376 16164 0 0 0 0 1 18 193 519 
-11300 -14247 -911 -2346 2308 13323 0 0 0 0 1 -9 203 533 
-6555 -14738 1400 -1436 2502 11686 0 0 0 0 1 -37 201 540 
-3911 -14189 3080 -835 877 8778 0 0 0 0 1 -58 196 535 
-3235 -13770 3433 -677 -243 5191 0 0 0 0 1 -75 196 542 
-2102 -12900 3552 -695 -168 2930 0 0 0 0 1 -94 181 542 
-1495 -11912 3394 -632 -72 270 0 0 0 0 1 -93 185 536 
-903 -10213 2960 -301 -752 -1334 0 0 0 0 1 -88 170 548 
-856 -8756 2665 -30 -1104 -2013 0 0 0 0 1 -86 170 552 
-1046 -7830 2672 263 -1232 -2831 0 0 0 0 1 -88 185 548 
-1496 -6500 2691 379 -1531 -3649 0 0 0 0 1 -84 169 542 
-1924 -5235 2683 370 -1706 -4249 0 0 0 0 1 -70 186 554 
-2117 -4441 2583 342 -1704 -5177 0 0 0 0 1 -68 179 542 
-2291 -3491 2278 402 -1443 -6008 0 0 0 0 1 -54 191 551 
-2437 -2660 2108 475 -1184 -6487 0 0 0 0 1 -47 188 540 
-2614 -2195 1998 624 -1287 -6995 0 0 0 0 1 -23 183 542 
-2765 -1618 1719 773 -1771 -7107 0 0 0 0 1 -17 199 531 
-2774 -1406 1439 1079 -2476 -6939 0 0 0 0 1 -4 198 533 
-2964 -1267 1247 1467 -2623 -6800 0 0 0 0 1 17 190 534 
-3473 -1015 808 1798 -2528 -6885 0 0 0 0 1 5 192 534 
-3782 -873 531 2342 -1919 -7268 0 0 0 0 1 20 187 529 
-3943 -715 270 2845 -1042 -7707 0 0 0 0 1 27 182 520 
-4054 -646 8 3131 -957 -7975 0 0 0 0 1 51 188 512 
-4317 -679 -184 3447 -1571 -8455 0 0 0 0 1 64 197 508 
-4660 -816 -422 3575 -2047 -8778 0 0 0 0 1 94 179 507 
-4723 -1012 -632 3730 -2516 -9105 0 0 0 0 1 97 160 504 
-4727 -1134 -989 3864 -2564 -9130 0 0 0 0 1 114 148 504 
-4669 -1458 -1276 3909 -2282 -8972 0 0 0 0 1 130 150 499 
-4688 -1590 -1433 3989 -1545 -8684 0 0 0 0 1 134 149 502 
-5088 -1706 -1789 4109 -1150 -8595 0 0 0 0 1 153 120 491 
-5293 -1745 -1940 4335 -884 -8589 0 0 0 0 1 155 107 491 
-5356 -1906 -2150 4618 -1045 -8726 0 0 0 0 1 162 76 481 
-5681 -2030 -2396 4798 -1306 -8978 0 0 0 0 1 168 72 483 
-5600 -2125 -2427 4970 -1637 -9368 0 0 0 0 1 165 58 488 
-5263 -2367 -2388 4971 -1869 -9557 0 0 0 0 1 174 34 488 
-5208 -2623 -2470 4890 -1844 -9592 0 0 0 0 1 168 18 490 
-5370 -2943 -2472 4645 -1226 -9467 0 0 0 0 1 166 8 504 
-5331 -3225 -2573 4540 -212 -9027 0 0 0 0 1 163 -6 487 
-5681 -3359 -2896 4644 216 -8707 0 0 0 0 1 148 -24 500 
-5534 -3342 -3019 4928 349 -8101 0 0 0 0 1 159 -30 504 
-5319 -3515 -2883 5092 170 -7662 0 0 0 0 1 156 -52 501 
-5230 -3505 -2857 5244 -373 -7104 0 0 0 0 1 145 -55 497 
-5777 -3561 -2795 5244 -486 -6900 0 0 0 0 1 147 -42 506 
-6008 -3503 -2688 5128 -126 -6901 0 0 0 0 1 138 -52 511 
-5915 -3473 -2596 4853 643 -6806 0 0 0 0 1 126 -50 513 
-5740 -3233 -2543 4638 985 -6665 0 0 0 0 1 141 -63 500 
-5593 -3146 -2513 4287 904 -6251 0 0 0 0 1 132 -46 507 
-5157 -3054 -2345 3860 176 -5593 0 0 0 0 1 128 -60 511 
-5139 -2994 -2004 3492 -500 -5147 0 0 0 0 1 128 -60 504 
-5496 -2783 -1708 2837 -1330 -4642 0 0 0 0 1 122 -61 507 
-5575 -2575 -1577 2164 -1454 -4205 0 0 0 0 1 126 -62 515 
-5405 -2283 -1373 1784 -1099 -3871 0 0 0 0 1 110 -68 507 
-5260 -2075 -1309 1395 -334 -3320 0 0 0 0 1 113 -71 509 
-4929 -1796 -1187 1163 110 -2728 0 0 0 0 1 107 -69 506 
-4765 -1566 -1028 1036 7 -2359 0 0 0 0 1 119 -74 506 
-4611 -1273 -1001 883 -563 -1825 0 0 0 0 1 114 -69 501 
-4544 -1125 -972 752 -944 -1329 0 0 0 0 1 110 -71 505 
-4550 -923 -1000 682 -814 -1053 0 0 0 0 1 114 -84 504 
-4486 -762 -900 570 -186 -734 0 0 0 0 1 116 -74 497 
-4481 -671 -894 429 312 -497 0 0 0 0 1 115 -76 495 
-4458 -486 -918 310 434 -370 0 0 0 0 1 109 -84 497 
-4335 -431 -997 158 325 -134 0 0 0 0 1 116 -87 497 
-4232 -379 -1049 -6 -134 210 0 0 0 0 1 117 -93 495 
-4149 -327 -1117 -144 -523 495 0 0 0 0 1 110 -85 498 
-4122 -325 -1144 -439 -902 955 0 0 0 0 1 106 -73 507 
-4150 -456 -1214 -789 -953 1384 0 0 0 0 1 112 -72 504 
-4180 -498 -1248 -1029 -865 1622 0 0 0 0 1 106 -85 502 
-4279 -593 -1224 -1411 -674 1894 0 0 0 0 1 94 -88 500 
-4327 -721 -1240 -1639 -665 2055 0 0 0 0 1 106 -71 509 
-4320 -758 -1234 -1936 -869 2311 0 0 0 0 1 100 -79 520 
-4263 -872 -1322 -2126 -1173 2619 0 0 0 0 1 93 -82 522 
-4211 -955 -1514 -2182 -1360 2853 0 0 0 0 1 92 -83 523 
-4153 -1024 -1654 -2189 -1582 3232 0 0 0 0 1 89 -78 533 
-4216 -1100 -1848 -2191 -1694 3554 0 0 0 0 1 81 -82 529 
-4408 -1139 -1899 -2246 -1577 3689 0 0 0 0 1 77 -83 542 
-4576 -1216 -1932 -2389 -1118 3755 0 0 0 0 1 82 -95 540 
-4865 -1317 -2126 -2477 -729 3710 0 0 0 0 1 70 -88 537 
-5067 -1491 -2358 -2484 -388 3588 0 0 0 0 1 82 -100 535 
-5203 -1708 -2744 -2379 -802 3640 0 0 0 0 1 81 -106 538 
-5450 -1919 -3018 -2307 -1339 3821 0 0 0 0 1 93 -99 534 
-5816 -2066 -2996 -2408 -1635 4231 0 0 0 0 1 79 -109 541 
-6761 -2628 -3370 -2732 -822 4904 0 0 0 0 1 80 -107 535 
-7400 -3072 -3761 -3258 944 5768 0 0 0 0 1 90 -118 541 
-8902 -4392 -5143 -3913 1310 6583 0 0 0 0 1 89 -107 523 
-9393 -5142 -5705 -4319 -412 7315 0 0 0 0 1 107 -96 527 
-9969 -5543 -6024 -5157 -2639 8838 0 0 0 0 1 116 -106 524 
-11554 -5914 -6692 -6135 -546 10747 0 0 0 0 1 120 -98 528 
-12671 -6881 -7793 -6626 2502 12256 0 0 0 0 1 123 -84 522 
-13931 -7587 -8236 -7247 5245 14036 0 0 0 0 1 161 -62 492 
-15476 -8593 -7666 -8277 5070 15665 0 0 0 0 1 193 -39 465 
-16236 -8807 -7340 -9201 4273 16933 0 0 0 0 1 202 7 449 
-17877 -9182 -6675 -10621 3714 17771 0 0 0 0 1 208 35 436 
-20133 -9256 -6771 -11199 2751 17572 0 0 0 0 1 206 77 431 
-20985 -9393 -6797 -11135 1830 16788 0 0 0 0 1 186 110 444 
-20965 -10222 -5865 -10390 1730 15995 0 0 0 0 1 147 158 464 
-19702 -10395 -4578 -9756 1051 15938 0 0 0 0 1 121 168 478 
-18479 -10933 -3927 -7947 -128 16226 0 0 0 0 1 79 190 499 
-16227 -12254 -3637 -5412 714 15912 0 0 0 0 1 43 207 522 
-12787 -13653 -1754 -4195 1789 14955 0 0 0 0 1 9 193 526 
-10256 -13638 400 -3580 2089 12354 0 0 0 0 1 -3 197 534 
-7087 -13636 2499 -3400 1190 10182 0 0 0 0 1 -35 181 547 
-5430 -13168 2273 -2600 330 6969 0 0 0 0 1 -68 183 554 
-3473 -12532 1923 -1651 1196 4341 0 0 0 0 1 -68 152 551 
-2040 -11693 2171 -1090 1209 3050 0 0 0 0 1 -55 158 557 
-1314 -10905 2366 -448 409 1763 0 0 0 0 1 -66 169 558 
-721 -9580 2623 -162 15 1071 0 0 0 0 1 -77 154 572 
-955 -8669 2636 130 -472 -177 0 0 0 0 1 -62 155 559 
-1440 -7445 2632 240 -631 -1110 0 0 0 0 1 -75 161 565 
-1526 -6621 2658 261 -585 -2353 0 0 0 0 1 -64 175 552 
-1440 -5550 2597 264 -510 -3007 0 0 0 0 1 -64 155 566 
-1408 -4510 2570 314 -264 -3873 0 0 0 0 1 -57 168 555 
-1517 -3589 2360 480 -89 -4755 0 0 0 0 1 -54 164 554 
-1695 -3040 2191 640 -59 -5374 0 0 0 0 1 -47 164 558 
-1761 -2625 1944 985 -177 -6148 0 0 0 0 1 -24 177 550 
-1888 -1979 1537 1389 -414 -6657 0 0 0 0 1 -21 171 558 
-1889 -1860 1479 1630 -561 -6837 0 0 0 0 1 -12 170 555 
-1969 -1581 1296 1928 -672 -7000 0 0 0 0 1 31 168 536 
-4329 -1637 -1223 3501 -904 -9315 0 0 0 0 1 156 82 524 
-4486 -1719 -1446 3946 326 -9449 0 0 0 0 1 153 63 505 
-4437 -1826 -1806 4384 1273 -9506 0 0 0 0 1 169 51 493 
-4527 -1853 -2048 5173 2206 -9605 0 0 0 0 1 189 28 499 
-4433 -1940 -2034 5812 1903 -9664 0 0 0 0 1 191 17 493 
-4135 -2250 -2130 6098 543 -9641 0 0 0 0 1 195 -17 477 
-4082 -2426 -2200 6062 -310 -9601 0 0 0 0 1 194 -30 480 
-4023 -2717 -2254 5714 -265 -9441 0 0 0 0 1 187 -45 483 
-4343 -3302 -2246 5225 1428 -9283 0 0 0 0 1 171 -65 492 
-4708 -3391 -2509 5025 2752 -9299 0 0 0 0 1 160 -78 493 
-4821 -3317 -2746 5081 3550 -9237 0 0 0 0 1 166 -96 476 
-4252 -3296 -3207 5378 1963 -8683 0 0 0 0 1 158 -117 477 
-3954 -3329 -3385 5470 -127 -7901 0 0 0 0 1 158 -122 484 
-4425 -3606 -3100 5262 -502 -7471 0 0 0 0 1 136 -120 481 
-4842 -3764 -2740 4525 286 -7008 0 0 0 0 1 121 -138 494 
-5557 -3895 -2511 3953 1021 -6898 0 0 0 0 1 122 -144 493 
-5951 -3922 -2626 3366 1824 -6954 0 0 0 0 1 113 -134 502 
-5815 -3849 -2746 3200 1434 -6781 0 0 0 0 1 106 -149 507 
-5382 -3436 -2698 3137 633 -6358 0 0 0 0 1 88 -153 506 
-5291 -3227 -2449 2890 -361 -5377 0 0 0 0 1 86 -155 522 
-5503 -2729 -1943 2560 -453 -4427 0 0 0 0 1 75 -149 526 
-5851 -2647 -1832 2438 -28 -4050 0 0 0 0 1 66 -144 519 
-6104 -2540 -1770 2440 940 -3754 0 0 0 0 1 61 -134 528 
-5930 -2335 -1487 2458 1504 -3548 0 0 0 0 1 64 -145 529 
-5525 -1888 -1383 2408 1391 -3033 0 0 0 0 1 58 -132 519 
-5167 -1516 -1303 2167 517 -2277 0 0 0 0 1 68 -132 537 
-5035 -1330 -1291 1910 63 -1729 0 0 0 0 1 64 -111 524 
-5050 -1190 -1371 1555 -27 -1043 0 0 0 0 1 62 -116 522 
-5252 -1108 -1422 1382 285 -744 0 0 0 0 1 58 -122 526 
-5347 -1091 -1342 1210 748 -481 0 0 0 0 1 74 -118 527 
-5355 -1012 -1250 1018 728 -287 0 0 0 0 1 64 -109 529 
-5123 -951 -1141 848 447 -63 0 0 0 0 1 66 -115 526 
-4979 -866 -1193 543 -166 423 0 0 0 0 1 69 -111 529 
-4898 -793 -1397 350 -486 789 0 0 0 0 1 74 -96 524 
-4875 -844 -1519 106 -578 1318 0 0 0 0 1 73 -95 523 
-4810 -975 -1671 -114 -438 1775 0 0 0 0 1 62 -99 538 
-4818 -1021 -1784 -371 -491 2128 0 0 0 0 1 62 -96 541 
-4751 -1063 -1844 -598 -666 2359 0 0 0 0 1 55 -89 534 
-4698 -1077 -1889 -1010 -970 2777 0 0 0 0 1 58 -107 540 
-4634 -1147 -1943 -1314 -1046 3080 0 0 0 0 1 56 -103 533 
-4679 -1178 -2077 -1712 -902 3446 0 0 0 0 1 70 -98 551 
-4741 -1269 -2301 -1991 -581 3661 0 0 0 0 1 61 -93 544 
-4862 -1398 -2486 -2142 -480 3718 0 0 0 0 1 67 -104 536 
-5009 -1447 -2595 -2352 -579 3739 0 0 0 0 1 60 -109 548 
-5018 -1512 -2661 -2563 -822 3874 0 0 0 0 1 71 -114 536 
-5066 -1580 -2761 -2711 -959 4065 0 0 0 0 1 80 -117 528 
-5194 -1872 -2944 -2977 -772 4514 0 0 0 0 1 74 -118 536 
-5481 -2034 -3305 -3187 -468 4821 0 0 0 0 1 197 -47 471 
-14615 -7414 -4944 -8268 3402 16053 0 0 0 0 1 195 -12 451 
-16161 -7638 -5336 -9412 3353 16730 0 0 0 0 1 211 15 436 
-17973 -7960 -5270 -10642 4374 17387 0 0 0 0 1 204 52 429 
-19085 -7869 -5435 -11237 4263 17178 0 0 0 0 1 189 136 434 
-19518 -7919 -4563 -11460 3828 16745 0 0 0 0 1 163 158 438 
-19155 -8105 -3274 -11754 1965 16207 0 0 0 0 1 136 183 463 
-17111 -9468 -1931 -11053 -763 16293 0 0 0 0 1 110 191 502 
-15217 -10371 -2371 -9461 -1847 16440 0 0 0 0 1 63 191 516 
-13000 -11674 -3363 -5654 -893 15624 0 0 0 0 1 11 186 533 
-8811 -13358 -1521 -2598 2430 12755 0 0 0 0 1 -10 185 538 
-6526 -13429 662 -1593 3446 10218 0 0 0 0 1 -46 172 550 
-4884 -13360 1899 -742 2303 6480 0 0 0 0 1 -43 168 552 
-2375 -12799 2492 -439 1919 4501 0 0 0 0 1 -43 172 545 
-1293 -12284 2940 -319 1508 2143 0 0 0 0 1 -61 181 549 
-832 -10899 2968 -187 69 157 0 0 0 0 1 -62 170 555 
-742 -9982 2804 -45 -477 -946 0 0 0 0 1 -51 166 547 
-733 -8417 2353 288 -475 -2321 0 0 0 0 1 -48 163 550 
-1199 -6510 2010 585 -375 -3112 0 0 0 0 1 -38 165 555 
-1408 -5629 1957 999 -204 -4153 0 0 0 0 1 -42 169 558 
-1631 -4794 2038 1212 118 -5109 0 0 0 0 1 -23 176 554 
-2007 -3650 2093 1242 250 -5729 0 0 0 0 1 -11 159 547 
-2209 -3059 2040 1181 294 -6594 0 0 0 0 1 -5 180 538 
-3797 -175 208 2806 859 -6717 0 0 0 0 1 120 120 519 
-3838 -100 266 2951 868 -6948 0 0 0 0 1 134 105 521 
-3619 -21 274 2926 608 -7056 0 0 0 0 1 135 87 511 
-3383 -35 171 2828 17 -7028 0 0 0 0 1 160 76 502 
-3139 -123 -82 2798 -350 -6897 0 0 0 0 1 169 73 507 
-3076 -202 -277 2878 -696 -6637 0 0 0 0 1 168 50 501 
-3341 -381 -636 3120 -676 -6502 0 0 0 0 1 171 42 508 
-3625 -406 -793 3351 -540 -6558 0 0 0 0 1 181 31 500 
-3778 -420 -895 3728 -154 -6781 0 0 0 0 1 187 20 497 
-3986 -475 -1023 3991 185 -7001 0 0 0 0 1 174 19 500 
-4086 -476 -1158 4414 727 -7370 0 0 0 0 1 171 -11 490 
-4138 -539 -1177 4758 1239 -7689 0 0 0 0 1 179 -24 493 
-3989 -638 -1224 5012 1389 -7849 0 0 0 0 1 180 -25 487 
-3807 -677 -1259 5126 1111 -7774 0 0 0 0 1 176 -39 486 
-3567 -796 -1356 5224 352 -7339 0 0 0 0 1 172 -61 488 
-3362 -990 -1413 5233 -46 -6946 0 0 0 0 1 167 -71 477 
-3652 -1144 -1622 5281 -227 -6541 0 0 0 0 1 158 -68 491 
-4214 -1220 -1851 5416 197 -6463 0 0 0 0 1 154 -72 501 
-4420 -1317 -1860 5516 832 -6494 0 0 0 0 1 149 -82 504 
-4493 -1368 -1735 5505 1007 -6505 0 0 0 0 1 142 -89 506 
-4350 -1391 -1694 5331 750 -6460 0 0 0 0 1 139 -76 500 
-4402 -1413 -1684 5134 364 -6457 0 0 0 0 1 141 -90 509 
-4527 -1421 -1706 4786 -132 -6474 0 0 0 0 1 130 -77 515 
-4557 -1443 -1804 4570 -253 -6378 0 0 0 0 1 113 -76 514 
-4433 -1488 -1832 4332 20 -5954 0 0 0 0 1 114 -79 515 
-4341 -1448 -1835 4170 448 -5242 0 0 0 0 1 108 -88 519 
-4289 -1468 -1774 4067 569 -4710 0 0 0 0 1 110 -88 533 
-4255 -1463 -1537 3488 286 -3477 0 0 0 0 1 89 -66 533 
-4442 -1451 -1536 3127 154 -3307 0 0 0 0 1 97 -65 529 
-4663 -1456 -1491 2768 288 -3314 0 0 0 0 1 93 -65 534 
-4598 -1402 -1384 2523 375 -3280 0 0 0 0 1 104 -62 529 
-4449 -1240 -1307 2143 205 -3036 0 0 0 0 1 99 -58 540 
-4153 -1096 -1241 1750 -154 -2489 0 0 0 0 1 89 -51 530 
-4000 -981 -1174 1351 -353 -1777 0 0 0 0 1 96 -46 528 
-4049 -861 -1222 1125 -395 -1360 0 0 0 0 1 93 -47 541 
-4128 -792 -1250 851 -332 -948 0 0 0 0 1 82 -41 540 
-4300 -703 -1249 624 -300 -767 0 0 0 0 1 90 -40 538 
-4289 -632 -1232 475 -327 -694 0 0 0 0 1 101 -49 540 
-4294 -590 -1194 201 -286 -562 0 0 0 0 1 92 -39 537 
-4211 -452 -1126 -16 -172 -421 0 0 0 0 1 97 -40 536 
-4102 -377 -1120 -355 68 -101 0 0 0 0 1 97 -52 529 
-3991 -290 -1118 -653 240 302 0 0 0 0 1 92 -49 535 
-3900 -227 -1099 -915 115 728 0 0 0 0 1 93 -57 534 
-3915 -208 -1073 -1059 -123 992 0 0 0 0 1 87 -44 535 
-3959 -198 -1014 -1266 -575 1345 0 0 0 0 1 93 -57 534 
-4052 -202 -1008 -1390 -811 1544 0 0 0 0 1 96 -61 542 
-4189 -173 -1089 -1563 -856 1762 0 0 0 0 1 90 -60 545 
-4283 -123 -1222 -1682 -532 1905 0 0 0 0 1 86 -65 529 
-4339 -156 -1306 -1749 -227 1990 0 0 0 0 1 77 -63 537 
-4389 -169 -1397 -1823 -49 2134 0 0 0 0 1 82 -68 533 
-4487 -139 -1497 -1898 -187 2355 0 0 0 0 1 89 -61 537 
-4490 -111 -1701 -3093 1227 8133 0 0 0 0 1 117 -73 549 
-11256 -5111 -4887 -3574 1553 9307 0 0 0 0 1 110 -68 544 
-11966 -5894 -4544 -4995 1602 11037 0 0 0 0 1 123 -52 531 
-13140 -6513 -3969 -7057 2364 12854 0 0 0 0 1 152 -40 513 
-15137 -7597 -4690 -8564 4038 14659 0 0 0 0 1 160 -19 507 
-16157 -8064 -4654 -9024 4909 15795 0 0 0 0 1 168 3 490 
-17296 -8261 -4191 -9260 5620 17122 0 0 0 0 1 200 31 474 
-19402 -8515 -3367 -9212 5425 17711 0 0 0 0 1 191 58 472 
-20079 -8829 -2421 -8932 5313 18400 0 0 0 0 1 185 91 452 
-21044 -8327 -1936 -8284 4333 18333 0 0 0 0 1 179 139 453 
-21271 -8027 -1542 -7643 4154 17842 0 0 0 0 1 121 182 464 
-20656 -8294 -1126 -6680 4141 16871 0 0 0 0 1 84 208 479 
-17665 -9679 101 -6137 3723 16269 0 0 0 0 1 71 229 492 
-15456 -10790 198 -5077 2900 15509 0 0 0 0 1 16 225 502 
-13090 -11485 389 -3913 2907 14252 0 0 0 0 1 -4 228 500 
-9819 -11943 1505 -3194 2357 11955 0 0 0 0 1 -29 217 515 
-6885 -11892 2456 -2821 1363 10047 0 0 0 0 1 -54 206 519 
-5460 -11661 2430 -2071 159 7124 0 0 0 0 1 -89 196 535 
-3705 -11203 1857 -1464 91 5460 0 0 0 0 1 -93 197 531 
-2865 -10765 1722 -727 411 3569 0 0 0 0 1 -115 176 533 
-1958 -9906 1773 -416 519 2631 0 0 0 0 1 -117 181 528 
-1564 -9240 1962 -209 544 1405 0 0 0 0 1 -115 188 551 
-1393 -8126 2076 -165 376 573 0 0 0 0 1 -116 170 536 
-1341 -7427 2070 -223 86 -672 0 0 0 0 1 -128 170 538 
-1199 -6393 2085 -322 7 -1435 0 0 0 0 1 -123 182 548 
-1126 -5804 2084 -498 1 -2459 0 0 0 0 1 -104 172 545 
-1113 -4962 2005 -635 78 -3440 0 0 0 0 1 -94 174 542 
-1144 -4222 1882 -682 175 -4076 0 0 0 0 1 -90 165 548 
-1172 -3827 1773 -675 336 -4985 0 0 0 0 1 -73 171 551 
-1315 -3272 1590 -611 466 -5580 0 0 0 0 1 -63 181 547 
-1429 -2919 1449 -395 675 -6402 0 0 0 0 1 -62 168 548 
-1527 -2463 1349 -175 714 -6853 0 0 0 0 1 -31 175 555 
-1557 -2245 1260 242 427 -7294 0 0 0 0 1 -27 180 559 
-1737 -1990 1151 533 128 -7490 0 0 0 0 1 -8 175 548 
-2055 -1843 1079 903 -163 -7835 0 0 0 0 1 10 155 552 
-2733 -1642 978 1229 -160 -8311 0 0 0 0 1 28 166 544 
-3301 -1529 789 1581 337 -8801 0 0 0 0 1 53 155 538 
-3680 -1433 561 1876 894 -9075 0 0 0 0 1 66 152 537 
-3871 -1418 379 2454 1640 -9393 0 0 0 0 1 94 139 537 
-4325 -1195 48 2897 1688 -9553 0 0 0 0 1 108 122 533 
-4238 -1257 -142 3540 908 -9471 0 0 0 0 1 148 103 521 
-4280 -1355 -323 4019 -243 -9103 0 0 0 0 1 156 99 508 
-4709 -1469 -698 4269 -753 -8897 0 0 0 0 1 154 84 515 
-4958 -1531 -959 4683 -552 -8721 0 0 0 0 1 167 63 502 
-5159 -1525 -1513 5274 697 -8602 0 0 0 0 1 176 63 488 
-5141 -1498 -1615 5727 1610 -8525 0 0 0 0 1 184 49 493 
-5112 -1477 -1718 6331 1894 -8442 0 0 0 0 1 200 36 486 
-5092 -1554 -1781 6572 1194 -8464 0 0 0 0 1 204 1 466 
-5298 -1692 -2070 6652 -507 -8762 0 0 0 0 1 193 -4 463 
-5493 -1722 -2328 6569 -1254 -9291 0 0 0 0 1 193 -17 470 
-5350 -1836 -2647 6556 -906 -9501 0 0 0 0 1 184 -36 479 
-5115 -1911 -2777 6665 321 -9346 0 0 0 0 1 180 -50 490 
-4915 -2081 -2645 6749 1525 -8750 0 0 0 0 1 179 -58 479 
-4762 -2403 -2348 6684 1747 -8228 0 0 0 0 1 176 -80 481 
-4674 -2684 -2146 6341 1143 -7514 0 0 0 0 1 156 -84 490 
-4986 -3026 -2069 5991 534 -7253 0 0 0 0 1 148 -83 488 
-5331 -3151 -2056 5442 -13 -7222 0 0 0 0 1 151 -83 493 
-5651 -3249 -2157 5037 -294 -7311 0 0 0 0 1 141 -93 500 
-5642 -3197 -2267 4854 -483 -7266 0 0 0 0 1 134 -93 502 
-5555 -3145 -2287 4682 -536 -6892 0 0 0 0 1 123 -106 511 
-5295 -2969 -2398 4655 -42 -6158 0 0 0 0 1 114 -104 527 
-5214 -2886 -2380 4697 501 -5625 0 0 0 0 1 112 -106 513 
-5325 -2651 -1995 4693 1045 -4774 0 0 0 0 1 96 -95 526 
-5248 -2523 -1568 4331 398 -4313 0 0 0 0 1 86 -89 527 
-5196 -2474 -1393 3659 -468 -3977 0 0 0 0 1 97 -77 531 
-5190 -2482 -1357 3171 -781 -3781 0 0 0 0 1 93 -77 534 
-5091 -2301 -1701 2603 -650 -3461 0 0 0 0 1 89 -71 537 
-5052 -2219 -1815 2278 141 -3102 0 0 0 0 1 83 -72 538 
-4911 -2052 -1675 2103 469 -2794 0 0 0 0 1 89 -66 540 
-4757 -1838 -1507 1733 296 -2230 0 0 0 0 1 83 -55 536 
-4605 -1554 -1214 1201 -135 -1625 0 0 0 0 1 74 -69 538 
-4470 -1203 -1051 827 -338 -1237 0 0 0 0 1 77 -61 540 
-4383 -1112 -1037 348 -387 -673 0 0 0 0 1 83 -57 543 
-4368 -1034 -1007 4 -296 -237 0 0 0 0 1 80 -56 547 
-4360 -903 -1055 -178 -302 37 0 0 0 0 1 81 -69 538 
-4418 -744 -1115 -246 -325 129 0 0 0 0 1 81 -67 534 
-4464 -644 -1180 -304 -365 216 0 0 0 0 1 75 -63 542 
-4523 -505 -1265 -376 -276 347 0 0 0 0 1 76 -79 529 
-4444 -351 -1191 -481 -116 512 0 0 0 0 1 77 -66 535 
-4339 -278 -1131 -742 75 899 0 0 0 0 1 79 -65 538 
-4281 -212 -1101 -959 21 1207 0 0 0 0 1 92 -68 530 
-4304 -195 -1116 -1290 -334 1662 0 0 0 0 1 75 -68 540 
-4371 -230 -1159 -1517 -631 1937 0 0 0 0 1 66 -78 540 
-4423 -239 -1212 -1852 -1031 2302 0 0 0 0 1 81 -79 536 
-4451 -222 -1363 -2059 -1190 2529 0 0 0 0 1 71 -74 543 
-4455 -251 -1468 -2333 -1172 2847 0 0 0 0 1 67 -79 536 
-4573 -253 -1702 -2536 -918 3084 0 0 0 0 1 67 -94 541 
-4609 -273 -1745 -2624 -733 3203 0 0 0 0 1 73 -85 540 
-4731 -374 -1908 -2687 -656 3371 0 0 0 0 1 56 -95 542 
-4885 -525 -1992 -2696 -688 3493 0 0 0 0 1 66 -98 549 
-4931 -615 -2091 -2646 -757 3736 0 0 0 0 1 62 -96 548 
-5264 -821 -2422 -2480 -777 3977 0 0 0 0 1 77 -100 547 
-5438 -975 -2626 -2298 -715 4133 0 0 0 0 1 77 -110 540 
-5664 -1229 -2841 -1953 -391 4335 0 0 0 0 1 87 -105 540 
-6124 -1769 -3216 -1683 -105 4439 0 0 0 0 1 86 -114 538 
-6363 -2372 -3435 -1311 380 4632 0 0 0 0 1 107 -96 543 
-6633 -2819 -3425 -1119 800 4831 0 0 0 0 1 100 -94 538 
-6864 -3535 -3373 -1127 922 5165 0 0 0 0 1 116 -101 538 
-7456 -4465 -3500 -1149 1087 5427 0 0 0 0 1 109 -82 536 
-7839 -5134 -3728 -1127 1862 5907 0 0 0 0 1 128 -82 529 
-8454 -6596 -3838 -1193 2670 6320 0 0 0 0 1 146 -73 516 
-9571 -8274 -3598 -1746 3803 7069 0 0 0 0 1 153 -53 500 
-10451 -9248 -3105 -3315 5229 7810 0 0 0 0 1 192 -25 483 
-11164 -10268 -1929 -5174 6324 8438 0 0 0 0 1 201 -13 471 
-11125 -11134 -1254 -8807 6481 10011 0 0 0 0 1 220 1 445 
-12300 -11831 -835 -12470 4597 12477 0 0 0 0 1 230 20 431 
-12136 -11962 -1326 -14238 2648 14420 0 0 0 0 1 226 36 423 
-13290 -11991 -1738 -15480 829 17317 0 0 0 0 1 215 74 424 
-15624 -11038 -2682 -15462 528 18667 0 0 0 0 1 204 96 441 
-17016 -11385 -2701 -14928 1801 19601 0 0 0 0 1 139 154 470 
-16191 -12093 -2077 -14067 2814 19659 0 0 0 0 1 109 165 497 
-14587 -12688 -2201 -12657 1661 19482 0 0 0 0 1 86 168 508 
-12296 -13432 -2623 -8863 -553 17685 0 0 0 0 1 40 171 544 
-10114 -13832 -2514 -6104 -298 14922 0 0 0 0 1 21 161 551 
-368 -6563 2325 1988 -1393 -5500 0 0 0 0 1 -8 182 550 
-1033 -4919 1563 2558 -1061 -6318 0 0 0 0 1 -16 183 547 
-1513 -4295 1344 3188 -553 -7122 0 0 0 0 1 3 185 536 
-1997 -3579 1175 3557 -245 -7567 0 0 0 0 1 14 179 535 
-2450 -3112 1231 3870 -35 -8094 0 0 0 0 1 43 187 522 
-2970 -2616 1286 3843 -325 -8533 0 0 0 0 1 77 186 502 
-3118 -2370 1420 3445 -738 -8613 0 0 0 0 1 87 181 491 
-3171 -2428 1201 3119 -1081 -8439 0 0 0 0 1 106 164 498 
-3494 -2330 980 2692 -1487 -8201 0 0 0 0 1 127 176 493 
-4155 -2323 452 2457 -1753 -8079 0 0 0 0 1 133 150 490 
-4465 -2339 252 2418 -1888 -8054 0 0 0 0 1 143 137 491 
-4808 -2356 20 2507 -2058 -8115 0 0 0 0 1 147 121 490 
-5149 -2361 -301 2635 -1924 -8202 0 0 0 0 1 172 112 498 
-5364 -2389 -457 2907 -1225 -8396 0 0 0 0 1 169 83 500 
-5550 -2302 -666 3222 -299 -8556 0 0 0 0 1 174 53 495 
-5463 -2270 -799 3436 225 -8578 0 0 0 0 1 187 47 492 
-5346 -2342 -776 3686 519 -8466 0 0 0 0 1 186 36 479 
-5070 -2412 -881 3860 198 -8123 0 0 0 0 1 192 15 485 
-4775 -2682 -994 3938 -84 -7831 0 0 0 0 1 188 2 472 
-4857 -2823 -1181 4094 -520 -7586 0 0 0 0 1 194 -33 485 
-5081 -2929 -1599 4381 -628 -7610 0 0 0 0 1 179 -46 491 
-5112 -3094 -1837 4647 -390 -7716 0 0 0 0 1 179 -61 486 
-5287 -3181 -2003 5087 16 -8009 0 0 0 0 1 169 -63 495 
-5353 -3200 -2154 5493 540 -8356 0 0 0 0 1 165 -78 502 
-5462 -3351 -2257 5725 908 -8573 0 0 0 0 1 153 -80 502 
-5524 -3357 -2278 5931 1202 -8690 0 0 0 0 1 140 -99 511 
-5277 -3516 -2328 6016 1069 -8240 0 0 0 0 1 132 -110 509 
-5126 -3594 -2205 5956 883 -7670 0 0 0 0 1 116 -109 513 
-4940 -3628 -2217 5720 421 -6678 0 0 0 0 1 123 -106 520 
-5260 -3593 -2429 5443 132 -6071 0 0 0 0 1 110 -103 523 
-5673 -3522 -2642 5324 302 -5941 0 0 0 0 1 104 -104 524 
-5901 -3347 -2807 5259 638 -6013 0 0 0 0 1 94 -90 537 
-5918 -3141 -2747 5102 428 -6118 0 0 0 0 1 90 -84 548 
-5651 -2884 -2528 4836 43 -6067 0 0 0 0 1 89 -68 535 
-5461 -2676 -2410 4194 -403 -5716 0 0 0 0 1 90 -69 536 
-5180 -2395 -2265 3687 -299 -5253 0 0 0 0 1 80 -76 540 
-5207 -2137 -2213 2992 366 -4407 0 0 0 0 1 64 -74 550 
-5265 -1924 -2113 2434 858 -3601 0 0 0 0 1 76 -65 543 
-5267 -1668 -1860 2097 541 -3109 0 0 0 0 1 75 -66 542 
-5204 -1423 -1727 1577 -403 -2461 0 0 0 0 1 66 -61 537 
-5065 -1092 -1698 1111 -957 -1897 0 0 0 0 1 69 -57 545 
-4922 -660 -1912 785 -676 -1432 0 0 0 0 1 75 -63 542 
-4828 -545 -1983 637 -174 -1173 0 0 0 0 1 73 -68 544 
-4693 -439 -1969 449 481 -848 0 0 0 0 1 66 -56 549 
-4488 -330 -1761 283 596 -632 0 0 0 0 1 73 -49 544 
-4253 -273 -1524 -40 262 -241 0 0 0 0 1 75 -56 549 
-4167 -196 -1413 -444 -409 184 0 0 0 0 1 77 -56 561 
-4181 -118 -1335 -734 -826 421 0 0 0 0 1 69 -62 548 
-4303 -49 -1440 -1113 -1218 662 0 0 0 0 1 68 -56 547 
-4395 -46 -1539 -1368 -1234 812 0 0 0 0 1 62 -62 555 
-4593 -112 -1730 -1537 -1013 941 0 0 0 0 1 66 -63 535 
-4745 -169 -1762 -1640 -859 1037 0 0 0 0 1 60 -69 550 
-4827 -290 -1736 -1831 -745 1280 0 0 0 0 1 64 -87 559 
-4901 -462 -1707 -2077 -811 1682 0 0 0 0 1 51 -88 549 
-4959 -633 -1658 -2266 -895 2012 0 0 0 0 1 60 -82 545 
-5104 -750 -1656 -2560 -1104 2474 0 0 0 0 1 49 -90 554 
-5338 -892 -1692 -2818 -1306 2890 0 0 0 0 1 47 -95 554 
-5585 -959 -1778 -2954 -1442 3130 0 0 0 0 1 54 -100 551 
-5759 -993 -1855 -3119 -1676 3443 0 0 0 0 1 36 -111 555 
-6116 -1043 -1877 -3274 -1712 3752 0 0 0 0 1 40 -120 549 
-6375 -1156 -1991 -3313 -1642 3966 0 0 0 0 1 50 -141 541 
-6731 -1254 -2039 -3287 -1383 4294 0 0 0 0 1 38 -138 555 
-7035 -1413 -1925 -3190 -926 4840 0 0 0 0 1 42 -139 547 
-7235 -1885 -2071 -2990 -863 5377 0 0 0 0 1 55 -148 541 
-7280 -2158 -2188 -2479 -1406 6499 0 0 0 0 1 58 -142 537 
-7553 -2718 -2307 -1827 -1969 7729 0 0 0 0 1 66 -149 530 
-8725 -3524 -2318 -1374 -1816 8326 0 0 0 0 1 83 -136 541 
-9534 -4213 -2297 -771 -213 8817 0 0 0 0 1 94 -122 530 
-10527 -5312 -2299 -338 2158 9168 0 0 0 0 1 103 -100 535 
-10932 -6397 -2392 -231 3623 9702 0 0 0 0 1 133 -94 515 
-11177 -7164 -2260 -802 5416 11234 0 0 0 0 1 152 -67 513 
-11322 -7757 -2025 -2543 5953 13658 0 0 0 0 1 172 -29 509 
-13325 -8483 -1287 -5050 5179 15563 0 0 0 0 1 201 28 457 
-14588 -8611 -1255 -6572 4672 16136 0 0 0 0 1 207 66 460 
-15022 -8507 -1750 -8058 4497 16638 0 0 0 0 1 185 109 443 
-15051 -8023 -1827 -9036 4826 16847 0 0 0 0 1 176 142 449 
-14943 -7703 -1724 -9476 4572 16856 0 0 0 0 1 161 170 450 
-14527 -7814 -1449 -9561 3485 16619 0 0 0 0 1 142 190 464 
-12792 -8928 -2101 -8260 1858 15632 0 0 0 0 1 73 213 491 
-11457 -9998 -2733 -6686 1805 14449 0 0 0 0 1 30 223 498 
-9492 -11192 -2488 -4588 3769 12270 0 0 0 0 1 10 204 513 
-6029 -12120 -172 -3955 4947 10626 0 0 0 0 1 -1 202 520 
-4224 -11959 1216 -3599 3971 7762 0 0 0 0 1 -14 201 523 
-2115 -11403 2013 -3215 2562 4827 0 0 0 0 1 -20 197 524 
-952 -10672 2558 -2950 2302 3072 0 0 0 0 1 -8 187 541 
-491 -9668 2747 -2420 1626 997 0 0 0 0 1 -18 174 549 
-521 -8714 2850 -1737 802 -473 0 0 0 0 1 -12 163 562 
-1535 -1998 2234 1823 -1512 -7447 0 0 0 0 1 151 125 502 
-3138 -1040 531 1721 -1577 -7634 0 0 0 0 1 156 101 497 
-3611 -1045 -75 1905 -1302 -7882 0 0 0 0 1 163 91 506 
-3758 -1078 -205 2156 -943 -8051 0 0 0 0 1 169 61 500 
-3991 -1081 -304 2616 -416 -8358 0 0 0 0 1 172 39 505 
-4432 -1060 -508 2947 -256 -8607 0 0 0 0 1 179 31 500 
-4563 -1047 -706 3439 -217 -8916 0 0 0 0 1 184 19 502 
-4633 -1093 -815 3885 -48 -9028 0 0 0 0 1 180 3 508 
-4566 -1193 -945 4290 295 -8812 0 0 0 0 1 172 -34 509 
-4577 -1303 -945 4518 239 -8426 0 0 0 0 1 171 -52 497 
-4797 -1434 -1037 4550 -147 -8208 0 0 0 0 1 169 -56 505 
-4881 -1441 -1073 4437 -789 -7996 0 0 0 0 1 158 -71 502 
-5306 -1730 -1251 4251 -985 -7981 0 0 0 0 1 147 -84 513 
-5526 -1793 -1345 4144 -683 -8070 0 0 0 0 1 138 -94 527 
-5578 -1835 -1439 4073 10 -8167 0 0 0 0 1 120 -105 523 
-5438 -1811 -1512 4045 369 -8052 0 0 0 0 1 113 -112 519 
-5085 -1736 -1555 4015 346 -7813 0 0 0 0 1 106 -107 523 
-4771 -1686 -1616 4000 270 -7191 0 0 0 0 1 92 -115 533 
-4509 -1633 -1772 4038 413 -6696 0 0 0 0 1 82 -110 537 
-4416 -1647 -1824 4157 1006 -6043 0 0 0 0 1 73 -107 544 
-4680 -1808 -1541 4154 851 -5610 0 0 0 0 1 80 -95 547 
-4627 -1775 -1291 3974 171 -5375 0 0 0 0 1 63 -93 544 
-4613 -1787 -1118 3449 -882 -5141 0 0 0 0 1 69 -104 550 
-4860 -1761 -1121 2838 -1205 -5042 0 0 0 0 1 62 -99 557 
-4940 -1737 -1244 2487 -784 -4984 0 0 0 0 1 34 -91 564 
-5025 -1688 -1442 2162 411 -4858 0 0 0 0 1 35 -90 572 
-4817 -1615 -1543 2072 1762 -4546 0 0 0 0 1 31 -79 557 
-4456 -1555 -1374 2059 2300 -4234 0 0 0 0 1 49 -90 565 
-4237 -1398 -1032 1906 1809 -3664 0 0 0 0 1 54 -83 551 
-4107 -1316 -828 1486 184 -3005 0 0 0 0 1 41 -72 562 
-4013 -1207 -708 1101 -876 -2543 0 0 0 0 1 40 -73 558 
-4008 -1117 -794 551 -1565 -1873 0 0 0 0 1 30 -85 561 
-4102 -1084 -1106 237 -1074 -1387 0 0 0 0 1 30 -68 568 
-4261 -1051 -1367 144 93 -1185 0 0 0 0 1 21 -78 563 
-4438 -996 -1397 132 873 -1220 0 0 0 0 1 34 -82 562 
-4544 -992 -1271 73 1370 -1382 0 0 0 0 1 40 -80 561 
-4316 -811 -1050 -68 1135 -1387 0 0 0 0 1 43 -82 557 
-4133 -676 -867 -467 292 -1130 0 0 0 0 1 42 -78 556 
-3980 -391 -764 -996 -537 -581 0 0 0 0 1 41 -82 559 
-3925 -231 -799 -1330 -834 -102 0 0 0 0 1 46 -94 557 
-4027 -195 -846 -1721 -906 605 0 0 0 0 1 38 -106 559 
-4302 -276 -1064 -1889 -1286 1183 0 0 0 0 1 31 -96 557 
-4678 -317 -1272 -1932 -1715 1473 0 0 0 0 1 12 -104 557 
-4923 -308 -1397 -1992 -2093 1786 0 0 0 0 1 25 -107 563 
-5414 -102 -1502 -2125 -1846 2030 0 0 0 0 1 18 -127 556 
-5597 21 -1551 -2244 -1428 2215 0 0 0 0 1 5 -128 559 
-5940 106 -1523 -2449 -902 2481 0 0 0 0 1 8 -133 557 
-6617 2 -1510 -2499 -1307 2992 0 0 0 0 1 16 -130 554 
-6688 -103 -2022 -2309 -1961 3715 0 0 0 0 1 8 -136 555 
-6927 -198 -2375 -1730 -2589 5246 0 0 0 0 1 16 -147 551 
-8367 -782 -3049 -1043 -2188 6810 0 0 0 0 1 17 -145 545 
-9580 -1164 -3260 -774 -1528 7637 0 0 0 0 1 11 -149 554 
-10613 -2294 -3534 -781 -448 8899 0 0 0 0 1 40 -139 556 
-10871 -3001 -3992 -1028 614 10417 0 0 0 0 1 38 -131 555 
-11633 -4347 -4387 -1216 1425 11478 0 0 0 0 1 55 -126 562 
-13207 -5786 -4282 -1611 3305 12749 0 0 0 0 1 90 -121 543 
-14248 -6788 -4057 -2235 5340 13894 0 0 0 0 1 108 -103 537 
-15453 -7847 -3368 -2978 6074 14684 0 0 0 0 1 161 -47 504 
-17407 -8430 -2010 -4608 6259 15332 0 0 0 0 1 179 -9 481 
-18592 -8706 -1140 -6375 6062 15640 0 0 0 0 1 187 28 464 
-19457 -9136 105 -7345 5915 16133 0 0 0 0 1 201 57 445 
-19471 -9076 540 -8444 5710 17324 0 0 0 0 1 197 94 436 
-19405 -8372 1389 -9155 4472 18440 0 0 0 0 1 184 132 435 
-18878 -9334 1989 -9052 3173 19011 0 0 0 0 1 116 195 457 
-18194 -10812 1098 -7342 1744 18575 0 0 0 0 1 82 228 458 
-16013 -12622 476 -5753 2398 16880 0 0 0 0 1 46 231 476 
-12586 -13452 944 -3897 3428 13414 0 0 0 0 1 14 235 481 
-7722 -13809 1913 -2462 3312 10028 0 0 0 0 1 -4 245 493 
-4111 -14393 2459 -1779 3298 7925 0 0 0 0 1 -18 240 495 
-2396 -14288 3123 -1412 2710 4888 0 0 0 0 1 -31 229 508 
-768 -12884 3655 -1286 1102 2158 0 0 0 0 1 -38 219 506 
88 -10871 3342 -1099 318 744 0 0 0 0 1 -42 220 502 
79 -9413 2944 -643 -195 -933 0 0 0 0 1 -42 218 516 
-350 -7414 2757 -374 -287 -1887 0 0 0 0 1 -35 215 514 
-668 -6152 2737 -120 -374 -3101 0 0 0 0 1 -24 217 518 
-1145 -4475 2562 -7 -394 -3722 0 0 0 0 1 -30 223 514 
-1299 -3555 2509 89 -225 -4332 0 0 0 0 1 -17 217 515 
-1515 -2469 2441 120 -43 -4714 0 0 0 0 1 -15 217 515 
-1764 -1804 2311 118 11 -4917 0 0 0 0 1 11 203 512 
-1747 -1512 2213 74 11 -5183 0 0 0 0 1 20 212 527 
-1810 -1150 2056 32 -112 -5382 0 0 0 0 1 27 202 524 
-1890 -942 1920 10 -545 -5673 0 0 0 0 1 49 203 523 
-1929 -815 1599 77 -847 -5798 0 0 0 0 1 57 187 506 
-2022 -701 1279 297 -1098 -5907 0 0 0 0 1 64 172 524 
-2091 -641 1146 611 -1127 -5948 0 0 0 0 1 80 174 519 
-2256 -499 1040 828 -921 -5977 0 0 0 0 1 96 154 528 
-2317 -456 984 1145 -306 -6051 0 0 0 0 1 109 145 527 
-2517 -411 907 1346 208 -6156 0 0 0 0 1 126 128 518 
-2603 -405 901 1590 880 -6375 0 0 0 0 1 139 122 514 
-2630 -530 970 1734 1141 -6627 0 0 0 0 1 152 118 504 
-2737 -595 1039 1735 952 -6824 0 0 0 0 1 152 96 508 
-2802 -641 937 1675 48 -7093 0 0 0 0 1 163 87 499 
-2759 -811 784 1625 -679 -7209 0 0 0 0 1 179 68 509 
-2765 -943 613 1661 -1525 -7230 0 0 0 0 1 184 66 514 
-2772 -1178 231 1799 -1712 -7135 0 0 0 0 1 176 12 500 
-2848 -1348 65 2157 -1270 -6953 0 0 0 0 1 171 1 506 
-3331 -1497 -285 2510 -704 -6965 0 0 0 0 1 167 -9 514 
-4099 -1456 -637 3216 271 -7368 0 0 0 0 1 163 -20 513 
-4220 -1466 -762 4005 1182 -7917 0 0 0 0 1 173 -23 511 
-4245 -1530 -775 4496 1504 -8230 0 0 0 0 1 172 -39 507 
-4359 -1603 -669 4977 1115 -8602 0 0 0 0 1 175 -52 501 
-4411 -1717 -670 5046 33 -8749 0 0 0 0 1 160 -76 507 
-4206 -2004 -777 4913 -678 -8685 0 0 0 0 1 147 -87 506 
-4324 -2331 -931 4705 -1094 -8514 0 0 0 0 1 136 -83 528 
-4488 -2582 -1389 4726 -281 -8352 0 0 0 0 1 117 -107 526 
-4924 -2628 -1777 4903 665 -8314 0 0 0 0 1 114 -99 527 
-4884 -2651 -1832 5246 1754 -8188 0 0 0 0 1 110 -110 533 
-4971 -2746 -1689 5410 1539 -7992 0 0 0 0 1 86 -106 534 
-4767 -2749 -1513 5310 851 -7783 0 0 0 0 1 87 -93 537 
-4498 -2737 -1408 4870 -152 -7308 0 0 0 0 1 80 -98 535 
-4565 -2785 -1495 4532 -488 -6956 0 0 0 0 1 73 -98 542 
-4597 -2738 -1669 4141 -208 -6394 0 0 0 0 1 77 -90 547 
-4763 -2756 -1779 3989 413 -5867 0 0 0 0 1 64 -99 557 
-4760 -2552 -1888 3921 642 -5355 0 0 0 0 1 60 -82 562 
-4600 -2359 -1698 3724 545 -4903 0 0 0 0 1 54 -73 561 
-4642 -2177 -1603 3367 469 -4637 0 0 0 0 1 53 -60 562 
-4912 -2133 -1329 2914 556 -4506 0 0 0 0 1 62 -55 559 
-4917 -2052 -1153 2580 458 -4351 0 0 0 0 1 54 -58 554 
-4777 -1916 -1099 2076 91 -3894 0 0 0 0 1 49 -53 565 
-4529 -1715 -1127 1763 -59 -3417 0 0 0 0 1 60 -50 552 
-4225 -1566 -1151 1367 84 -2491 0 0 0 0 1 62 -55 557 
-4142 -1440 -1157 1081 472 -1644 0 0 0 0 1 51 -53 549 
-4281 -1222 -1013 819 550 -1191 0 0 0 0 1 60 -42 562 
-4432 -1068 -886 657 181 -1050 0 0 0 0 1 67 -52 557 
-4424 -949 -848 398 -598 -894 0 0 0 0 1 58 -51 554 
-4319 -807 -855 228 -848 -752 0 0 0 0 1 54 -44 558 
-4241 -684 -953 3 -642 -472 0 0 0 0 1 51 -44 554 
-4195 -562 -1064 -177 -79 -176 0 0 0 0 1 55 -42 557 
-4238 -585 -1002 -303 249 4 0 0 0 0 1 48 -50 552 
-4331 -613 -975 -489 366 256 0 0 0 0 1 60 -45 559 
-4407 -656 -935 -692 95 521 0 0 0 0 1 62 -47 559 
-4498 -704 -866 -847 -199 739 0 0 0 0 1 55 -55 562 
-4524 -725 -852 -1109 -580 1136 0 0 0 0 1 53 -57 552 
-4589 -753 -883 -1302 -680 1425 0 0 0 0 1 55 -62 557 
-4661 -780 -935 -1587 -565 1815 0 0 0 0 1 42 -49 561 
-4775 -790 -985 -1847 -360 2123 0 0 0 0 1 43 -57 559 
-4826 -861 -1029 -2008 -316 2316 0 0 0 0 1 44 -73 563 
-4876 -877 -1048 -2225 -493 2643 0 0 0 0 1 43 -82 559 
-4897 -1034 -1034 -2346 -761 2941 0 0 0 0 1 44 -80 570 
-4890 -1148 -1071 -2489 -1234 3556 0 0 0 0 1 35 -88 561 
-4884 -1225 -1033 -2681 -1461 4298 0 0 0 0 1 42 -93 547 
-5051 -1297 -1106 -2790 -1497 4732 0 0 0 0 1 44 -83 561 
-5392 -1272 -1162 -2867 -1425 5033 0 0 0 0 1 36 -96 559 
-6038 -1511 -1312 -2693 -1279 4947 0 0 0 0 1 31 -104 562 
-6424 -1869 -1867 -2349 -1158 4836 0 0 0 0 1 37 -98 558 
-6438 -2107 -2230 -1576 -687 4845 0 0 0 0 1 44 -112 563 
-6338 -2700 -2704 -999 -249 5051 0 0 0 0 1 50 -106 559 
-6586 -3157 -2726 -399 570 5532 0 0 0 0 1 50 -106 562 
-6977 -3593 -2690 -208 1114 6025 0 0 0 0 1 54 -95 561 
-7680 -4770 -2735 -317 1038 6452 0 0 0 0 1 80 -78 554 
-8821 -6208 -2705 -528 814 6681 0 0 0 0 1 82 -73 558 
-9884 -7623 -2937 -1119 912 7463 0 0 0 0 1 100 -65 548 
-10365 -8707 -2443 -2623 3023 9373 0 0 0 0 1 104 -55 562 
-11200 -9102 -2324 -5085 5103 11946 0 0 0 0 1 125 -53 535 
-11905 -9843 -2091 -6708 5571 13906 0 0 0 0 1 167 -19 512 
-12897 -10211 -1872 -8634 5024 16624 0 0 0 0 1 187 8 494 
-15126 -10332 -1010 -9593 3950 18051 0 0 0 0 1 186 36 472 
-17285 -9762 -616 -10625 2857 19467 0 0 0 0 1 179 66 488 
-17969 -9716 -228 -11334 3113 20438 0 0 0 0 1 162 100 495 
-18573 -8967 731 -11605 2631 20753 0 0 0 0 1 148 122 493 
-18573 -9250 740 -10633 454 20462 0 0 0 0 1 117 137 509 
-18187 -9812 -378 -8737 -835 19194 0 0 0 0 1 80 157 514 
-15583 -11782 -1663 -4721 -572 16429 0 0 0 0 1 3 158 545 
-12411 -13627 -1181 -1543 2417 14294 0 0 0 0 1 -10 175 557 
-8089 -14336 1221 -579 3778 12892 0 0 0 0 1 -35 169 551 
-6030 -14118 2537 -179 2917 10076 0 0 0 0 1 -30 161 544 
-3644 -13109 3164 -156 1196 6852 0 0 0 0 1 -54 171 558 
-2125 -12188 3584 -217 446 4826 0 0 0 0 1 -62 165 557 
-1433 -11426 3378 -123 -43 2387 0 0 0 0 1 -67 165 557 
-832 -9712 2850 90 -49 1138 0 0 0 0 1 -73 166 558 
-732 -8583 2648 503 35 -392 0 0 0 0 1 -75 161 549 
-772 -7181 2456 824 126 -1702 0 0 0 0 1 -67 163 552 
-981 -6049 2610 867 191 -2499 0 0 0 0 1 -55 165 550 
-1030 -5375 2733 689 135 -3495 0 0 0 0 1 -56 169 544 
-906 -4553 2764 483 -25 -3980 0 0 0 0 1 -53 177 552 
-797 -4067 2655 165 -217 -4503 0 0 0 0 1 -28 179 549 
-820 -3429 2485 -74 -287 -4962 0 0 0 0 1 -23 179 558 
-973 -2795 2079 -123 -332 -5305 0 0 0 0 1 -10 168 555 
-1253 -2351 1767 21 -333 -5975 0 0 0 0 1 -4 174 554 
-1570 -1657 1149 414 -258 -6651 0 0 0 0 1 16 149 554 
-1646 -1414 943 805 -166 -6978 0 0 0 0 1 18 179 561 
-1759 -1209 750 1486 25 -7244 0 0 0 0 1 24 163 552 
-1983 -973 542 1945 235 -7305 0 0 0 0 1 49 152 554 
-2113 -887 541 2541 627 -7326 0 0 0 0 1 76 148 538 
-2486 -742 471 2887 821 -7387 0 0 0 0 1 90 148 524 
-2701 -660 437 3322 1043 -7562 0 0 0 0 1 108 134 528 
-2818 -594 452 3519 1106 -7686 0 0 0 0 1 121 141 508 
-2902 -591 413 3665 819 -7887 0 0 0 0 1 136 127 507 
-3107 -707 281 3621 170 -8186 0 0 0 0 1 140 114 501 
-3219 -701 129 3521 -230 -8390 0 0 0 0 1 153 112 488 
-3327 -918 -265 3463 -532 -8547 0 0 0 0 1 165 98 507 
-3556 -1071 -734 3576 -313 -8572 0 0 0 0 1 178 50 499 
-3616 -1087 -1038 4016 555 -8491 0 0 0 0 1 193 39 484 
-3493 -1150 -1162 4368 1135 -8354 0 0 0 0 1 188 24 484 
-3575 -1247 -1195 4820 1196 -8169 0 0 0 0 1 199 15 471 
-3749 -1533 -1081 4978 291 -8118 0 0 0 0 1 199 -3 476 
-3794 -1731 -1055 4898 -417 -8149 0 0 0 0 1 200 -14 477 
-3913 -1891 -1133 4640 -1021 -8297 0 0 0 0 1 186 -39 479 
-4161 -1867 -1715 4515 -665 -8452 0 0 0 0 1 173 -67 485 
-4385 -1976 -1828 4571 0 -8531 0 0 0 0 1 174 -76 493 
-4631 -2025 -1845 4766 762 -8609 0 0 0 0 1 158 -85 493 
-4693 -2036 -1776 4876 810 -8577 0 0 0 0 1 153 -98 488 
-4768 -2050 -1674 4916 170 -8322 0 0 0 0 1 145 -111 497 
-4321 -2105 -1578 4824 -544 -7642 0 0 0 0 1 128 -116 508 
-4193 -2261 -1499 4739 -596 -7122 0 0 0 0 1 143 -117 514 
-4377 -2339 -1530 4684 -58 -6511 0 0 0 0 1 106 -120 521 
-4673 -2417 -1540 4700 443 -6263 0 0 0 0 1 95 -121 527 
-4840 -2441 -1400 4646 747 -6064 0 0 0 0 1 83 -121 524 
-4670 -2375 -1190 4380 473 -5890 0 0 0 0 1 84 -117 540 
-4562 -2308 -953 3901 220 -5696 0 0 0 0 1 81 -114 543 
-4218 -2299 -874 3552 318 -5474 0 0 0 0 1 82 -105 535 
-4166 -2392 -801 3069 725 -5088 0 0 0 0 1 76 -106 550 
-4238 -2544 -759 2793 612 -4823 0 0 0 0 1 62 -99 545 
-4032 -2540 -476 2288 -707 -4311 0 0 0 0 1 63 -100 547 
-4088 -2514 -461 1708 -2491 -3833 0 0 0 0 1 61 -103 551 
-4143 -2322 -752 1405 -3073 -3553 0 0 0 0 1 35 -85 568 
-4327 -2174 -1144 1234 -2539 -3220 0 0 0 0 1 34 -94 562 
-4348 -2020 -1236 1329 -872 -2976 0 0 0 0 1 23 -83 554 
-4249 -1896 -1136 1489 744 -2763 0 0 0 0 1 20 -87 562 
-4283 -1753 -785 1525 1321 -2682 0 0 0 0 1 15 -77 562 
-4147 -1615 -586 1420 1305 -2528 0 0 0 0 1 17 -79 557 
-3926 -1363 -311 1244 913 -2358 0 0 0 0 1 17 -82 562 
-3826 -1270 -258 937 276 -1966 0 0 0 0 1 25 -80 565 
-3703 -1116 -402 730 81 -1445 0 0 0 0 1 27 -82 562 
-3815 -983 -600 671 367 -1084 0 0 0 0 1 24 -69 573 
-3918 -985 -594 620 1214 -605 0 0 0 0 1 35 -68 565 
-4132 -845 -500 541 1906 -279 0 0 0 0 1 46 -69 559 
-4213 -780 -402 442 1754 2 0 0 0 0 1 34 -82 559 
-4222 -640 -378 337 1118 219 0 0 0 0 1 46 -72 557 
-4310 -543 -408 90 -39 605 0 0 0 0 1 47 -71 563 
-4543 -511 -540 -103 -545 905 0 0 0 0 1 37 -66 563 
-4688 -550 -695 -342 -433 1419 0 0 0 0 1 48 -67 557 
-4865 -745 -954 -465 423 1992 0 0 0 0 1 48 -72 562 
-5088 -894 -1106 -544 912 2344 0 0 0 0 1 36 -72 559 
-5249 -1016 -1145 -717 931 2788 0 0 0 0 1 54 -73 561 
-5395 -1202 -1139 -919 575 3055 0 0 0 0 1 62 -77 550 
-5390 -1256 -1087 -1388 -133 3445 0 0 0 0 1 47 -63 561 
-5404 -1332 -1161 -1902 -791 3886 0 0 0 0 1 51 -68 568 
-5484 -1333 -1525 -2153 -954 4221 0 0 0 0 1 47 -66 563 
-5521 -1420 -1712 -2370 -619 4811 0 0 0 0 1 53 -67 555 
-5788 -1579 -2107 -2340 -169 5297 0 0 0 0 1 60 -79 557 
-6307 -1794 -2609 -2246 103 5478 0 0 0 0 1 58 -71 568 
-6502 -1977 -2768 -2220 247 5653 0 0 0 0 1 61 -78 558 
-6888 -2065 -3046 -2337 79 5747 0 0 0 0 1 64 -60 557 
-7094 -2147 -3145 -2697 -56 5989 0 0 0 0 1 73 -83 556 
-7699 -2607 -3819 -2821 85 6522 0 0 0 0 1 84 -73 549 
-8798 -3391 -4595 -2724 979 6924 0 0 0 0 1 83 -74 548 
-9749 -4002 -4873 -2683 2603 7553 0 0 0 0 1 108 -73 558 
-12004 -5496 -4491 -3266 4029 8359 0 0 0 0 1 121 -72 541 
-12648 -6445 -4121 -4134 4874 9337 0 0 0 0 1 159 -47 518 
-13631 -7548 -3902 -5889 5281 11694 0 0 0 0 1 174 -31 509 
-14629 -8299 -3634 -7618 4811 14454 0 0 0 0 1 198 -26 479 
-16695 -8753 -2950 -8714 4010 15852 0 0 0 0 1 185 6 471 
-18178 -8885 -2383 -9964 3362 17088 0 0 0 0 1 197 42 459 
-19153 -9148 -1777 -10353 2663 18069 0 0 0 0 1 180 79 464 
-19824 -8824 -979 -10199 2127 18280 0 0 0 0 1 160 137 481 
-19879 -8708 -1133 -9130 1217 18220 0 0 0 0 1 134 164 481 
-18816 -9914 -959 -7426 1286 17906 0 0 0 0 1 90 177 497 
-17182 -10859 -1097 -6217 1239 17408 0 0 0 0 1 61 186 507 
-15118 -11639 -586 -4908 1510 16249 0 0 0 0 1 18 210 523 
-11316 -12219 562 -4490 1673 15091 0 0 0 0 1 -12 185 534 
-8754 -12142 1105 -3956 1169 12742 0 0 0 0 1 -33 196 542 
-5788 -12035 952 -2857 299 9782 0 0 0 0 1 -42 181 549 
-3964 -11599 968 -2020 301 7621 0 0 0 0 1 -75 161 556 
-2995 -10917 1167 -979 735 4702 0 0 0 0 1 -96 161 563 
-1509 -8780 1395 -177 647 2866 0 0 0 0 1 -101 157 556 
-1100 -7591 1431 238 565 2239 0 0 0 0 1 -104 150 564 
-1059 -6670 1658 527 613 1651 0 0 0 0 1 -104 160 566 
-1292 -5391 2043 497 545 1263 0 0 0 0 1 -99 144 563 
-1291 -4706 2158 310 379 692 0 0 0 0 1 -101 159 556 
-961 -3982 2168 186 334 365 0 0 0 0 1 -109 145 569 
-736 -3568 1979 138 275 -97 0 0 0 0 1 -103 152 565 
-411 -3111 1709 211 305 -551 0 0 0 0 1 -102 141 557 
-31 -2727 1514 314 360 -794 0 0 0 0 1 -97 150 564 
239 -2526 1498 497 383 -1048 0 0 0 0 1 -90 148 555 
498 -2192 1607 659 348 -1251 0 0 0 0 1 -99 157 561 
532 -1891 1656 745 372 -1436 0 0 0 0 1 -88 153 566 
534 -1496 1694 840 433 -1755 0 0 0 0 1 -90 168 559 
536 -1132 1698 868 479 -1979 0 0 0 0 1 -70 176 556 
463 -858 1699 843 558 -2341 0 0 0 0 1 -76 165 564 
370 -474 1655 788 664 -2574 0 0 0 0 1 -58 166 551 
237 -179 1724 639 907 -2897 0 0 0 0 1 -63 176 544 
180 44 1925 393 921 -3112 0 0 0 0 1 -43 170 555 
224 183 1978 110 504 -3134 0 0 0 0 1 -31 182 548 
175 468 2043 -86 133 -3085 0 0 0 0 1 -28 176 549 
175 587 1984 -224 -236 -2966 0 0 0 0 1 -18 183 547 
147 644 1773 -288 -663 -2705 0 0 0 0 1 -14 166 568 
-21 654 1634 -192 -778 -2550 0 0 0 0 1 -12 177 557 
-356 697 1412 -73 -722 -2543 0 0 0 0 1 -12 163 559 
-394 773 1214 162 -480 -2603 0 0 0 0 1 -12 168 545 
-415 939 1021 315 -205 -2673 0 0 0 0 1 1 175 550 
-431 959 1006 475 303 -2778 0 0 0 0 1 4 164 556 
-343 913 1156 498 672 -2826 0 0 0 0 1 24 165 550 
-356 875 1283 437 1138 -2931 0 0 0 0 1 25 161 554 
-441 799 1422 289 1191 -3055 0 0 0 0 1 31 158 541 
-411 788 1392 184 904 -3110 0 0 0 0 1 47 157 540 
-307 820 1211 93 205 -3124 0 0 0 0 1 57 153 541 
-275 819 852 116 -258 -3105 0 0 0 0 1 53 160 559 
-257 820 609 274 -637 -3069 0 0 0 0 1 62 153 545 
-232 923 397 428 -579 -3055 0 0 0 0 1 66 139 544 
-302 949 371 666 -172 -3095 0 0 0 0 1 73 142 542 
-587 890 481 849 378 -3224 0 0 0 0 1 82 132 537 
-584 874 530 942 761 -3315 0 0 0 0 1 99 142 530 
-593 831 595 1059 1247 -3456 0 0 0 0 1 102 126 531 
-682 827 491 1172 1460 -3570 0 0 0 0 1 104 123 527 
-772 839 362 1406 1723 -3778 0 0 0 0 1 115 122 519 
-679 1143 277 1575 1998 -3910 0 0 0 0 1 119 123 518 
-678 1248 290 1826 2409 -4073 0 0 0 0 1 126 111 515 
-685 1208 287 2076 2615 -4164 0 0 0 0 1 166 104 497 
-753 1166 383 2204 2665 -4214 0 0 0 0 1 172 105 493 
-847 1078 451 2332 2559 -4299 0 0 0 0 1 179 88 474 
-996 896 551 2367 2365 -4360 0 0 0 0 1 180 82 469 
